Roscoff                   	
 4840.001 -339.008
  1 -2 -3 -1 -1  0  0  0  1  1  1  1  1 *  1 -1 -2 -1  0  0  0  0  1  1  1  1  1	
  0  0 -1  0  0  0  0  0  0  0  1  0  0 *  0  0  0  0  0  0  0  0  0  0  1  0  0	
 4840.691 -338.483
 -1  2  4  2  1  1  0  0 -1 -1 -1 -2 -1 *  2 -3 -6 -2 -1 -1  0  1  2  2  2  2  2	
  0  1  1  1  1  0  0  0  0  0 -1  0  0 *  0 -1 -1 -1 -1  0  0  0  1  1  1  0  1	
 4840.691 -336.383
  0  0  2 -1  0  0 -1 -1 -1 -1  1  0  0 *  0  0  0 -3 -2 -1  0  1  2  3  2  0  0	
  0  0  0  0  0  0  0  0  0  0  0  0  1 *  0  0 -1  0 -1 -1  0  0  1  1  1  1  1	
 4840.691 -335.332
  0  0  0  0  0  0  0 -1 -1 -2  0  0  0 *  0  0  1 -5 -1 -1  0  1  2  5  0  0  0	
  0  0  1  1  0  0  0  0 -1 -1  0  0  0 *  0 -1 -1 -2 -1  0  0  0  2  2  1  0  0	
 4841.381 -337.958
  0  1  0 -1 -2 -2 -1 -1 -1  0  1  0  0 *  1 -1 -4 -3 -1  0  0  1  2  2  2  3  2	
  0  0  0  0  0  0  0  0  0  0  0  0  0 *  0 -1 -1 -1 -1  0  0  0  1  1  1  1  0	
 4841.381 -336.908
  1  2  3  2  1  0 -1 -1 -2 -3 -1 -1  0 *  1 -1 -3 -3 -2 -1  0  0  2  3  3  3  2	
  0  1  0  1  1  0  0  0 -1 -1 -1 -1  0 *  0 -1 -1 -1 -1 -1  0  0  1  1  1  1  0	
 4841.381 -335.858
  0  1  2  2  1  0  0 -1 -1 -2 -2 -1 -1 *  0 -1 -2 -3 -2 -1  0  0  1  3  2  1  1	
  0  1  1  1  1  0  0  0 -1 -1 -1 -1  0 *  0  0 -1 -1 -1 -1  0  0  1  1  1  1  0	
 4842.071 -342.683
 -1  1  2  2  1  0 -1 -2 -3 -3 -3 -2 -1 *  1 -1 -2 -2 -1  0  1  3  4  4  3  2  1	
 -1  0  1  1  1  1  0 -1 -1 -2 -2 -2 -1 *  1  0 -1 -2 -1  0  0  1  2  2  2  2  1	
 4842.071 -341.633
 -1  2  4  4  3  2  0 -2 -4 -5 -4 -3 -1 *  0 -1 -2 -2 -2 -1 -1  0  1  2  1  1  0	
 -1  0  1  2  2  2  1  0 -1 -2 -2 -2 -2 *  0  0 -1 -1 -1 -1 -1  0  0  1  1  1  0	
 4842.071 -340.583
  1  2  3  3  3  2  0 -2 -3 -3 -2 -1  0 *  1  0  0  0  0  0  0  0  0  0  0  1  1	
  0  1  1  2  2  1  1  0 -1 -1 -1 -1 -1 *  0  0  0  0  0  0  0  0  0  0  0  0  0	
 4842.071 -339.533
  0  0  1  3  2  1 -1 -3 -4 -4 -3 -1  0 *  0 -1 -3 -2 -1  0  0  0  1  2  2  2  1	
  0  1  1  2  1  1  0 -1 -2 -2 -1 -1  0 *  0 -1 -1 -1 -1  0  0  0  1  1  1  1  0	
 4842.071 -338.483
  2  2  1  1  1  1  0 -2 -4 -2 -1  1  1 *  0 -2 -2 -1  1  2  1  1  2  2  2  1  0	
  1  1  2  2  1  1  0 -1 -2 -2 -1  0  0 *  0 -1 -1 -1  0  0  1  1  1  1  1  1  0	
 4842.071 -337.433
  0  1  2  2  2  1  0 -1 -2 -3 -2 -2 -1 *  1 -1 -3 -4 -3 -2 -1  0  2  3  3  2  1	
  0  0  1  1  1  1  0  0 -1 -1 -1 -1  0 *  0 -1 -1 -1 -1 -1  0  0  1  1  1  1  0	
 4842.071 -336.383
  0  1  2  2  1  1  0 -1 -2 -2 -2 -1  0 *  1 -1 -3 -2 -2 -1 -1  0  1  2  2  2  1	
  0  1  1  1  1  1  0  0 -1 -1 -1 -1  0 *  0 -1 -1 -1 -1  0  0  0  1  1  1  1  0	
 4842.071 -335.333
  0  1  2  1  1  0  0  0 -1 -1 -1 -1 -1 *  1 -1 -2 -2 -1 -1  0  0  1  2  2  2  1	
  0  0  0  1  0  0  0  0  0  0  0  0  0 *  0 -1 -1 -1 -1  0  0  0  1  1  1  1  0	
 4842.761 -343.208
 -4  1  6  8  7  5  2 -2 -7 -9 -9 -8 -5 *  2 -1 -3 -3 -2 -1  0  2  4  4  4  4  2	
 -2  0  3  5  5  4  2  0 -3 -4 -5 -5 -4 *  1  0 -1 -2 -2 -1  0  0  1  2  2  2  2	
 4842.761 -342.158
 -3  1  4  6  6  4  2 -1 -4 -7 -6 -5 -4 *  0 -1 -3 -3 -2 -1  0  1  2  3  2  2  1	
 -2  0  2  3  4  3  2  1 -1 -3 -3 -3 -3 *  0  0 -1 -1 -1 -1 -1  0  0  1  1  1  1	
 4842.761 -341.108
 -2  1  4  5  4  3  1 -2 -4 -6 -5 -4 -3 * -1 -2 -1 -1 -1  0  0  1  1  0  0 -1 -1	
 -1  0  1  2  3  2  1  0 -1 -2 -3 -3 -2 * -1 -1 -1  0  0  0  0  0  0  0  0  0 -1	
 4842.761 -340.058
 -2  1  4  5  5  3  1 -1 -4 -6 -6 -5 -3 *  0  0  0  0  0  0  0  0  0  0  0  0  0	
 -1  0  1  2  3  2  1  0 -1 -2 -3 -3 -2 * -1 -1  0  0  0  0  0  0  0  0  0  0  0	
 4842.761 -339.008
 -2  2  6  7  6  4  2 -1 -4 -6 -6 -5 -3 *  1  0 -1  0  0  0  0  0  1  1  1  1  1	
 -1  1  2  3  3  2  1  0 -1 -3 -3 -3 -2 *  0  0  0  0  0  0  0  0  1  1  0  0  0	
 4842.761 -337.958
 -1  1  4  5  4  3  2  0 -2 -4 -4 -3 -2 *  0 -1 -2 -2 -1  0  0  0  1  2  2  2  1	
  0  1  1  2  2  2  1  0 -1 -2 -2 -2 -1 *  0 -1 -1 -1  0  0  0  0  1  1  1  1  0	
 4842.761 -336.908
 -1  1  3  3  3  2  1  0 -2 -3 -3 -2 -1 *  0 -1 -2 -2 -1  0  0  0  0  1  1  1  1	
  0  1  1  1  1  1  1  0 -1 -1 -1 -1 -1 *  0 -1 -1 -1  0  0  0  0  0  0  0  0  0	
 4842.761 -335.858
  0  1  2  2  1  1  0  0 -1 -1 -1 -1  0 *  0 -1 -2 -1 -1  0  0  0  0  1  1  1  1	
  0  0  1  1  1  0  0  0  0 -1 -1 -1  0 *  0 -1  0  0  0  0  0  0  0  0  0  0  0	
 4843.451 -343.733
 -6  0  8 12 12  9  5  0 -7-11-12-11 -8 *  1  0 -2 -2 -2 -1  0  0  2  3  3  3  2	
 -3  0  3  6  7  6  4  1 -3 -5 -6 -6 -5 *  1  0  0 -1 -1 -1 -1  0  0  1  1  1  1	
 4843.451 -342.683
 -4  0  5  8  9  7  4  1 -4 -8 -8 -7 -5 *  0 -1 -2 -3 -2 -1  0  1  2  3  3  2  1	
 -2  0  2  4  5  4  3  1 -1 -3 -4 -4 -3 *  0  0 -1 -1 -1 -1  0  0  0  1  1  1  0	
 4843.451 -341.633
 -3  0  4  7  7  6  4  1 -3 -6 -7 -6 -4 *  0 -1 -2 -2 -1  0  0  1  1  2  1  1  0	
 -2  0  2  3  4  3  2  1 -1 -3 -3 -3 -3 *  0 -1 -1 -1  0  0  0  0  0  1  0  0  0	
 4843.451 -340.583
 -3  1  4  6  6  5  3  0 -3 -6 -6 -5 -3 * -1 -1 -1 -1  0  0  0  0  0  0  0  0 -1	
 -1  0  2  3  3  3  2  1 -1 -2 -3 -3 -2 * -1 -1 -1  0  0  0  0  0  0  0  0  0 -1	
 4843.451 -339.533
 -2  1  4  6  6  5  3  0 -3 -5 -6 -5 -3 *  0 -1 -1 -1  0  0  0  0  0  0  0  0  0	
 -1  0  2  3  3  2  2  0 -1 -2 -3 -3 -2 * -1 -1  0  0  0  0  0  0  0  0  0  0 -1	
 4843.451 -338.483
 -2  1  4  5  5  4  2  0 -2 -5 -5 -4 -2 *  0 -1 -1  0  0  1  1  0  0  0  0  0  0	
 -1  0  2  2  2  2  1  0 -1 -2 -2 -2 -1 * -1 -1  0  0  0  1  1  0  0  0  0  0 -1	
 4843.451 -337.433
 -1  1  3  4  4  3  2  0 -2 -3 -3 -3 -1 *  0 -1 -1  0  0  1  1  0  0  0  0  0  0	
  0  1  1  2  2  1  1  0 -1 -1 -2 -2 -1 * -1 -1  0  0  0  1  1  0  0  0  0  0  0	
 4843.451 -336.383
  0  2  3  3  3  2  1  0 -2 -2 -2 -1  0 *  0  0 -1  0  1  1  1  0  0  0 -1  0  0	
  0  0  1  1  1  1  0  0 -1 -1 -1 -1  0 * -1 -1  0  0  0  1  1  0  0  0  0 -1 -1	
 4843.451 -335.333
  0  0  1  1  1  0  0 -1 -2 -2 -1  0  0 *  0  0  0  1  1  1  1 -1 -2 -1  0  0  0	
  0 -1  1  0  0  0  0  0 -1 -1  0  0  0 *  0  0  0  1  1  1  1  0  0 -1 -1  0  0	
 4844.141 -343.208
 -7  0  7 12 13 11  8  3 -4 -9-12-11 -8 *  0 -1 -2 -2 -1  0  0  1  1  2  2  1  0	
 -3 -1  2  5  6  6  5  2 -1 -4 -6 -6 -5 *  0 -1 -1 -1  0  0  0  0  0  0  1  0  0	
 4844.141 -342.158
 -4  0  5  9 10  9  6  3 -2 -7 -8 -8 -5 * -1 -1 -2 -1  0  1  1  1  1  1  1  0 -1	
 -2  0  2  4  5  4  3  2 -1 -3 -4 -4 -3 * -1 -1 -1  0  0  0  0  0  0  0  0  0 -1	
 4844.141 -341.108
 -3  1  5  7  8  7  5  2 -2 -5 -6 -6 -4 * -1 -2 -2 -1  0  1  1  1  1  0  0 -1 -1	
 -1  0  2  3  4  3  2  1 -1 -2 -3 -3 -2 * -1 -1 -1  0  0  1  1  1  1  0  0 -1 -1	
 4844.141 -340.058
 -3  1  5  7  7  6  4  2 -2 -5 -6 -5 -3 * -1 -1 -1  0  1  1  1  0  0  0  0 -1 -1	
 -1  0  2  3  3  3  2  1 -1 -2 -3 -3 -2 * -1 -1  0  0  1  1  1  1  1  0  0 -1 -1	
 4844.141 -339.008
 -2  1  4  6  6  5  3  1 -2 -5 -5 -5 -3 * -1 -2 -1  0  1  1  1  0  0  0 -1 -1 -1	
 -1  0  2  3  3  2  2  1 -1 -2 -3 -3 -2 * -1 -1  0  0  1  1  1  1  0  0 -1 -1 -1	
 4844.141 -337.958
 -1  2  4  5  5  4  2  1 -2 -4 -4 -3 -2 * -1 -1 -1  1  2  2  2  1  0  0 -1 -1 -1	
  0  1  2  2  2  2  1  0 -1 -2 -2 -2 -1 * -1 -1  0  0  1  1  1  1  0  0 -1 -1 -1	
 4844.141 -336.908
 -1  1  3  4  3  3  1  0 -2 -3 -4 -3 -2 * -1 -1  0  1  2  2  2  1  0 -1 -1 -1 -1	
  0  1  2  2  2  1  1  0 -1 -1 -2 -1 -1 * -1  0  0  0  1  1  1  1  0  0 -1 -1 -1	
 4844.141 -335.858
 -1  1  3  4  3  2  1  0 -2 -3 -4 -3 -2 *  0  0  1  2  2  2  1  1  0 -1 -2 -1 -1	
  0  0  1  1  1  1  1  0 -1 -1 -2 -1 -1 *  0  0  0  1  1  1  1  0  0 -1 -1 -1 -1	
 4844.141 -334.808
  0  2  4  4  3  1  0 -1 -2 -3 -3 -2 -1 *  0  0 -1  0  1  1  1  1  0  0  0  0  0	
  0  1  1  1  1  1  0  0 -1 -1 -1 -1  0 *  0  0  0  0  0  0  0  0  0  0  0  0  0	
 4844.141 -333.758
 -1  2  3  3  1  1  0 -1 -2 -3 -3 -3 -1 *  1 -1 -1 -2 -1 -1 -1 -1  0  1  2  1  1	
  0  0  1  1  1  0  0  0 -1 -1 -1 -1 -1 *  0  0  0  0  0  0  0  0  0  0  0  1  0	
 4844.831 -343.733
 -7 -1  6 11 14 13 10  4 -3 -9-11-11 -8 * -2 -3 -2 -1  1  1  1  1  1  0  0 -1 -2	
 -4 -1  2  5  6  6  5  3 -1 -4 -6 -6 -5 * -1 -1 -1  0  1  1  1  0  0  0  0 -1 -1	
 4844.831 -342.683
 -5  0  6 10 11 11  8  4 -2 -7 -9 -9 -6 * -2 -2 -3 -2  0  1  1  1  1  1  0  0 -1	
 -2  0  2  4  5  5  4  2 -1 -3 -4 -5 -4 * -1 -1 -1  0  0  1  1  0  0  0  0  0 -1	
 4844.831 -341.633
 -3  1  5  8  8  8  6  3 -2 -5 -7 -6 -4 * -2 -2 -2 -1  1  2  2  1  1  0 -1 -1 -2	
 -1  0  2  3  4  4  3  1 -1 -2 -3 -3 -2 * -2 -1 -1  0  1  1  1  1  1  0  0 -1 -1	
 4844.831 -340.583
 -2  2  6  8  8  7  5  2 -2 -5 -6 -6 -3 * -1 -2 -2  0  1  2  2  1  1  0  0 -1 -1	
 -1  1  2  3  4  3  2  1 -1 -2 -3 -3 -2 * -1 -1  0  0  1  1  1  1  1  0  0 -1 -1	
 4844.831 -339.533
 -2  2  6  8  8  7  5  2 -2 -5 -6 -6 -3 * -2 -1  0  1  3  3  3  1  0 -1 -2 -2 -2	
 -1  0  2  3  4  3  2  1 -1 -2 -3 -3 -2 * -1 -1  0  1  2  2  2  1  0  0 -1 -1 -2	
 4844.831 -338.483
 -1  1  4  6  5  4  3  1 -2 -4 -4 -4 -2 * -2 -2  0  2  3  4  3  2  0 -1 -3 -3 -3	
 -1  0  1  2  2  2  1  0 -1 -2 -2 -2 -1 * -2 -1  0  1  2  2  2  1  0 -1 -1 -2 -2	
 4844.831 -337.433
  0  2  3  4  3  2  1  0 -2 -3 -2 -2  0 * -1  0  0  2  3  4  3  2  0 -1 -2 -2 -1	
  0  1  1  1  1  1  0  0 -1 -1 -1 -1  0 * -2 -1  0  1  2  2  2  1  0 -1 -1 -2 -2	
 4844.831 -336.383
  0  1  2  4  3  2  1  0 -2 -3 -3 -1 -1 *  0  0  1  2  3  3  3  1  0 -2 -2 -1  0	
  1  1  2  2  2  1  1  0 -1 -1 -1 -1  0 *  0  1  1  1  2  2  1  1  0 -1 -1 -1 -1	
 4844.831 -335.333
  0  1  3  3  2  1  0  0 -1 -2 -2 -2 -1 *  0  0  1  2  2  2  2  1  0 -1 -1 -1 -1	
  0  1  1  1  1  0  0  0 -1 -1 -1  0  0 *  0  0  0  1  1  1  1  0  0 -1 -1 -1 -1	
 4844.831 -334.283
 -1  1  2  3  2  1  1  0 -1 -2 -2 -2 -1 *  0  0  0  1  1  1  0  0  0  0  0  0  0	
  0  0  1  1  1  1  0  0  0 -1 -1 -1  0 *  0  0  0  0  0  0  0  0  0  0  0  0  0	
 4844.831 -333.233
  0  0  1  1  0  0  0  0  0 -1 -1 -1  0 *  0  0 -1 -1  0  0  0  0  0  0  0  0  0	
  0  0  0  0  0  0  0  0  0  0  0  0  0 *  0  0  0  0  0  0  0  0  0  0  0  0  0	
 4845.521 -343.208
 -6 -1  5 10 12 12  9  4 -2 -7-10-10 -7 * -4 -5 -3  0  3  3  3  2  1  0 -2 -3 -4	
 -3 -1  2  4  6  6  5  3  0 -3 -5 -5 -5 * -3 -2 -1  0  1  2  2  1  0  0 -1 -2 -2	
 4845.521 -342.158
 -3  1  6  9 10 10  7  4 -2 -6 -8 -7 -4 * -4 -5 -4 -1  2  4  3  2  1  0 -1 -3 -4	
 -2  0  2  4  5  5  4  2  0 -3 -4 -4 -3 * -3 -3 -2  0  1  2  2  2  1  0 -1 -2 -2	
 4845.521 -341.108
 -1  2  6  7  8  7  5  2 -2 -5 -6 -5 -2 * -3 -3 -3 -1  2  4  4  2  2  0 -1 -2 -2	
 -1  0  2  3  4  3  2  1 -1 -2 -3 -3 -2 * -2 -2 -1  0  1  2  2  2  1  0 -1 -1 -2	
 4845.521 -340.058
 -1  3  7  8  8  7  5  2 -2 -6 -7 -5 -2 * -2 -2 -1  0  3  4  4  2  1 -1 -2 -2 -2	
 -1  1  2  4  4  3  2  1 -1 -3 -4 -3 -2 * -2 -1  0  1  2  2  2  2  1  0 -1 -2 -2	
 4845.521 -339.008
 -1  2  5  7  7  6  5  2 -2 -5 -6 -5 -2 * -2 -1  1  3  5  5  4  2  0 -2 -4 -4 -3	
 -1  1  2  3  4  3  2  1 -1 -2 -3 -3 -2 * -2 -1  1  2  3  3  3  2  1 -1 -2 -3 -2	
 4845.521 -337.958
 -1  1  3  5  5  4  3  1 -1 -4 -4 -3 -2 * -4 -2  2  5  7  7  6  3  0 -3 -5 -6 -4	
 -1  0  1  2  2  2  1  1 -1 -2 -2 -2 -2 * -3 -2  0  2  3  4  3  2  1 -1 -3 -4 -4	
 4845.521 -336.908
  0  2  3  3  1  0  0 -1 -2 -3 -1 -1  0 *  1  1  1  3  6  6  5  2  0 -2 -2  0  0	
  1  1  1  1  0  0  0 -1 -1 -1 -1  0  0 * -1  0  1  2  3  3  2  1  0 -1 -2 -2 -1	
 4845.521 -335.858
  0  2  3  3  1 -1 -1 -1 -2 -2 -1 -1  0 *  0  0  1  3  3  4  4  2  0 -1 -2 -1  0	
  1  1  1  1  0  0 -1 -1 -1 -1  0  0  0 *  0  1  1  1  2  2  2  1  0 -1 -1 -1  0	
 4846.211 -343.733
 -8 -2  4 10 13 13 10  5 -2 -8-11-11 -9 * -4 -4 -2  0  3  4  3  1  0 -1 -2 -3 -4	
 -4 -1  2  5  6  6  5  3  0 -3 -5 -6 -5 * -2 -2 -1  0  2  2  2  1  0 -1 -1 -2 -2	
 4846.211 -342.683
 -5 -1  5  9 11 10  8  4 -2 -6 -9 -9 -6 * -5 -4 -2  1  4  5  4  2  1 -1 -3 -4 -5	
 -3 -1  2  4  5  5  4  2  0 -3 -4 -5 -4 * -3 -2 -1  1  2  3  2  2  1  0 -2 -2 -3	
 4846.211 -341.633
 -4  0  4  8  9  8  6  3 -1 -6 -7 -7 -5 * -5 -4 -2  1  5  6  5  4  2 -1 -3 -5 -5	
 -3 -1  1  3  4  4  3  2  0 -2 -4 -4 -3 * -3 -3 -1  1  2  3  3  2  1  0 -2 -3 -3	
 4846.211 -340.583
 -2  2  6  9 10  9  6  3 -2 -7 -7 -6 -3 * -4 -3 -2  2  5  7  7  4  2 -1 -3 -4 -4	
 -2  0  2  4  5  4  3  1 -1 -3 -4 -4 -3 * -3 -2  0  1  3  4  4  3  2  0 -2 -3 -3	
 4846.211 -339.533
 -2  2  6  8  9  8  6  3 -2 -6 -7 -5 -3 * -5 -2  1  3  6  8  7  4  1 -3 -5 -6 -5	
 -2  0  2  4  4  4  3  1 -1 -3 -4 -4 -3 * -4 -2  0  2  4  4  4  3  1 -1 -3 -4 -4	
 4846.211 -338.483
  0  2  4  5  6  5  4  2 -2 -4 -4 -2  0 * -4 -1  2  6  9 10  8  5  1 -4 -7 -7 -5	
  0  1  2  3  3  3  2  1  0 -2 -2 -2 -1 * -4 -2  1  3  5  6  5  3  1 -2 -4 -5 -4	
 4846.211 -337.433
  0  1  3  3  3  2  1  0 -2 -2 -1 -1 -1 * -4 -1  3  8 11 11  9  5  1 -4 -8 -8 -5	
  0  1  1  2  2  1  1  0 -1 -1 -1  0  0 * -5 -3  0  3  5  6  5  3  1 -2 -5 -6 -6	
 4846.211 -336.383
 -1  0  1  2  1  0  0 -1 -1 -4 -3 -2 -1 *  1  2  4  6  9  9  7  3 -3 -5 -3 -1  1	
  0  0  0  0  0  0  0  0 -1 -2 -2 -2 -1 *  0  2  3  4  5  5  4  2 -1 -3 -4 -3 -1	
 4846.901 -343.208
 -8 -4  3  9 12 11  8  4 -2 -8-11-11 -9 * -6 -5 -2  2  5  5  4  2  0 -2 -4 -5 -6	
 -4 -2  1  4  6  6  5  2  0 -3 -5 -6 -5 * -3 -2 -1  1  3  3  3  2  0 -1 -2 -3 -3	
 4846.901 -342.158
 -7 -3  3  9 12 11  8  4 -2 -8-10-11 -9 * -7 -6 -3  2  6  7  6  3  1 -2 -4 -6 -7	
 -4 -2  1  4  6  6  5  3  0 -3 -5 -6 -5 * -4 -3 -1  1  3  4  3  2  1  0 -2 -3 -4	
 4846.901 -341.108
 -6 -1  4  8 11 10  8  4 -1 -6 -9 -9 -7 * -7 -5 -1  3  7  8  7  4  1 -3 -6 -7 -7	
 -4 -2  1  3  5  5  4  2  0 -3 -4 -5 -5 * -4 -3 -1  2  4  5  4  3  1 -1 -3 -4 -4	
 4846.901 -340.058
 -3  2  7 10 11 11  8  4 -2 -8 -9 -8 -4 * -4 -2  0  4  7  9  8  5  1 -2 -5 -6 -5	
 -3  0  2  4  6  5  4  2 -1 -3 -5 -5 -4 * -3 -2  0  2  4  5  4  3  1 -1 -3 -4 -4	
 4846.901 -339.008
 -1  3  7  8  9  8  6  3 -2 -6 -7 -5 -2 * -6 -3  2  5  9 10  9  5  0 -4 -8 -9 -7	
 -1  1  3  4  5  5  4  2  0 -3 -4 -4 -3 * -5 -3  0  3  5  5  5  3  1 -2 -4 -6 -6	
 4846.901 -337.958
  1  2  3  3  3  3  2  1 -1 -3 -1  1  1 * -5 -1  3  9 13 13 11  6  1 -5-10 -9 -6	
  1  1  2  1  2  2  1  1  0 -1 -1  0  1 * -5 -3  1  4  7  7  6  4  2 -2 -5 -7 -6	
 4846.901 -336.908
  0  2  7  8  8  6  3  1 -4 -5 -6 -3  0 *  0  1  3  5  6  7  5  2 -2 -4 -2  0  0	
  2  3  4  4  4  4  3  1 -1 -2 -3 -2  0 *  1  1  2  3  3  3  2  1 -1 -2 -2 -1  0	
 4846.901 -335.858
  0  0  0  3  5  5  3  1 -2 -5 -1  0  0 *  0  0  0  7 12 12  9  4 -3 -5  0  0  0	
  0  0  1  2  3  2  2  1 -1 -3 -1  0  0 *  0  0  0  4  6  6  5  2 -2 -3 -1  0  0	
 4847.591 -343.733
-11 -5  2 10 13 13 10  5 -2 -9-12-13-12 * -7 -6 -2  2  4  5  4  2  0 -3 -5 -6 -7	
 -5 -2  1  5  7  7  5  3  0 -4 -6 -7 -6 * -3 -2 -1  1  3  3  2  1  0 -2 -3 -3 -4	
 4847.591 -342.683
 -9 -5  2  9 13 12  9  4 -2 -8-11-12-10 * -8 -7 -3  3  7  7  6  3  0 -3 -6 -8 -8	
 -5 -2  1  4  6  6  5  3  0 -3 -5 -6 -6 * -4 -3 -1  2  3  4  3  2  1 -1 -3 -4 -4	
 4847.591 -341.633
 -8 -4  2  9 12 12  9  4 -2 -7-11-11 -9 * -8 -6 -3  3  7  8  7  4  1 -2 -6 -8 -8	
 -4 -2  1  4  6  6  5  3  0 -3 -5 -6 -5 * -4 -3 -1  1  4  4  4  3  1 -1 -3 -4 -4	
 4847.591 -340.583
 -7 -2  3  9 12 12  9  4 -2 -7-10-10 -8 * -8 -6 -2  4  8 10  8  5  1 -3 -7 -9 -9	
 -4 -2  1  4  5  6  5  3  0 -3 -5 -6 -5 * -5 -3 -1  2  4  5  5  3  1 -1 -3 -5 -5	
 4847.591 -339.533
 -6  0  7 12 15 15 11  6 -2 -9-12-11 -7 * -7 -4  1  6 10 12 10  6  1 -5 -9-11 -8	
 -4 -1  2  5  7  7  6  4  0 -4 -6 -7 -6 * -5 -3  0  3  5  6  5  3  1 -2 -4 -6 -6	
 4847.591 -338.483
 -1  3  6  9  9  9  7  3 -2 -6 -6 -5 -2 * -8 -4  2  8 12 12 10  6  0 -6-13-13 -9	
 -1  1  3  4  5  4  4  2  0 -3 -4 -3 -2 * -7 -4  0  3  6  6  5  3  0 -3 -6 -8 -8	
 4847.591 -337.433
  1  3  4  5  4  3  2  1 -2 -1  2  1  1 *  4  5  7 11 16 17 14  8 -2 -7 -2  2  3	
  2  2  2  2  2  2  1  0 -1 -2  1  2  2 *  0  2  4  6  8  9  8  5  1 -4 -5 -2  0	
 4847.591 -336.383
  0  2  2  2  0 -1 -2 -3 -2  0  0  0  0 *  0  0 -1 -1  1  5  4  2 -2 -1  0  1  0	
  0  0  1  0  0 -1 -1 -1 -1  0  0  0  0 *  0  0  0  0  1  2  2  1  0  0 -1  0  0	
 4847.591 -335.333
 -1  2  3  4  3  2  1  0 -2 -4 -4 -3 -2 *  3  4  8 14 14 13  9  3 -7-14 -8 -1  2	
  0  1  1  2  2  1  1  0 -1 -2 -2 -1 -1 * -1  4  7  8  8  7  5  2 -3-10 -9 -6 -3	
 4848.281 -343.208
-11 -6  1  9 12 12  9  4 -2 -8-12-13-12 * -5 -5 -2  1  3  3  3  1  0 -2 -3 -4 -5	
 -5 -2  1  4  6  6  5  3  0 -3 -5 -6 -6 * -3 -2 -1  1  2  2  2  1  0 -1 -2 -2 -3	
 4848.281 -342.158
-11 -6  1  9 13 13 10  5 -2 -8-12-14-12 * -7 -6 -3  2  6  6  5  3  0 -2 -5 -7 -7	
 -5 -3  1  4  6  7  5  3  0 -3 -6 -7 -6 * -3 -3 -1  1  3  4  3  2  1 -1 -2 -3 -4	
 4848.281 -341.108
-12 -7  1  9 13 14 11  5 -2 -8-13-14-13 * -9 -6 -2  3  8  9  7  4  1 -3 -6 -9 -9	
 -6 -3  1  4  6  7  6  3  0 -3 -6 -7 -7 * -4 -3 -1  2  4  5  4  3  1 -1 -3 -4 -4	
 4848.281 -340.058
-10 -5  2  9 14 14 11  6 -1 -8-12-13-11 *-10 -7 -2  5 10 11  9  5  1 -4 -9-11-10	
 -5 -2  1  4  6  7  6  3  0 -3 -6 -7 -6 * -6 -4 -1  2  5  6  5  4  1 -1 -4 -5 -6	
 4848.281 -339.008
 -8 -2  4 11 14 14 11  6 -2 -9-13-12 -9 *-10 -7 -1  6 11 13 11  6  1 -5-12-13-11	
 -5 -2  2  5  7  7  6  3  0 -4 -6 -7 -6 * -7 -5 -1  3  5  6  6  4  1 -2 -5 -7 -8	
 4848.281 -337.958
 -3  0  4  7  9  9  7  3 -2 -8 -9 -7 -4 * -6 -2  4 11 15 16 13  7  1 -8-14-12 -7	
 -3 -1  2  3  4  4  3  2 -1 -3 -5 -5 -4 * -6 -4  0  4  8  8  7  5  1 -3 -8 -9 -8	
 4848.281 -336.908
  1  1  2  6 10 12 10  4 -5 -9  2  1  1 *  2  9 16 19 22 21 16  7 -6 -2  1  1  1	
  0  0  2  4  5  6  4  2 -1 -4  0  1  0 *  1  6 10 11 12 12  9  4 -3  1  0  1  1	
 4848.281 -335.858
  0  0 -2 -2  0  1  1  0 -4 -2 -1  0  0 *  0 -1  2 -2 -3 -2 -2 -2 -3 -3 -1  0  0	
  1  0 -1 -1  1  1  1  0 -2 -2 -1  0  1 * -1 -1  0 -1 -2 -1 -1 -1 -1 -2 -2 -2 -1	
 4848.281 -333.758
 -8  9  6  3  0 -1 -1 -2 -3 -4 -5 -6 -8 * 15-20-14 -5  0  2  2  4  7  8  9 12 15	
  0  2  2  1  0 -1 -1 -1 -2 -2 -2 -2 -1 *  0 -3 -3 -2  0  1  2  3  4  5  4  4  2	
 4848.281 -332.708
  0  0  0 -1 -2 -1 -1  0 -1 -1 -1 -1 -1 *  1 -1  2  0  0  0  0 -1 -1  0  1  1  1	
  0  0  0  0  0 -1 -1 -1 -1 -1 -1  0  0 *  0  0  0  0  0  0  0  0  0  0  0  0  0	
 4848.971 -343.733
-11 -6  2  9 14 14 11  6 -2 -9-13-14-12 * -1 -2 -1  0  1  2  2  1  1  0 -1 -1 -1	
 -5 -2  2  5  6  7  5  3  0 -4 -6 -7 -6 * -1 -1  0  1  1  1  1  1  0  0 -1 -1 -1	
 4848.971 -342.683
-13 -7  1 10 14 14 11  5 -2 -9-13-15-14 * -4 -4 -2  2  3  4  3  2  0 -1 -3 -3 -4	
 -5 -3  1  5  7  7  5  3 -1 -4 -6 -7 -7 * -2 -1  0  1  2  2  2  1  0 -1 -2 -2 -2	
 4848.971 -341.633
-15 -9  0 10 15 15 12  6 -2-10-14-17-16 * -6 -5 -2  2  5  6  5  3  0 -2 -4 -6 -7	
 -6 -3  1  5  7  8  6  3  0 -4 -7 -8 -8 * -3 -2  0  1  3  3  3  2  1 -1 -2 -3 -3	
 4848.971 -340.583
-16-10  0 10 16 16 13  6 -2-10-15-18-17 *-10 -7 -2  4  8  9  7  4  0 -4 -7-10-10	
 -7 -4  0  5  7  8  7  4  0 -4 -7 -9 -8 * -5 -3 -1  2  4  5  4  3  1 -1 -3 -4 -5	
 4848.971 -339.533
-15 -9  0 10 16 17 14  7 -1-10-15-18-16 *-10 -7 -2  4  9 10  8  5  1 -4 -8-11-11	
 -7 -4  1  5  8  9  7  4  0 -4 -7 -9 -8 * -5 -4 -1  2  4  5  5  3  1 -1 -4 -5 -6	
 4848.971 -338.483
-10 -5  3 10 14 15 12  6 -2 -9-13-14-11 * -9 -6 -1  6 10 12 10  6  1 -4-10-12-10	
 -5 -2  2  5  7  7  6  3  0 -4 -6 -8 -7 * -6 -4 -1  2  5  6  5  3  1 -2 -4 -6 -7	
 4848.971 -337.433
 -6  0  8 13 17 16 13  6 -2-11-14-11 -7 * -5  0  6 12 17 17 14  8  2 -8-12-10 -6	
 -4 -1  3  7  8  9  7  4  0 -5 -8 -8 -6 * -5 -2  2  5  8  9  8  6  2 -2 -6 -8 -6	
 4848.971 -336.383
 -1  4 11 15 16 15 11  5 -6-10 -7 -3 -1 *  2  3  4  8 11 13 11  7  1 -5 -4 -1  1	
  1  3  6  8  8  8  6  2 -3 -6 -5 -3 -1 *  0  1  2  4  6  6  6  4  1 -3 -4 -3 -2	
 4848.971 -335.333
 -4  1 10 17 17 15 11  3 -7-13-11 -9 -6 * -2  0  2  1  3  3  3  1 -4 -5 -4 -2 -2	
 -2  2  6  9 10  9  6  2 -3 -7 -8 -6 -4 * -1  0  2  2  2  2  1  0 -2 -3 -3 -2 -1	
 4848.971 -334.283
 -4  3 12 16 15 12  7  0 -9-12-10 -7 -5 *  0  1  3  5  4  4  2  0 -4 -5 -3 -1 -1	
 -1  4  8  9  9  7  4  0 -5 -7 -7 -5 -3 *  0  1  3  4  3  2  1  0 -2 -3 -3 -3 -1	
 4848.971 -333.233
 -2  2  5  6  7  5  2 -1 -3 -2 -3 -4 -3 *  0 -1 -1  0  1  2  1 -2 -3  0  0  1  1	
  0  2  3  3  3  2  0 -1 -2 -1 -1 -1 -1 *  0  0  0  0  0  1  0 -1 -2 -1  0  0  0	
 4849.661 -343.208
-14 -8  1 11 16 17 14  8 -1 -9-15-16-15 * -3 -2 -1  2  4  4  4  2  1 -1 -2 -3 -3	
 -6 -3  1  5  8  8  7  4  0 -4 -7 -8 -7 * -2 -1  0  1  2  2  2  1  0 -1 -1 -2 -2	
 4849.661 -342.158
-15 -9  0 10 16 16 13  7 -1 -9-14-17-16 * -4 -4 -1  2  4  5  4  2  1 -2 -3 -4 -4	
 -6 -3  1  5  7  8  6  4  0 -4 -7 -8 -8 * -2 -1  0  1  2  3  2  1  0 -1 -2 -2 -2	
 4849.661 -341.108
-17-10  0 11 17 17 14  7 -2-10-16-19-18 * -6 -5 -2  3  6  6  5  3  0 -3 -5 -6 -7	
 -7 -4  1  5  8  9  7  4  0 -4 -7 -9 -9 * -3 -2  0  2  3  4  3  2  1 -1 -2 -3 -3	
 4849.661 -340.058
-19-11  0 11 18 19 15  8 -1-10-17-20-20 *-10 -7 -3  4  8  9  7  4  0 -4 -7-10-10	
 -8 -5  0  5  8  9  8  4  0 -4 -8-10-10 * -5 -4 -1  2  4  5  4  3  1 -1 -3 -5 -5	
 4849.661 -339.008
-19-11 -1 11 18 19 15  8 -1-10-17-20-20 *-12 -8 -3  4 10 11  9  5  1 -4 -9-13-12	
 -8 -5  0  5  8  9  8  5  1 -4 -7-10-10 * -6 -4 -1  2  4  6  5  3  1 -2 -4 -6 -6	
 4849.661 -337.958
-17-10  0 11 18 19 15  8  0 -9-17-19-18 *-12 -8 -2  7 12 14 12  7  1 -5-12-14-13	
 -8 -5  0  5  8  9  8  5  1 -4 -7-10 -9 * -7 -5 -1  3  6  7  6  4  1 -2 -5 -7 -8	
 4849.661 -336.908
-14 -7  3 13 18 19 15  8  0-10-16-17-15 * -9 -5  0  8 13 14 12  7  2 -6-12-12-10	
 -7 -4  1  6  9  9  8  5  1 -3 -7 -9 -9 * -6 -4  0  3  6  7  6  5  2 -2 -5 -7 -7	
 4849.661 -335.858
 -6  1  9 16 20 20 16  9 -2-12-14-11 -7 *  0  3  9 13 16 16 13  8 -1 -9 -8 -4 -1	
 -5  0  5  8 10 10  8  5  0 -5 -8 -8 -6 * -1  2  5  7  8  9  7  4  0 -4 -6 -5 -3	
 4849.661 -334.808
 -7  0  9 15 18 18 14  6 -5-15-15-13 -9 * -3  0  5  9 11 11  9  4 -3 -9 -9 -6 -4	
 -5 -1  6  9 10  9  7  3 -2 -7-10 -9 -7 * -2  1  4  5  6  6  4  2 -2 -6 -7 -6 -4	
 4849.661 -333.758
  0  1  4 13 16 15 11  3 -9-15-12 -4 -1 *  1  2  6 15 15 14 10  2 -7 -9 -6  0  0	
 -3  2  5  8  9  8  6  1 -4 -9 -9 -7 -5 *  0  3  7  9 10  8  5  1 -4 -6 -5 -3 -1	
 4849.661 -332.708
  0  0 -2  2  9 11  7 -2-12-14-11 -4  0 *  0  0 -1 11 18 16 10  1 -7 -7 -5  0  0	
 -2  3  2  1  4  5  3 -1 -8 -9 -8 -6 -4 * -1  2  5  8 10  9  5  0 -4 -5 -4 -3 -2	
 4849.661 -331.658
  0  0  6  3  2  2  1 -1 -2 -1 -2 -4  1 *  2  1 -2 -1  0  0 -1 -3 -1  0  0  3  2	
  0  1  1  1  1  1  0  0 -1 -1 -1 -1  0 *  0  0  0  0  0  0 -1 -1 -1  0  0  0  0	
 4849.662 -322.207
  1  0  0  2  8 10  8  4 -3 -6 -4 -1  0 *  1 -1 -1  2  7  8  7  4  1 -2 -2  1  1	
 -1  1  3  4  5  5  4  2 -1 -4 -4 -2 -1 * -1  0  1  2  4  4  3  2  1 -1 -2 -1 -1	
 4850.351 -343.733
-15 -9  1 12 18 18 15  9  0 -9-15-17-16 * -3 -2  0  3  4  5  4  3  1 -1 -3 -3 -3	
 -6 -3  1  5  8  9  7  4  1 -4 -7 -8 -8 * -1 -1  0  2  2  2  2  2  1  0 -1 -2 -2	
 4850.351 -342.683
-16 -9  1 11 17 18 15  9  0 -9-15-18-17 * -4 -3 -1  3  5  5  5  3  1 -1 -3 -3 -4	
 -7 -4  0  5  8  9  7  4  0 -4 -7 -9 -8 * -2 -1  0  2  3  3  2  2  1 -1 -2 -2 -2	
 4850.351 -341.633
-18-11  0 11 18 19 16  9  0-10-16-20-19 * -6 -5 -2  3  6  6  5  3  1 -2 -4 -5 -6	
 -8 -5  0  5  8  9  8  5  0 -4 -8 -9 -9 * -2 -2  0  2  3  3  3  2  1 -1 -2 -3 -3	
 4850.351 -340.583
-20-12 -1 12 19 21 17 10  0-10-18-22-21 * -7 -6 -2  3  6  7  6  3  0 -3 -5 -7 -7	
 -9 -5  0  5  9 10  8  5  0 -4 -8-10-10 * -3 -2  0  2  3  4  3  2  0 -1 -3 -3 -3	
 4850.351 -339.533
-19-12 -1 11 19 20 16  9  0-10-17-21-21 * -9 -7 -3  3  8  9  7  4  0 -4 -7-10-10	
 -9 -6 -1  5  9 10  8  5  1 -4 -8-10-10 * -5 -3 -1  2  4  4  4  2  1 -2 -3 -4 -5	
 4850.351 -338.483
-20-12 -1 11 20 21 17 10  0-10-18-23-22 *-12 -9 -3  5 10 12 10  5  1 -5-10-13-13	
-10 -6 -1  4  9 10  9  6  1 -4 -8-11-11 * -6 -4 -1  2  5  6  5  3  1 -2 -4 -6 -7	
 4850.351 -337.433
-20-12 -1 11 20 22 18 10  1-10-18-23-22 *-12 -8 -2  6 12 14 12  7  1 -5-11-14-13	
-10 -7 -1  4  9 11  9  6  1 -4 -8-11-11 * -7 -4 -1  2  5  7  6  4  1 -2 -5 -7 -7	
 4850.351 -336.383
-22-13 -1 13 23 24 20 12  1-12-22-26-24 *-11 -6  0  8 14 16 14  8  2 -6-12-13-12	
-11 -7 -2  5 10 12 10  7  2 -4-10-13-13 * -6 -3  0  3  7  8  7  5  2 -2 -6 -8 -7	
 4850.351 -335.333
-19-10  4 18 25 25 21 11 -1-16-23-25-21 * -8 -4  4 11 16 17 14  8  1 -7-11-11-10	
-11 -6  1  8 12 13 11  7  1 -6-11-13-12 * -5 -2  2  5  8  9  7  5  2 -3 -6 -7 -6	
 4850.351 -334.283
-20 -9  8 21 25 24 19  9 -6-21-26-27-23 * -9 -4  5 13 16 16 13  7 -1-10-13-12-10	
-12 -6  2 11 14 13 10  5 -1 -9-14-15-14 * -5 -2  3  7  8  8  7  4  0 -5 -7 -8 -6	
 4850.351 -333.233
-12 -4 10 15 16 14  9  1-10-19-19-18-14 * -5 -2  3  8 10 10  8  4 -3 -8 -9 -8 -6	
 -8 -3  4  9 10  8  5  1 -5-10-12-12-10 * -4 -2  2  5  6  5  4  2 -1 -4 -5 -5 -5	
 4850.351 -332.183
 -1  1  9 12 13 12  7  0 -7 -6 -5 -3 -2 *  2  2  3  3  5  6  4  2 -2  0  2  3  2	
 -1  1  5  8  8  6  4  0 -4 -4 -4 -4 -2 *  1  1  2  3  3  3  2  1 -1 -1  0  1  1	
 4850.351 -331.133
  3  5 11 17 17 13  7 -3 -3 -2 -1  0  2 *  0  1  0 -1 -1 -1 -1 -2 -5 -4 -2 -1  0	
  3  5  8 11 11  8  4 -2 -3 -2 -1  0  1 *  0  0  0 -1 -1 -1 -1 -1 -3 -3 -2 -1  0	
 4850.351 -329.033
 -6  1 11 15  9  2 -4 -9 -6 -5-11-11 -7 *  1  0 -1 -2 -4 -4 -2 -2  0  2  2  1  1	
 -3  2  6 10  8  4 -1 -5 -6 -4 -4 -6 -5 *  1  0  0 -1 -2 -2 -2 -1 -1  1  1  1  1	
 4850.352 -322.733
 -4  0  4  4  1  1  1 -2 -6 -9 -9 -7 -5 * -1 -1 -1  1  4  4  2  1  0 -1 -1 -1 -1	
 -3  0  3  4  2  1  0 -2 -4 -6 -6 -5 -4 * -1  0  0  1  2  2  2  1  1 -1 -1 -1 -1	
 4850.352 -321.683
 -3  0  4  7  4  2  1 -1 -6 -8 -7 -5 -3 *  0 -1 -1 -1  0  4  5  4  0 -2 -2  0  0	
 -2  0  3  4  4  2  0 -2 -3 -5 -5 -4 -3 * -1  0  0  1  1  1  2  1  0 -1 -2 -1 -1	
 4851.041 -343.208
-15 -7  4 13 18 18 15  9  0 -9-15-18-16 * -2 -2  0  4  5  5  4  3  1 -1 -3 -2 -2	
 -7 -4  1  5  8  9  7  4  0 -4 -7 -9 -8 * -1  0  1  2  3  3  2  2  1  0 -1 -2 -1	
 4851.041 -342.158
-16 -7  4 13 19 20 16  9  0 -9-16-19-18 * -3 -2  0  3  5  5  5  3  1 -1 -3 -3 -3	
 -8 -4  0  5  8  9  8  5  1 -4 -7 -9 -9 * -1  0  1  2  3  3  3  2  1 -1 -2 -2 -2	
 4851.041 -341.108
-19-11  2 14 20 21 18 10  0-10-17-22-21 * -4 -3 -1  2  5  5  4  3  1 -2 -3 -4 -4	
 -9 -5  0  5  9 10  9  5  1 -4 -8-10-11 * -2 -1  0  1  2  3  2  2  0 -1 -2 -2 -2	
 4851.041 -340.058
-21-13  0 14 21 22 18 11  0-10-19-24-23 * -7 -5 -2  2  5  6  5  3  0 -3 -4 -6 -7	
-10 -6 -1  5  9 10  9  6  1 -4 -8-11-12 * -3 -2 -1  1  3  3  3  2  0 -1 -2 -3 -3	
 4851.041 -339.008
-22-14 -2 13 22 23 19 11  1-10-20-25-23 * -9 -7 -2  3  7  8  7  4  0 -4 -6 -9 -9	
-11 -7 -1  5 10 11 10  6  1 -4 -9-12-12 * -4 -3 -1  2  3  4  3  2  0 -2 -3 -4 -5	
 4851.041 -337.958
-21-13 -2 12 22 24 20 12  1-10-19-25-23 *-11 -8 -3  5 10 11  9  5  0 -4 -9-12-12	
-11 -7 -1  5 10 11 10  6  1 -4 -9-12-12 * -6 -4 -1  2  5  5  5  3  1 -2 -4 -6 -6	
 4851.041 -336.908
-20-12  0 12 22 24 20 12  2-10-20-25-22 *-12 -8 -2  6 12 14 11  7  1 -4-11-13-13	
-11 -7 -1  5 10 12 10  7  2 -4 -9-12-12 * -6 -4 -1  2  6  7  6  4  1 -2 -5 -7 -7	
 4851.041 -335.858
-21-11  2 14 24 26 22 13  2-12-22-27-23 *-10 -6  0  6 13 15 13  8  2 -4-10-12-11	
-12 -7 -1  5 10 13 11  7  2 -4-10-13-13 * -5 -3  0  3  6  7  6  5  2 -1 -4 -6 -6	
 4851.041 -334.808
-20-11  3 16 24 26 22 13  1-13-22-27-22 * -8 -4  0  6 11 13 11  8  3 -3 -8 -9 -8	
-11 -6  0  6 11 13 11  7  2 -5-10-13-13 * -4 -2  0  3  5  6  6  4  2 -1 -4 -5 -4	
 4851.041 -333.758
-21-11  4 18 26 27 21 11 -1-16-24-27-23 * -3 -1  0  3  6  8  7  5  3 -2 -3 -3 -3	
-11 -6  1  7 12 13 11  7  1 -6-11-13-13 * -2 -1  0  2  3  3  3  3  2  0 -2 -2 -2	
 4851.041 -332.708
-23-13  3 21 28 28 21 10 -3-18-28-30-25 * -1 -1  0  1  3  4  4  3  1 -2 -2 -2 -2	
-12 -6  1  9 13 14 11  7  0 -7-12-15-15 * -1 -1  0  1  2  2  2  1  0 -1 -1 -1 -1	
 4851.041 -331.658
-26-14  3 25 32 30 22 10 -6-21-32-33-28 * -3 -2  1  2  3  4  3  2 -1 -3 -3 -4 -3	
-14 -7  2 11 16 16 12  6 -1 -9-15-18-17 * -2 -1  0  1  2  2  1  1  0 -1 -2 -2 -2	
 4851.041 -330.608
-22-12  4 24 32 29 20  8 -6-20-29-29-25 * -2 -2 -1  0  0  0  1  1  0  0 -1 -1 -2	
-12 -5  2 10 16 16 12  6 -1 -8-13-16-15 * -1 -1 -1  0  0  0  0  0  0 -1  0 -1 -1	
 4851.041 -329.558
-19 -9  5 23 33 30 22 11 -3-17-26-25-21 * -1 -2 -3 -3 -4 -4 -2 -1 -1  2  2  0 -1	
-10 -4  3 10 16 16 13  7  1 -6-12-14-13 *  0 -1 -2 -1 -2 -2 -2 -1 -1  0  1  1  0	
 4851.041 -328.508
-16 -8  5 20 31 29 22 11 -1-14-22-22-18 * -3 -3 -3 -1 -2 -3 -2 -1  1  1 -1 -3 -3	
 -8 -3  3  9 14 15 12  7  2 -4-10-12-11 * -2 -2 -2 -1 -1 -1 -1 -1  0  1  0  0 -2	
 4851.041 -327.458
-14 -7  4 16 27 28 22 12  2-12-19-19-16 * -4 -3 -2  0  2  1  0  0  0 -1 -4 -5 -4	
 -8 -3  3  8 12 13 12  8  3 -3 -9-11-10 * -3 -3 -2  0  1  1  1  0  0  0 -1 -3 -3	
 4851.041 -326.408
-11 -4  6 16 23 24 19 11  0-13-18-16-12 * -3 -1  2  4  7  6  3  1 -1 -4 -6 -5 -4	
 -7 -2  4  8 11 12 10  7  2 -4 -9-10 -9 * -2  0  1  2  3  4  3  2  0 -1 -3 -4 -3	
 4851.042 -325.358
 -9 -1 11 19 24 24 18  9 -4-18-18-14-11 *  1  2  4  6  8  7  4  2  0 -2  1  1  1	
 -4  3  8 11 12 12 10  6  0 -8-12-11 -7 *  2  3  4  3  4  4  3  2  1 -1 -2  0  2	
 4851.042 -324.308
-14 -4 15 27 31 30 22  9-10-22-23-21-16 *  1  2  2  4  7  8  6  4  3  3  4  3  2	
 -7  0 10 16 17 16 12  5 -4-12-15-14-10 *  2  2  2  2  3  3  4  3  2  2  2  2  2	
 4851.042 -323.258
 -9 -3  8 19 21 19 13  3-10-15-15-14-11 *  1 -1 -2 -1  4  6  5  4  2  3  2  2  1	
 -5 -1  5 11 13 11  8  2 -4 -8 -9 -9 -7 *  0  0  0 -1  1  2  3  3  2  2  2  1  1	
 4851.042 -322.208
 -4 -1  4 10 11  7  2 -3 -8 -9 -8 -6 -5 * -2 -2 -1  0  1  3  2  0  0 -2 -3 -2 -2	
 -3 -1  2  6  7  6  3  0 -3 -5 -6 -5 -4 * -2 -1  0  1  1  1  1  1  0 -1 -2 -2 -2	
 4851.731 -343.733
 -7  0  8 15 17 18 15  8  0 -9-14-14 -9 * -1 -1  1  3  4  5  5  3  2  0 -2 -2 -1	
 -5 -1  3  6  8  8  7  4  0 -4 -7 -8 -7 * -1  0  1  2  3  3  2  2  1  0 -1 -2 -1	
 4851.731 -342.683
 -8 -1  8 16 19 19 15  9  0 -9-14-14-10 * -2 -2  0  3  4  4  4  3  1 -1 -2 -1 -1	
 -5 -1  3  6  9  9  7  4  0 -4 -7 -8 -7 *  0  0  1  2  2  2  2  1  1  0 -1 -1 -1	
 4851.731 -341.633
 -7  0  8 16 20 20 17 10  0 -9-15-14 -9 * -2 -2 -1  2  5  5  5  3  1 -1 -1 -1 -2	
 -5 -1  4  7  9 10  8  5  1 -4 -7 -8 -7 *  0  0  1  2  3  3  2  2  1 -1 -1 -1  0	
 4851.731 -340.583
 -8  1 11 19 23 23 19 11  0-11-18-16-10 * -1 -1  0  0  2  3  3  2  0 -1 -1 -1 -1	
 -5  0  5  9 11 11  9  6  1 -5 -9-10 -8 * -1  0  0  1  1  2  1  1  0 -1 -1  0 -1	
 4851.731 -339.533
-14 -2 11 20 25 25 20 12  1-14-21-22-16 * -3  0  3  4  6  7  6  3  0 -5 -6 -6 -4	
 -8 -3  4  9 12 12 10  6  1 -5-11-13-11 * -2 -1  1  2  3  3  3  2  0 -2 -3 -3 -3	
 4851.731 -338.483
-23-14  5 21 28 28 23 13  1-12-22-26-25 *-10 -8  0  7  9  9  7  4  0 -3 -8-11-11	
-12 -7  0  8 13 14 12  7  2 -4-10-14-13 * -5 -4 -1  3  4  4  4  2  0 -2 -3 -5 -5	
 4851.731 -337.433
-22-14 -1 16 26 28 23 14  3-10-20-25-23 *-14-11 -5  8 13 13 10  6  1 -4-10-13-14	
-11 -6  0  6 11 13 11  8  2 -4 -9-12-13 * -6 -4 -1  3  6  7  6  4  1 -2 -5 -7 -7	
 4851.731 -336.383
-20-11  0 12 24 26 22 14  3-10-20-24-21 *-14-10 -4  6 13 15 12  8  2 -4-10-13-14	
-11 -6  0  6 10 12 11  7  2 -4 -9-12-12 * -6 -4 -1  3  6  7  6  4  2 -2 -5 -7 -7	
 4851.731 -335.333
-16 -7  3 13 23 26 21 13  2-10-20-22-17 *-10 -6 -2  4 12 14 12  8  3 -3 -9-11-11	
-10 -5  1  6 10 12 11  7  2 -3 -8-12-12 * -5 -4 -1  2  5  7  6  4  2 -1 -4 -6 -6	
 4851.731 -334.283
-14 -6  6 16 23 25 21 13  2-10-20-22-16 * -6 -3  0  3  9 12 10  7  4 -2 -6 -8 -6	
 -9 -4  2  7 10 12 11  7  2 -4 -9-12-12 * -4 -3 -1  2  4  5  5  4  2  0 -3 -4 -4	
 4851.731 -333.233
-16 -7  6 17 23 25 21 12  1-12-21-22-17 * -3 -1  1  3  7 10  9  7  3 -2 -3 -6 -4	
 -9 -3  3  8 11 12 10  7  2 -4 -9-12-11 * -3 -2  0  1  3  4  4  4  2  0 -2 -2 -3	
 4851.731 -332.183
-24-12  6 24 29 30 24 13 -1-17-30-30-26 * -1  0  2  1  2  5  5  4  2 -1 -1 -2 -1	
-12 -5  4 11 14 15 12  8  1 -7-13-17-15 * -1 -1  0  0  1  2  2  2  1  0 -1 -1 -2	
 4851.731 -331.133
-22-12  4 21 27 25 20 10 -2-17-28-28-25 *  2  0 -1 -4 -6 -3 -2  0  1  2  3  3  2	
-11 -5  3 11 14 13 10  6  0 -7-13-16-14 *  0  0 -1 -2 -3 -2 -1 -1  0  1  2  2  1	
 4851.731 -330.083
-22-10  9 27 33 31 24 12 -2-20-28-28-24 *  0 -2 -6 -7-10 -9 -6 -3 -2  2  2  1  0	
-11 -4  5 14 17 16 13  7  0 -8-14-16-14 * -1 -2 -3 -3 -5 -5 -4 -2 -1  0  2  1  0	
 4851.731 -329.033
-21-11  6 27 34 32 25 14  0-16-25-26-23 * -5 -4 -1  2 -1 -2 -2 -2 -3 -2 -4 -6 -5	
-10 -4  4 14 18 17 14  8  1 -7-12-14-13 * -3 -2 -1  0  1 -1 -1 -2 -2 -2 -2 -3 -3	
 4851.731 -327.983
-19-11  3 22 31 30 24 14  2-13-22-24-21 * -7 -5 -2  4  5  2  1  0  0 -2 -6 -8 -7	
-10 -5  2 10 15 16 13  9  3 -5-10-13-12 * -4 -3 -1  1  3  2  1  0  0  0 -2 -4 -4	
 4851.732 -326.933
-19-11  2 19 29 29 24 14  2-13-22-23-20 * -6 -4 -1  5  9  7  5  3  1 -2 -7 -8 -7	
-10 -6  1  8 14 15 13  8  3 -5-10-12-12 * -3 -2 -1  1  4  5  4  3  2  0 -3 -4 -4	
 4851.732 -325.883
-19-11  2 17 27 28 23 13  1-14-24-24-21 * -7 -4  1  6 12 12  8  5  2 -4 -8 -8 -7	
-11 -6  1  8 13 14 12  8  2 -5-11-14-13 * -3 -1  1  3  5  6  5  4  2 -1 -4 -5 -4	
 4851.732 -324.833
-17 -8  6 20 27 28 22 12 -1-16-23-22-19 * -4 -1  3 10 15 15 12  7  3 -4 -6 -6 -5	
 -9 -4  4 11 14 14 12  7  1 -6-12-13-12 * -2  0  3  5  6  7  7  5  2 -1 -4 -4 -3	
 4851.732 -323.783
-16 -8  6 18 23 23 18  9 -3-18-23-22-18 *  1  1  1  1  5  7  6  5  4  2  2  2  1	
 -9 -4  3 10 13 12 10  5  0 -7-12-13-12 *  1  1  2  1  1  3  3  3  3  1  1  1  1	
 4851.732 -322.733
-15 -7  6 18 22 21 16  7 -6-18-22-20-16 * -1 -2 -1 -1  2  6  6  5  3  1  0  0 -1	
 -9 -4  3  9 12 12  9  5 -1 -7-11-12-11 * -1  0  0  1  0  1  2  2  1  0  0  0  0	
 4851.732 -321.683
-10 -5  4 13 17 16 13  5 -6-14-17-15-12 * -3 -3 -1  2  3  5  5  4  1 -3 -3 -4 -3	
 -7 -3  2  6  9  9  7  4 -1 -6 -9 -9 -8 * -2 -1  0  2  2  2  2  1  0 -1 -2 -2 -2	
 4852.421 -343.208
-12 -6  5 15 18 19 16  9  0-10-16-16-13 * -3 -2  0  4  6  7  6  5  3 -1 -3 -3 -3	
 -7 -3  2  7  9  9  8  5  0 -4 -8 -9 -8 * -1  0  2  3  4  4  3  3  1  0 -2 -2 -2	
 4852.421 -342.158
-11 -5  5 16 20 20 17  9  0-11-17-16-13 * -7 -4  1  7 10 11 10  7  2 -3 -7 -7 -7	
 -6 -3  3  8 10 10  8  5  0 -5 -8-10 -8 * -3 -1  1  4  6  6  5  3  1 -1 -4 -4 -4	
 4852.421 -341.108
 -9 -5  3 10 12 12 10  5 -1 -9-13-12 -9 * -6 -4  0  4  7  8  7  5  1 -3 -5 -6 -6	
 -5 -2  2  5  6  6  5  3  0 -4 -6 -7 -6 * -3 -1  1  3  4  4  4  2  1 -1 -3 -3 -3	
 4852.421 -340.058
-18-10  5 20 26 26 21 12 -2-16-21-20-19 *-13 -8 -1 10 15 17 15  9  1 -7-12-14-14	
 -9 -4  4 11 13 13 11  6  0 -8-12-12-11 * -6 -3  1  5  8  9  7  5  1 -3 -6 -7 -7	
 4852.421 -339.008
  1  2  4  4  5  6  6  2 -5 -1 -1  0  1 * -3 -3 -1  4 12 14 12  7  1  0 -1 -5 -4	
  0  1  2  3  3  3  2  1 -2 -2 -2  0  0 * -2 -1  2  4  7  7  6  3  0 -1  0  0 -2	
 4852.421 -337.958
 -5  3  7 10  8  5  2  0-10-13-14-13 -7 *-19  0  5  6  2  0 -2 -4-10-15-21-23-22	
 -5 -1  4  7  7  4  2 -2 -4 -8 -8 -8 -6 *-10 -5  4  5  3  1 -1 -2 -7 -9-11-13-12	
 4852.421 -336.908
-19-11  3 19 24 26 22 14  1-10-18-21-20 *-18-14 -5 13 16 16 13  8  1 -5-12-16-18	
 -9 -5  1  7 12 13 11  7  2 -4 -9-11-11 * -7 -5 -1  4  8  9  7  5  2 -3 -6 -8 -8	
 4852.421 -335.858
-16 -9  2 14 22 24 20 13  3 -8-16-19-17 *-15-12 -6  5 14 15 13  9  4 -3 -9-13-16	
 -8 -4  1  6  9 11 10  7  2 -3 -7-10-10 * -6 -5 -2  2  6  7  7  5  2 -1 -4 -6 -6	
 4852.421 -334.808
-13 -6  3 14 21 25 21 13  2 -9-17-18-15 *-12 -9 -4  1 12 14 12  9  4 -2 -6-11-13	
 -8 -4  1  6  9 11 10  7  2 -3 -7-10 -9 * -6 -5 -2  1  4  6  6  5  2  0 -3 -5 -5	
 4852.421 -333.758
 -8 -1  6 15 20 24 20 12  2 -9-18-14-10 * -6 -4 -1  1  8 12 11  8  4 -1 -4 -9 -7	
 -6 -3  2  7 10 11 10  7  2 -3 -8-10 -8 * -5 -4 -2  1  3  5  5  4  3  0 -2 -3 -5	
 4852.421 -332.708
 -4  3 11 17 21 24 20 12  1-11-18-10 -6 *  0  2  2  1  5  9  9  7  4  0 -2 -3  0	
 -3  0  4  8 11 11 10  7  2 -4 -9-11 -6 * -3 -2 -1  0  2  3  4  4  2  1 -1 -2 -3	
 4852.421 -331.658
 -2  4 12 17 21 21 17  9 -1-12-10 -5 -3 *  1  0  0 -3 -4  0  2  3  3  4  1  3  2	
  1  5  7  8 10 10  8  5  1 -4 -9 -6 -1 *  1  0 -1 -3 -3 -1  0  1  2  2  3  1  0	
 4852.421 -330.608
  0  3 11 15 19 18 14  7 -3 -9 -7 -2  0 * -1 -2 -7 -8-11 -8 -5 -2  1  1 -1 -1 -1	
  1  3  7  8 10 10  7  4 -1 -6 -6 -4 -1 * -1 -2 -3 -4 -6 -5 -4 -2  0  2  0 -1 -1	
 4852.421 -329.558
 -7  2 11 19 22 21 16  7-10-20-18-15 -9 * -3 -3 -3 -7-10 -9 -7 -5  0 -1 -2 -2 -3	
 -4  3  8 11 12 11  8  3 -5-11-12-10 -7 * -2 -2 -2 -4 -5 -5 -5 -3  0  0 -1 -1 -2	
 4852.421 -328.508
-15 -6 10 16 12  7  5 -3-12-19-20-20-16 * -8 -5  4  6  0 -2 -2 -3 -6 -7 -9-10 -9	
 -8 -2  6 10  9  5 -1 -3 -7-12-12-12-10 * -4 -2  2  4  2  0 -2 -3 -4 -5 -5 -5 -5	
 4852.422 -327.458
-15 -8  5 18 19 15 10  3 -8-15-19-19-16 * -8 -4  1  9  7  4  3  1 -2 -4 -7 -9 -8	
 -8 -4  3 10 12 10  7  2 -4 -8-10-11-10 * -4 -2  0  4  5  4  2  1 -1 -1 -3 -5 -4	
 4852.422 -326.408
-19-11  1 17 24 22 17  9 -2-14-21-23-20 * -8 -5  0  8 12 10  7  4  1 -3 -8 -9 -8	
-10 -6  1  8 13 13 10  6  0 -6-10-13-12 * -4 -2  0  3  6  7  5  4  2 -1 -4 -5 -5	
 4852.422 -325.358
-19-11  2 16 25 25 20 11 -1-14-22-23-20 * -4 -3  0  5 11 10  7  5  3 -1 -4 -5 -4	
-10 -5  1  8 13 14 11  7  1 -5-10-13-12 * -2 -1  1  2  4  5  5  4  2  0 -2 -3 -2	
 4852.422 -324.308
-17-10  2 16 25 26 20 11  0-13-21-22-19 * -3 -2  0  4  9 10  8  6  4  0 -3 -3 -3	
 -9 -5  1  7 12 13 11  7  1 -5-10-12-11 * -1  0  1  2  3  4  4  4  2  1 -1 -2 -2	
 4852.422 -323.258
-17 -9  3 17 26 27 21 12 -1-14-21-22-19 * -4 -3  0  3  7  9  8  6  3 -1 -3 -4 -4	
 -9 -5  1  8 13 14 12  7  2 -5-10-12-11 * -2 -1  1  2  3  3  4  3  2  0 -2 -2 -2	
 4852.422 -322.208
-14 -7  3 15 22 23 18  9 -1-12-18-18-15 * -3 -3  0  2  4  6  6  5  2 -2 -3 -3 -3	
 -8 -4  1  7 11 12 10  6  1 -4 -9-10 -9 * -2 -1  0  1  2  2  2  2  1 -1 -2 -2 -2	
 4853.111 -343.733
-15 -9  1 12 17 19 16 10  1 -9-16-18-17 * -5 -2  2  7 10 12 11  8  4 -2 -6 -7 -6	
 -8 -4  1  6  9  9  8  5  1 -4 -7 -9 -9 * -3 -1  2  4  6  6  6  4  2  0 -3 -4 -4	
 4853.111 -342.683
-21-12  2 17 24 24 20 12  0-13-23-25-23 * -9 -5  2  8 12 14 12  9  3 -3 -9-10-10	
-10 -5  2  9 12 12 10  6  1 -5-11-13-13 * -4 -1  2  5  7  7  6  4  2 -2 -4 -6 -5	
 4853.111 -341.633
-18-11  0 14 20 20 16  9  0-12-19-21-19 * -9 -6  1  9 14 16 14  9  4 -4 -9-11-10	
 -9 -5  1  7 10 11  9  5  1 -5 -9-11-11 * -4 -2  2  6  8  8  7  5  2 -2 -5 -6 -5	
 4853.111 -340.583
-23-14  2 19 25 25 20 11 -2-18-26-27-25 *-10 -6  1  8 13 15 13  8  2 -4-10-11-10	
-11 -6  2 10 14 14 11  6  0 -7-12-15-13 * -5 -2  1  4  7  7  6  4  1 -2 -5 -6 -6	
 4853.111 -339.533
-17-10  1 15 21 20 16  9 -3-17-20-20-19 *-11 -7  0  9 14 16 14  9  3 -8-12-13-12	
 -9 -4  1  8 11 11  9  5  0 -5-10-11-10 * -6 -3  1  5  7  8  7  5  2 -3 -6 -7 -7	
 4853.111 -338.483
-14 -7  3 14 18 17 10 -2-12-16-16-16-15 * -4 -3  0  4  6  7  7  3 -1 -3 -4 -4 -4	
 -7 -3  2  7 10 10  7  4 -2 -7 -9-10 -8 * -2 -1  0  2  3  3  3  2 -1 -2 -2 -3 -2	
 4853.111 -337.433
-15 -7  5 13 13  7 -6-10-14-16-18-20-17 *-12 -9 -4  1  3  3 -1 -2 -4 -5 -6 -7-12	
 -8 -3  2  7  8  7  3 -2 -6 -8-10-10 -9 * -5 -4 -1  2  2  2  1  0 -1 -3 -4 -5 -5	
 4853.111 -336.383
-10 -5  3 10  9  3 -1 -5 -7 -9-13-14-12 *-14-12 -7  4  4  2  1 -2 -4 -3 -6 -9-14	
 -5 -2  2  6  7  5  2 -1 -3 -5 -6 -7 -7 * -5 -4 -2  1  4  3  1 -1 -2 -3 -5 -5 -5	
 4853.111 -335.333
-14 -7  2 14 20 18 14  8  0 -8-15-17-15 *-13-10 -6  2 11 10  9  7  4 -1 -5-10-13	
 -7 -3  1  6 10 11  9  5  1 -3 -7 -9 -8 * -5 -4 -2  1  4  6  5  4  2 -1 -3 -4 -5	
 4853.111 -334.283
-13 -7  2 13 21 22 18 11  2 -8-15-18-15 *-12 -9 -5  1 10 12 10  8  4  0 -5-12-12	
 -7 -3  1  6  9 11  9  6  2 -3 -7 -9 -9 * -6 -5 -3  0  3  5  6  5  3  0 -2 -3 -5	
 4853.111 -333.233
-11 -4  4 14 21 23 20 12  2 -9-15-17-12 *-10 -7 -4  1  7 12 11  8  4  0 -6-12-11	
 -7 -3  2  6 10 11  9  6  2 -3 -7 -9 -9 * -6 -5 -3  0  2  4  5  5  3  1 -2 -4 -6	
 4853.111 -332.183
 -4  2  8 13 18 20 17 10  1 -8-10-10 -5 * -5 -2  0  2  5 11 11  8  4  0 -9 -9 -6	
 -5 -2  2  6  8  9  8  5  2 -3 -6 -7 -6 * -6 -4 -3  0  2  4  5  4  3  1 -2 -6 -7	
 4853.111 -331.133
  2  4  7  9 11 13 11  7  0 -5 -2  1  2 *  5  7  7  5  5 10 11  8  4 -4 -3  3  5	
  1  2  3  4  5  6  5  3  1 -2 -3 -2  0 *  2  3  2  2  2  3  4  4  3  0 -3 -2  0	
 4853.111 -330.083
  2  3  4 10 17 16 14  6 -3 -3  1  1  1 *  2  5  3  0  0  5  7  5  0 -1  2  2  2	
  2  3  4  6  7  8  6  2 -2 -3 -1  0  2 *  3  3  1  0  0  0  1  2  1 -1  0  1  2	
 4853.112 -329.033
  0  0  0  0  3  9  5  0 -5  0  0  0  0 *  0  0  0  0  0  5  4  1  2  0  0  0  0	
  0  0  0  0  0  1  1  0  0  0  0  0  0 *  0  0  0  0  0  0  0  0  0  0  0  0  0	
 4853.112 -327.983
 -9 -3  6 10 11  9  4 -6-12-17-17-15-11 *  0  0  2 -6-13-11 -5 -1 -1  2  2  1  0	
 -6 -2  3  5  7  5  0 -3 -7 -9-10 -9 -7 *  1  1  1 -3 -6 -7 -6 -1 -1  0  1  1  1	
 4853.112 -326.933
-11 -5  4 11  5 -3 -4 -6-12-14-16-15-12 * -3 -2  2  7  3  0  1 -3 -4 -3 -3 -4 -4	
 -6 -3  3  7  6  2 -1 -4 -6 -8 -9 -9 -8 * -2  0  2  3  3  1 -1 -2 -3 -2 -2 -3 -2	
 4853.112 -325.883
-14 -8  3 14 14  9  3 -3-10-15-19-19-16 * -4 -3  0  5  6  2 -1 -1 -1 -1 -4 -4 -4	
 -8 -4  2  7 10  7  4  0 -4 -7-10-11-10 * -2 -1  1  2  3  3  1  1  0 -1 -2 -3 -2	
 4853.112 -324.833
-17-10  2 16 22 18 11  3 -5-14-21-22-19 * -5 -3  0  6 10  9  6  4  3 -1 -5 -6 -6	
-10 -5  1  8 12 12  8  4 -1 -6-11-12-11 * -3 -1  1  3  5  5  4  3  2  0 -3 -3 -3	
 4853.112 -323.783
-17-10  2 15 23 22 16  7 -2-12-20-21-19 * -4 -3  0  3  8  8  7  5  3 -1 -3 -4 -4	
 -9 -5  1  7 12 13 10  6  0 -5-10-12-11 * -2 -1  1  2  3  4  4  3  2  0 -2 -2 -2	
 4853.112 -322.733
-16 -9  2 14 22 21 16  8 -2-12-19-20-17 * -3 -3 -1  1  4  7  6  5  4  0 -2 -2 -3	
 -8 -4  1  7 11 12 10  5  1 -5 -9-11-10 * -1 -1  0  1  2  2  2  2  1  0 -1 -2 -2	
 4853.112 -321.683
-14 -8  2 13 20 21 16  8 -1-11-17-18-15 * -4 -3 -2  1  3  6  6  5  2 -1 -3 -4 -4	
 -8 -4  1  6 10 11  9  6  1 -4 -8-10 -9 * -2 -1  0  1  2  2  2  2  1 -1 -2 -2 -2	
 4853.801 -343.208
-23-15 -2 13 23 25 22 13  2-11-22-26-25 * -8 -5  0  5  9 11 11  8  3 -2 -6 -9 -8	
-11 -6  0  6 11 12 11  7  2 -4 -9-13-13 * -4 -2  1  3  5  6  5  4  2 -1 -3 -4 -4	
 4853.801 -342.158
-23-14 -1 14 23 25 21 12  1-12-22-26-24 * -6 -4  1  5  9 11 10  7  3 -1 -5 -7 -7	
-11 -6  0  7 11 13 11  7  2 -5-10-13-12 * -3 -1  1  3  4  5  5  3  2 -1 -3 -4 -4	
 4853.801 -341.108
-23-14  0 15 24 24 20 11  0-13-23-26-24 * -6 -4  0  5  8 10  9  7  3 -1 -5 -7 -6	
-11 -6  1  7 12 13 11  7  1 -5-10-13-12 * -3 -1  1  3  4  5  4  3  1 -1 -3 -4 -3	
 4853.801 -340.058
-20-12  0 14 23 22 17  9 -2-13-21-23-21 * -4 -3 -1  3  6  7  7  5  3  0 -4 -5 -4	
 -9 -5  1  7 11 12 10  6  1 -5 -9-12-11 * -2 -1  0  2  3  3  3  2  1 -1 -2 -3 -3	
 4853.801 -339.008
-17-10  1 13 21 21 16  8  0-12-19-21-19 * -4 -3 -1  3  5  6  6  5  4 -2 -4 -4 -4	
 -8 -4  1  6 10 11  9  5  1 -4 -8-10-10 * -2 -2  0  2  3  3  3  2  1 -1 -2 -3 -3	
 4853.801 -337.958
-17 -9  2 14 22 22 17 10 -1-14-20-21-19 * -4 -3 -2  1  3  4  5  4  1 -2 -3 -3 -4	
 -8 -4  1  7 11 12 10  6  1 -5 -9-11-10 * -2 -1  0  1  2  2  2  1  1 -1 -2 -2 -2	
 4853.801 -336.908
-14 -8  2 13 20 20 16  8 -3-14-18-19-16 * -5 -5 -3  0  2  2  2  1 -1 -2 -2 -3 -5	
 -7 -3  2  6  9 10  9  5  1 -4 -8 -9 -9 * -2 -2 -1  0  1  1  1  1  0 -1 -2 -2 -2	
 4853.801 -335.858
-14 -8  2 13 17 18 12  4 -6-13-16-17-16 * -9 -8 -5  1  4  3  2  0 -2 -2 -3 -6 -9	
 -7 -3  1  6  9  9  7  4  0 -4 -8 -9 -8 * -4 -3 -2  0  2  2  2  1  0 -2 -3 -3 -3	
 4853.801 -334.808
-15 -9  1 13 17 16 10  2 -5-10-16-18-16 *-11 -9 -5  1  6  5  4  2  1 -1 -4 -9-11	
 -7 -3  1  6  9  9  7  4 -1 -4 -7 -9 -8 * -5 -4 -2  0  3  4  3  2  0 -1 -2 -3 -4	
 4853.801 -333.758
-16 -9  1 13 20 19 14  7 -1 -9-16-19-17 *-12 -9 -5  1  8  9  7  6  3  0 -5-12-12	
 -7 -4  1  6 10 11  9  5  1 -3 -7 -9 -9 * -6 -5 -3  0  3  5  5  4  2  0 -1 -3 -5	
 4853.801 -332.708
-16 -9  1 12 21 22 17 10  1 -9-18-20-17 *-12 -9 -5  1  8 12 11  8  4  0 -9-14-13	
 -8 -4  1  6  9 11  9  6  2 -3 -7 -9 -9 * -7 -5 -3  0  3  5  6  5  3  1 -2 -5 -7	
 4853.801 -331.658
-11 -4  4 13 20 22 19 11  2 -9-18-18-13 * -9 -4  0  5 10 15 14 10  5 -3-13-13-10	
 -8 -4  1  6  9 10  9  6  2 -3 -8-10 -9 * -7 -5 -2  1  4  6  6  5  3  0 -4 -8 -8	
 4853.802 -330.608
 -1  6 12 15 19 21 18 11  0 -9-11 -8 -2 *  1  5 10 10 13 16 15 10  4 -7 -8 -4  0	
 -3  1  4  7  9 10  9  6  1 -4 -8 -8 -5 * -3  0  2  4  6  7  7  5  3 -2 -5 -6 -4	
 4853.802 -329.558
  3  4  7 11 13 13 10  4 -7-16-12 -5  1 *  1  2  4  6  6  6  6  4  1 -3 -2  1  1	
  0  4  5  7  7  7  5  3 -2-10-10 -7 -3 *  2  2  3  3  3  3  3  2  1 -2 -3 -2  1	
 4853.802 -328.508
  1  5 10 13 16 16 13  1-12-12 -5 -1  1 *  2  8 -2 -4 -3  0  3  5  2  3  1 -1  0	
  1  4  9  9  9  8  6  1 -6 -9 -5 -2  0 *  0  5  0 -2 -2 -1  0  1  1  1  1  0  0	
 4853.802 -327.458
 -4 -1  4 15 17 14  9 -3-14-18-15 -7 -5 *  8  3  0 -3 -6 -3  0  2  7 14 19 12  9	
 -2  0  4 10 11  9  5 -1 -7-10-10 -8 -4 *  4  2 -1 -2 -3 -3 -2  0  2  6  9  9  6	
 4853.802 -326.408
-11 -5  8 15 13  9  2 -9-16-20-21-18-13 *  2  0 -4-11-13-11 -6 -1 -2  0  2  4  3	
 -9 -4  5  9  9  6  1 -5-10-12-13-12-11 *  0  0 -1 -7 -8 -7 -4  0 -1 -1  0  0  0	
 4853.802 -325.358
 -9 -5  3 12 11  4 -2 -6 -9-10-12-12-10 * -2 -1  1  7  6  2  0 -1 -1 -1 -2 -2 -2	
 -5 -2  3  7  8  5  1 -2 -4 -6 -8 -8 -7 * -1  0  2  3  5  2  2  0 -1 -1 -2 -2 -1	
 4853.802 -324.308
-15 -9  2 12 14  8  2 -5 -9-13-18-19-16 * -2 -2  0  3  6  3  1  1  1  1 -1 -1 -1	
 -8 -4  1  7  8  7  4  0 -4 -7-10-10 -9 * -1  0  1  2  3  3  1  1  0  0 -1 -2 -1	
 4853.802 -323.258
-15 -9  1 12 15 12  5 -1 -7-13-18-19-16 * -1 -2 -1  0  3  4  3  3  3  1  0  0 -1	
 -8 -4  1  6  9  8  5  1 -2 -6 -9-10 -9 * -1  0  0  1  1  2  2  1  1  0 -1 -1 -1	
 4853.802 -322.208
-17-10  1 15 20 16  9  1 -7-15-20-21-19 * -3 -3 -2  0  2  4  3  3  2  0 -1 -2 -3	
 -9 -5  1  7 11 11  7  3 -2 -6-10-11-11 * -1 -1  0  1  1  1  1  1  1  0 -1 -1 -1	
 4854.491 -343.733
-22-14 -2 11 20 23 20 13  2 -9-18-23-23 * -7 -5 -1  3  7  9  9  7  3 -1 -5 -7 -7	
-10 -6  0  5  9 11 10  7  2 -3 -8-11-11 * -3 -2  0  2  3  4  4  3  2  0 -2 -4 -4	
 4854.491 -342.683
-22-14 -2 12 21 24 21 13  2-10-20-24-23 * -6 -4 -1  3  6  8  8  6  3 -1 -4 -6 -6	
-10 -6  0  6 10 12 11  7  2 -3 -8-11-12 * -3 -2  0  2  3  4  4  3  1  0 -2 -3 -3	
 4854.491 -341.633
-22-14 -1 13 23 25 22 13  2-11-20-25-23 * -5 -3 -1  3  6  7  7  6  3  0 -3 -5 -5	
-10 -6  0  6 11 12 11  7  2 -4 -9-12-12 * -2 -1  0  2  3  3  3  2  1  0 -2 -3 -3	
 4854.491 -340.583
-21-13  0 13 22 25 21 13  1-11-20-24-22 * -3 -3 -1  2  4  6  6  5  3  0 -2 -4 -4	
 -9 -5  0  6 10 12 11  7  2 -4 -8-11-11 * -2 -1  0  1  2  2  2  2  1  0 -1 -2 -2	
 4854.491 -339.533
-19-12  0 12 21 24 20 12  1-10-19-22-21 * -4 -3 -1  2  4  5  5  4  3  0 -3 -4 -4	
 -9 -5  1  6 10 12 10  7  2 -3 -8-11-10 * -2 -1  0  1  2  2  2  2  1  0 -1 -2 -2	
 4854.491 -338.483
-18-11  0 13 21 24 20 12  1-11-19-22-20 * -4 -4 -2  1  3  4  5  4  2 -1 -3 -4 -4	
 -9 -5  1  6 10 11 10  7  2 -4 -8-11-10 * -2 -2 -1  1  2  2  2  1  1 -1 -2 -2 -2	
 4854.491 -337.433
-17-10  1 13 21 23 19 11  0-12-19-21-19 * -6 -5 -3  1  4  4  4  3  1 -2 -3 -4 -5	
 -8 -4  1  6 10 11 10  6  2 -4 -8-10-10 * -2 -2 -1  1  2  2  2  1  0 -1 -2 -2 -2	
 4854.491 -336.383
-17-10  1 13 20 23 19 10 -1-12-18-20-18 * -7 -6 -4  1  4  4  4  2  0 -2 -4 -5 -7	
 -8 -4  1  6 10 11  9  6  1 -4 -8-10-10 * -3 -3 -1  0  2  3  2  1  0 -1 -2 -3 -3	
 4854.491 -335.333
-17-10  0 12 19 21 17  8 -2-12-17-18-18 * -9 -8 -5  0  5  5  4  3  0 -2 -4 -7 -9	
 -8 -4  1  6  9 10  9  5  1 -4 -8-10 -9 * -4 -3 -2  0  2  3  3  2  0 -1 -2 -3 -4	
 4854.491 -334.283
-18-12 -1 12 20 21 16  8 -3-12-17-20-19 *-11 -9 -5  1  6  7  5  3  1 -2 -4 -9-11	
 -8 -4  1  6 10 11  9  5  1 -4 -8-10 -9 * -5 -4 -2  0  3  4  4  3  1 -1 -2 -3 -5	
 4854.491 -333.233
-19-12 -1 12 21 21 16  8 -2-11-17-21-20 *-12 -9 -5  1  7  9  7  4  1 -1 -5-11-12	
 -9 -5  0  6 10 11  9  5  1 -4 -8-10-10 * -6 -5 -3  0  3  4  5  3  2  0 -2 -4 -5	
 4854.492 -332.183
-20-13 -1 12 21 22 17  9  0-10-19-22-21 *-12 -9 -5  2  8 11  9  6  3  0 -8-13-12	
 -9 -5  0  6 10 11 10  6  2 -3 -8-10-10 * -6 -5 -3  0  3  5  5  5  3  1 -2 -5 -7	
 4854.492 -331.133
-19-12  0 13 22 24 20 11  1-11-21-23-21 *-10 -7 -3  4  9 13 12  9  5 -1-11-13-11	
-10 -6  0  6 10 11 10  7  2 -3 -8-11-11 * -7 -5 -2  1  4  5  6  5  3  1 -3 -6 -7	
 4854.492 -330.083
-15 -5  8 18 25 28 24 14  1-18-24-22-17 * -6 -1  4  7 11 14 14 11  6 -5-10 -9 -6	
-10 -5  2  8 12 13 12  8  2 -6-11-13-12 * -5 -3 -1  2  5  6  6  5  4  1 -5 -6 -6	
 4854.492 -329.033
 -6  2 15 25 29 31 25 12 -5-19-18-14 -9 * -1  2  5  7  9 11 11  7  2 -5 -5 -4 -1	
 -6  0  7 11 14 15 13  8  0 -7-12-11 -8 * -1  1  2  3  4  5  5  4  2 -3 -4 -4 -2	
 4854.492 -327.983
 -8  1 13 23 26 24 14  1-12-17-15-14-11 *  4  1  0  2  3  3  4  3  4  3  5  5  4	
 -4  2  8 13 14 13  9  4 -5-10-10 -9 -6 *  2  1  0  1  1  1  2  1  2  2  2  2  2	
 4854.492 -326.933
-12  0  9 15 18 16  9 -2-15-19-21-20-15 *  5  3  2 -1 -3 -3 -1  2  1  5  7  8  6	
 -6  1  6  8 10  9  6  2 -5-10-12-12 -9 *  4  2  2  0 -1 -1 -1 -1 -1  1  4  4  4	
 4854.492 -325.883
-20-11  6 21 26 23 14 -1-15-23-25-26-22 *  7  4  0 -2 -2 -2  1  2  4  6  7  8  8	
-10 -4  4 11 14 13  9  3 -5-11-14-14-13 *  3  3  1 -1 -1 -1  0  0  2  3  4  4  4	
 4854.492 -324.833
-15 -9  2 14 16 14  6 -5-14-17-19-20-17 *  6  3  0 -4 -1  0  1  3  4  6  7  8  6	
 -8 -4  2  7 10  9  6  1 -4 -8-10-11-10 *  3  2  1 -1 -2 -1  0  1  2  2  3  3  3	
 4854.492 -323.783
-15 -8  2 13 16 13  8 -2-12-16-18-18-16 *  2  0 -1 -2 -2 -2 -1  0  2  3  3  3  2	
 -8 -4  1  6  9  9  6  2 -3 -7 -9-10 -9 *  1  0  0  0 -1 -1 -1 -1  0  0  0  1  1	
 4854.492 -322.733
-17-10  1 15 21 17  9  0-10-16-20-21-19 * -1 -1 -1 -1 -2 -1 -1  0  1  1  1  0  0	
 -9 -4  1  7 11 11  8  3 -2 -6-10-11-10 *  0  0  0  1  0 -1 -1 -1 -1 -1 -1  0  0	
 4854.492 -321.683
-16 -9  1 14 21 18 10  1 -8-14-19-20-18 * -3 -3 -2  0  0  0  0  0  0  0 -1 -2 -3	
 -8 -4  1  6 10 11  8  4 -1 -5 -9-10-10 * -2 -1  0  1  1  0  0  0 -1 -1 -1 -1 -1	
 4855.181 -343.208
-21-14 -2 11 21 24 21 14  3 -9-18-23-22 * -6 -4 -1  3  6  8  8  6  3  0 -4 -6 -6	
-10 -6  0  5 10 11 10  7  2 -3 -8-11-11 * -3 -2  0  1  3  4  4  3  2  0 -2 -3 -3	
 4855.181 -342.158
-21-13 -2 11 21 24 21 14  3 -9-18-23-22 * -6 -4 -1  2  5  7  7  6  3  0 -3 -5 -6	
-10 -5  0  5 10 11 10  7  2 -3 -8-11-11 * -3 -2  0  1  3  3  3  3  1  0 -2 -3 -3	
 4855.181 -341.108
-21-13 -1 12 21 25 21 13  3 -9-18-23-22 * -5 -4 -1  2  5  6  7  5  3  0 -3 -5 -5	
-10 -5  0  6 10 12 10  7  2 -3 -8-11-11 * -2 -2  0  1  2  3  3  2  1  0 -2 -2 -3	
 4855.181 -340.058
-20-12 -1 12 21 25 21 13  3 -9-18-22-21 * -5 -4 -2  2  4  6  6  5  3  0 -3 -4 -5	
 -9 -5  0  6 10 11 10  7  2 -3 -8-11-11 * -2 -2  0  1  2  3  2  2  1  0 -2 -2 -2	
 4855.181 -339.008
-19-12 -1 12 21 24 21 13  3 -9-18-22-20 * -5 -4 -2  1  4  5  6  5  3  0 -3 -4 -5	
 -9 -5  0  6 10 11 10  7  2 -3 -8-10-10 * -2 -2 -1  1  2  3  2  2  1  0 -2 -2 -3	
 4855.181 -337.958
-19-12  0 12 21 24 21 13  3 -9-18-21-20 * -6 -5 -3  1  4  5  5  4  2 -1 -3 -5 -6	
 -9 -5  1  6 10 11 10  7  2 -3 -8-10-10 * -3 -2 -1  1  2  2  2  2  1 -1 -2 -2 -3	
 4855.181 -336.908
-19-12 -1 12 21 24 21 13  2-10-18-21-20 * -7 -6 -3  1  4  5  5  4  2 -1 -4 -5 -7	
 -9 -5  1  6 10 11 10  7  2 -3 -8-10-10 * -3 -2 -1  0  2  3  2  2  1 -1 -2 -3 -3	
 4855.181 -335.858
-18-12 -1 12 20 23 20 12  1-10-18-20-19 * -8 -6 -4  1  4  5  5  3  1 -2 -4 -6 -7	
 -8 -5  1  6 10 11  9  6  2 -4 -8-10-10 * -3 -3 -1  0  2  3  3  2  1 -1 -2 -3 -3	
 4855.181 -334.808
-19-12 -1 12 20 22 19 11  0-11-18-20-20 * -9 -7 -4  1  5  6  5  4  1 -2 -4 -8 -9	
 -9 -5  0  6 10 11  9  6  1 -4 -8-10-10 * -4 -3 -2  0  2  3  3  2  1 -1 -2 -3 -4	
 4855.182 -333.758
-20-13 -2 12 21 23 19 11  0-11-18-21-21 *-10 -8 -4  1  6  7  6  4  1 -2 -4 -9-10	
 -9 -5  0  6 10 11 10  6  1 -4 -8-10-10 * -5 -4 -2  0  2  4  4  3  1  0 -2 -3 -4	
 4855.182 -332.708
-21-14 -2 12 21 23 19 10  0-11-17-22-22 *-10 -8 -4  1  6  8  7  5  2 -1 -5-10-10	
 -9 -6  0  6 10 11 10  6  1 -4 -8-10-11 * -5 -4 -2  0  2  4  4  3  2  0 -2 -4 -5	
 4855.182 -331.658
-22-15 -3 12 22 24 19 10  0-10-18-23-23 *-10 -7 -4  1  7 10  8  6  3  0 -7-10-10	
-10 -6 -1  6 10 12 10  6  2 -4 -8-11-11 * -5 -4 -2  0  3  4  5  4  2  1 -2 -4 -5	
 4855.182 -330.608
-24-16 -3 13 23 26 21 12  1-10-20-26-25 * -9 -6 -3  2  8 11 10  7  4  1 -8-11-10	
-11 -7 -1  6 11 12 11  7  2 -3 -8-12-12 * -5 -4 -2  1  3  5  5  4  3  1 -2 -5 -6	
 4855.182 -329.558
-24-16 -3 14 25 28 24 14  3-11-24-28-26 * -7 -4 -1  3  8 11 11  9  6 -1 -8 -9 -7	
-12 -8 -1  6 12 13 12  8  3 -3 -9-13-14 * -4 -3 -1  1  3  5  5  4  3  0 -3 -5 -5	
 4855.182 -328.508
-24-15  0 17 27 30 26 16  4-15-27-29-26 * -3 -1  2  3  7  9  9  8  5 -3 -5 -5 -4	
-12 -7 -1  7 13 14 13  9  3 -4-11-15-14 * -2 -1  0  1  3  4  4  3  2  0 -2 -3 -3	
 4855.182 -327.458
-23-14  2 21 29 31 27 17  1-18-27-28-25 *  0  2  3  4  5  6  7  6  3 -1 -1 -1  0	
-12 -6  1  9 14 15 13  9  3 -5-12-15-14 *  0  1  2  2  2  3  3  2  1  0 -1 -1 -1	
 4855.182 -326.408
-22-13  3 23 30 30 25 14 -3-20-26-27-24 *  4  4  4  4  4  4  4  3  1  2  3  4  4	
-11 -6  2 10 14 15 13  8  2 -6-12-14-13 *  2  2  3  2  2  2  2  2  1  1  1  1  2	
 4855.182 -325.358
-22-13  2 22 32 32 25 14 -3-18-25-26-24 *  7  4  1 -2 -3 -1  0  2  4  5  7  8  7	
-11 -5  1  9 15 16 13  8  2 -5-11-13-13 *  3  2  1  0 -2 -2 -1  0  1  2  3  3  3	
 4855.182 -324.308
-18-11  1 17 29 29 23 13 -1-14-21-22-20 *  2  1  0 -1 -2 -1  1  1  1  2  3  3  3	
 -9 -5  1  7 13 14 12  8  2 -4 -9-11-11 *  1  1  1  1  0 -1 -1  0  0  0  0  1  1	
 4855.182 -323.258
-18-11  1 15 28 27 21 11 -1-13-20-21-19 *  0 -1 -1  0 -2 -1 -1  0  0  1  1  1  0	
 -9 -5  1  7 12 13 11  7  2 -4 -9-11-10 *  0  0  0  1  0 -1 -1 -1 -1 -1  0  0  0	
 4855.182 -322.208
-19-12  1 16 28 28 22 11 -1-13-21-23-21 * -2 -2 -2 -1 -1 -1  0  0  0  0  0 -1 -2	
-10 -5  1  7 12 14 12  7  2 -4 -9-12-11 * -1 -1  0  0  1  0 -1 -1 -1 -1 -1 -1 -1	
 4855.871 -343.733
-20-13 -2 10 20 23 20 13  3 -8-16-21-21 * -6 -5 -2  2  5  7  7  6  3  0 -3 -6 -7	
 -9 -5  0  5  9 11 10  7  2 -3 -7-10-10 * -3 -2 -1  1  2  3  3  3  2  0 -2 -3 -3	
 4855.871 -342.683
-20-13 -2 11 20 24 21 14  3 -8-17-22-22 * -6 -5 -2  2  5  7  7  6  3  0 -3 -6 -6	
 -9 -5  0  5  9 11 10  7  2 -3 -8-10-11 * -3 -2  0  1  3  3  3  3  2  0 -2 -3 -3	
 4855.871 -341.633
-20-13 -2 11 20 24 21 14  3 -8-17-22-21 * -6 -4 -2  2  5  7  7  5  3  0 -3 -5 -6	
 -9 -5  0  5 10 11 10  7  2 -3 -8-10-11 * -3 -2  0  1  2  3  3  2  1  0 -2 -3 -3	
 4855.871 -340.583
-20-13 -1 12 21 24 22 14  3 -8-17-22-21 * -5 -4 -2  2  4  6  6  5  3  0 -3 -5 -5	
 -9 -5  0  6 10 11 10  7  2 -3 -8-10-11 * -3 -2 -1  1  2  3  3  2  1  0 -2 -2 -3	
 4855.871 -339.533
-20-13 -1 12 21 24 22 14  3 -8-17-22-21 * -5 -4 -2  1  4  6  6  5  3  0 -3 -5 -5	
 -9 -5  0  6 10 11 10  7  2 -3 -8-10-11 * -3 -2 -1  1  2  3  3  2  1  0 -2 -2 -3	
 4855.871 -338.483
-20-12 -1 12 21 24 22 14  3 -8-17-21-21 * -6 -5 -2  1  4  5  6  5  3  0 -3 -5 -6	
 -9 -5  0  6 10 11 10  7  2 -3 -8-10-11 * -3 -2 -1  1  2  3  2  2  1  0 -2 -2 -3	
 4855.871 -337.433
-19-12 -1 12 21 24 21 14  3 -8-17-21-21 * -6 -5 -3  1  4  5  5  4  2 -1 -3 -5 -6	
 -9 -5  0  6 10 11 10  7  2 -3 -8-10-10 * -3 -2 -1  1  2  3  2  2  1  0 -2 -2 -3	
 4855.871 -336.383
-19-13 -1 12 21 24 21 13  3 -9-17-21-20 * -7 -6 -3  1  4  5  5  4  2 -1 -3 -6 -7	
 -9 -5  0  6 10 11 10  7  2 -3 -8-10-10 * -3 -2 -1  0  2  3  3  2  1  0 -2 -3 -3	
 4855.872 -335.333
-20-13 -2 12 21 23 20 13  2 -9-17-21-21 * -8 -6 -4  1  4  6  5  4  2 -1 -4 -6 -8	
 -9 -5  0  6 10 11 10  6  2 -4 -8-10-10 * -3 -3 -2  0  2  3  3  2  1  0 -2 -3 -3	
 4855.872 -334.283
-20-14 -2 12 21 23 20 13  2-10-18-21-21 * -8 -7 -4  1  5  7  6  4  2 -1 -4 -7 -8	
 -9 -5  0  6 10 11 10  6  2 -4 -8-11-11 * -4 -3 -2  0  2  3  3  2  1  0 -2 -3 -4	
 4855.872 -333.233
-21-14 -3 11 21 24 20 12  2-10-18-22-22 * -9 -7 -4  1  5  7  6  4  2 -1 -5 -8 -9	
-10 -6  0  6 10 11 10  6  2 -4 -8-11-11 * -4 -3 -2  0  2  3  4  3  2  0 -2 -3 -4	
 4855.872 -332.183
-22-15 -3 11 22 24 20 12  1-10-18-23-23 * -9 -7 -4  1  6  8  7  5  2 -1 -5 -9 -9	
-10 -6 -1  6 10 12 10  7  2 -4 -8-11-11 * -5 -4 -2  0  2  4  4  3  2  0 -2 -4 -5	
 4855.872 -331.133
-23-16 -4 12 22 25 21 12  1-10-19-24-24 * -8 -6 -3  1  6  9  8  6  3  0 -6 -9 -9	
-11 -7 -1  6 10 12 11  7  2 -3 -8-11-12 * -4 -3 -2  0  2  4  4  3  2  0 -2 -4 -5	
 4855.872 -330.083
-24-17 -4 12 23 27 22 13  2 -9-20-26-26 * -7 -5 -2  2  6  9  9  6  4  0 -5 -8 -7	
-11 -7 -1  6 11 13 11  8  2 -3 -9-12-13 * -4 -3 -1  0  2  4  4  4  2  0 -2 -4 -4	
 4855.872 -329.033
-25-17 -4 13 25 28 24 14  3 -9-22-27-26 * -5 -3 -1  2  6  8  8  6  4  0 -4 -6 -5	
-12 -8 -1  6 11 13 12  8  3 -3 -9-13-13 * -3 -2 -1  0  2  4  4  3  2  0 -2 -3 -3	
 4855.872 -327.983
-25-16 -3 13 26 29 25 15  4-10-23-28-27 * -3 -1  1  2  5  7  8  6  4  0 -3 -4 -3	
-12 -7 -1  6 12 14 12  8  3 -3-10-13-14 * -2 -1  0  1  2  3  3  3  2  0 -1 -2 -2	
 4855.872 -326.933
-24-15 -2 14 27 30 25 16  4-11-23-28-26 * -1  0  2  2  4  5  6  5  4  1 -1 -1 -1	
-12 -7 -1  6 12 14 13  9  3 -4-10-13-14 * -1  0  1  1  1  2  3  2  2  1  0 -1 -1	
 4855.872 -325.883
-24-15 -1 15 28 31 26 17  4-11-23-27-25 *  0  0  1  3  3  4  5  5  3  1  0  0  0	
-12 -6  0  7 12 15 13  9  3 -4-10-14-13 *  0  0  1  2  1  2  2  2  1  1  0  0  0	
 4855.872 -324.833
-22-13  0 15 27 31 26 16  4-11-22-25-23 *  1  0  0  1  0  1  3  3  3  1  2  2  2	
-11 -6  1  7 12 14 13  9  3 -3 -9-13-12 *  0  0  1  1  0  0  0  1  1  1  0  0  1	
 4855.872 -323.783
-20-12  0 15 25 28 24 15  4-10-20-23-21 *  0 -1 -1  1  0  1  2  2  1  1  1  1  1	
-10 -5  1  7 11 13 12  8  3 -3 -9-12-11 *  0  0  0  1  1  0  0  0  0  0  0  0  0	
 4855.872 -322.733
-19-12  0 14 24 27 23 14  3-10-19-22-21 * -1 -1 -1  0  0  0  1  1  1  1  0  0 -1	
 -9 -5  1  7 11 13 11  7  2 -4 -9-11-11 *  0  0  0  0  1  0  0  0  0  0 -1  0  0	
 4855.872 -321.683
-19-12  0 14 24 27 22 13  2-10-19-22-21 * -1 -2 -2 -1  0 -1  0  1  1  1  0  0 -1	
 -9 -5  1  7 11 12 11  7  2 -4 -9-11-11 * -1 -1  0  0  0  0  0  0  0  0 -1  0  0	
 4856.561 -343.208
-20-13 -2 10 20 23 20 13  3 -8-16-21-21 * -6 -5 -2  2  5  7  7  6  3  0 -3 -5 -6	
 -9 -5  0  5  9 11 10  7  2 -3 -7-10-10 * -3 -2 -1  1  2  3  3  3  2  0 -2 -3 -3	
 4856.561 -342.158
-20-13 -2 11 20 24 21 14  3 -8-17-22-21 * -6 -4 -2  1  4  6  7  5  3  0 -3 -5 -6	
 -9 -5  0  5  9 11 10  7  2 -3 -7-10-11 * -3 -2 -1  1  2  3  3  2  1  0 -1 -2 -3	
 4856.561 -341.108
-20-13 -2 11 20 24 21 14  3 -8-17-21-21 * -6 -4 -2  1  4  6  6  5  3  0 -3 -5 -6	
 -9 -5  0  5 10 11 10  7  2 -3 -8-10-11 * -3 -2 -1  1  2  3  3  2  1  0 -2 -3 -3	
 4856.561 -340.058
-20-13 -2 11 20 24 21 14  4 -8-17-21-21 * -6 -5 -2  1  4  6  6  5  3  0 -3 -5 -6	
 -9 -5  0  5 10 11 10  7  2 -3 -8-10-11 * -3 -2 -1  1  2  3  3  2  1  0 -2 -2 -3	
 4856.561 -339.008
-20-13 -2 11 21 24 21 14  4 -8-17-21-21 * -6 -5 -2  1  4  6  6  5  3  0 -3 -5 -6	
 -9 -5  0  6 10 11 10  7  2 -3 -8-10-11 * -3 -2 -1  1  2  3  3  2  1  0 -2 -2 -3	
 4856.561 -337.958
-20-13 -2 12 21 24 22 14  4 -8-17-21-21 * -6 -5 -3  1  4  5  6  5  3  0 -3 -5 -6	
 -9 -5  0  6 10 11 10  7  2 -3 -8-10-11 * -3 -2 -1  1  2  3  3  2  1  0 -2 -2 -3	
 4856.562 -336.908
-20-13 -2 11 21 24 21 14  3 -8-17-21-21 * -6 -5 -3  1  4  5  6  4  2  0 -3 -5 -6	
 -9 -5  0  6 10 11 10  7  2 -3 -8-10-10 * -3 -2 -1  0  2  3  3  2  1  0 -2 -3 -3	
 4856.562 -335.858
-20-13 -2 11 21 24 21 14  3 -8-17-21-21 * -7 -6 -3  1  4  6  5  4  2 -1 -3 -6 -7	
 -9 -5  0  6 10 11 10  7  2 -3 -8-10-11 * -3 -3 -1  0  2  3  3  2  1  0 -2 -3 -3	
 4856.562 -334.808
-21-14 -2 11 21 24 21 13  3 -9-17-22-22 * -7 -6 -3  1  4  6  6  4  2 -1 -4 -6 -7	
 -9 -6  0  6 10 11 10  7  2 -3 -8-11-11 * -3 -3 -2  0  2  3  3  2  1  0 -2 -3 -3	
 4856.562 -333.758
-21-14 -3 11 21 24 21 13  3 -9-18-22-22 * -8 -6 -4  1  5  7  6  5  2 -1 -4 -7 -8	
-10 -6  0  6 10 12 10  7  2 -3 -8-11-11 * -4 -3 -2  0  2  3  3  3  1  0 -2 -3 -4	
 4856.562 -332.708
-22-15 -3 11 22 24 21 13  3 -9-18-23-23 * -8 -6 -3  1  5  7  7  5  3 -1 -4 -7 -8	
-10 -6 -1  6 10 12 10  7  2 -4 -8-11-11 * -4 -3 -2  0  2  3  3  3  2  0 -2 -3 -4	
 4856.562 -331.658
-23-16 -4 11 22 25 21 13  2 -9-18-24-24 * -7 -6 -3  1  5  7  7  5  3  0 -4 -7 -8	
-10 -6 -1  5 10 12 11  7  2 -3 -8-11-12 * -4 -3 -2  0  2  3  4  3  2  0 -2 -3 -4	
 4856.562 -330.608
-24-16 -4 11 23 26 22 13  3 -9-19-25-25 * -7 -5 -3  1  5  8  7  6  3  0 -4 -7 -7	
-11 -7 -1  5 10 12 11  7  2 -3 -8-12-12 * -4 -3 -1  0  2  3  4  3  2  0 -2 -3 -4	
 4856.562 -329.558
-24-16 -4 12 23 27 23 14  3 -9-20-26-25 * -6 -4 -2  1  5  7  7  6  3  0 -4 -6 -6	
-11 -7 -1  5 11 13 11  8  3 -3 -9-12-13 * -3 -2 -1  0  2  3  4  3  2  0 -1 -3 -3	
 4856.562 -328.508
-24-16 -4 12 24 28 24 15  3 -9-21-27-26 * -4 -3 -1  1  5  7  7  6  4  0 -3 -5 -4	
-12 -7 -1  6 11 13 12  8  3 -3 -9-13-13 * -2 -2 -1  1  2  3  3  3  2  0 -1 -2 -3	
 4856.562 -327.458
-24-16 -3 12 25 29 24 15  4 -9-21-27-26 * -3 -2  0  2  4  6  7  5  4  1 -2 -3 -3	
-12 -7 -1  6 11 13 12  8  3 -3 -9-13-13 * -2 -1  0  1  2  3  3  3  2  0 -1 -2 -2	
 4856.562 -326.408
-24-15 -2 13 26 30 25 16  4 -9-21-26-25 * -2 -1  0  2  4  6  6  5  3  1 -2 -2 -2	
-11 -7 -1  6 12 14 12  9  3 -3 -9-13-13 * -1 -1  0  1  2  2  3  2  2  0 -1 -1 -2	
 4856.562 -325.358
-24-15 -2 14 27 31 26 16  4-10-22-27-25 * -1 -1  0  1  2  4  4  4  3  1  0 -1 -1	
-11 -7  0  7 12 14 13  9  3 -3 -9-13-13 * -1  0  0  1  1  1  2  2  1  0  0 -1 -1	
 4856.562 -324.308
-22-14 -1 14 25 29 25 16  4 -9-20-24-23 * -1 -1 -1  1  1  2  3  3  2  1  0  0  0	
-10 -6  0  7 11 13 12  8  3 -3 -9-12-12 *  0  0  0  1  1  1  1  1  1  0  0  0  0	
 4856.562 -323.258
-20-13 -1 14 24 28 24 15  4 -9-19-23-22 * -1 -1 -1  0  0  1  2  2  2  1  0  0 -1	
-10 -5  1  7 11 13 11  8  3 -3 -9-12-11 * -1  0  0  0  1  0  0  1  0  0  0  0  0	
 4856.562 -322.208
-20-12  0 14 24 27 23 14  3 -9-19-23-21 * -2 -2 -2  0  0  1  1  2  1  1  0 -1 -1	
-10 -5  1  7 11 12 11  7  2 -4 -9-11-11 * -1 -1  0  0  1  1  0  0  0  0 -1 -1 -1	
 4857.251 -343.733
-20-13 -2 10 19 23 20 13  3 -8-16-21-21 * -6 -5 -2  1  4  6  7  5  3  0 -3 -5 -6	
 -9 -5  0  5  9 11 10  7  2 -3 -7-10-10 * -3 -2 -1  1  2  3  3  3  1  0 -1 -3 -3	
 4857.251 -342.683
-20-13 -2 10 20 23 21 13  3 -8-16-21-21 * -6 -5 -2  1  4  6  7  5  3  0 -3 -5 -6	
 -9 -5  0  5  9 11 10  7  2 -3 -7-10-10 * -3 -2 -1  1  2  3  3  3  2  0 -1 -3 -3	
 4857.251 -341.633
-20-13 -2 11 20 23 21 14  3 -8-16-21-21 * -6 -5 -2  1  4  6  6  5  3  0 -3 -5 -6	
 -9 -5  0  5  9 11 10  7  2 -3 -7-10-10 * -3 -2 -1  1  2  3  3  2  1  0 -1 -3 -3	
 4857.251 -340.583
-20-13 -2 11 20 24 21 14  4 -8-16-21-21 * -6 -5 -2  1  4  6  6  5  3  0 -3 -5 -6	
 -9 -5  0  5  9 11 10  7  2 -3 -7-10-10 * -3 -2 -1  1  2  3  3  2  1  0 -1 -2 -3	
 4857.251 -339.533
-20-13 -2 11 20 24 21 14  4 -8-16-21-21 * -6 -5 -2  1  4  6  6  5  3  0 -3 -5 -6	
 -9 -5  0  5  9 11 10  7  2 -3 -7-10-10 * -3 -2 -1  1  2  3  3  2  1  0 -1 -2 -3	
 4857.252 -338.483
-20-13 -2 11 21 24 21 14  4 -8-17-21-21 * -6 -5 -3  1  4  5  6  5  3  0 -3 -5 -6	
 -9 -5  0  6 10 11 10  7  2 -3 -8-10-11 * -3 -2 -1  1  2  3  3  2  1  0 -1 -2 -3	
 4857.252 -337.433
-20-13 -2 11 21 24 21 14  4 -8-17-21-21 * -6 -5 -3  1  4  5  6  5  3  0 -3 -5 -6	
 -9 -5  0  5 10 11 10  7  2 -3 -8-10-11 * -3 -2 -1  0  2  3  3  2  1  0 -1 -2 -3	
 4857.252 -336.383
-20-14 -2 11 21 24 21 14  4 -8-17-22-22 * -6 -5 -3  0  4  6  6  4  3  0 -3 -5 -6	
 -9 -5  0  6 10 11 10  7  2 -3 -8-11-11 * -3 -2 -1  0  2  3  3  2  1  0 -1 -2 -3	
 4857.252 -335.333
-21-14 -3 11 21 24 21 14  3 -8-17-22-22 * -7 -6 -3  0  4  6  6  4  3  0 -3 -6 -7	
 -9 -6  0  6 10 11 10  7  2 -3 -8-11-11 * -3 -3 -1  0  2  3  3  2  1  0 -1 -3 -3	
 4857.252 -334.283
-21-14 -3 11 21 24 21 14  3 -8-17-22-22 * -7 -6 -3  0  4  6  6  5  3  0 -3 -6 -7	
-10 -6  0  5 10 11 10  7  2 -3 -8-11-11 * -3 -3 -1  0  2  3  3  2  1  0 -1 -3 -3	
 4857.252 -333.233
-22-15 -3 11 21 25 21 14  3 -8-18-23-23 * -7 -6 -3  0  4  6  6  5  3  0 -4 -6 -7	
-10 -6 -1  5 10 12 10  7  2 -3 -8-11-11 * -3 -3 -2  0  2  3  3  3  2  0 -1 -3 -3	
 4857.252 -332.183
-22-15 -3 11 22 25 22 14  3 -9-18-23-23 * -7 -5 -3  0  4  7  6  5  3  0 -4 -6 -7	
-10 -6 -1  5 10 12 11  7  2 -3 -8-11-11 * -3 -3 -2  0  2  3  3  3  2  0 -1 -3 -3	
 4857.252 -331.133
-23-16 -4 11 22 26 22 14  3 -9-18-24-24 * -6 -5 -3  1  4  7  7  5  3  0 -4 -6 -6	
-11 -7 -1  5 10 12 11  7  2 -3 -8-11-12 * -3 -3 -1  0  2  3  3  3  2  0 -1 -3 -3	
 4857.252 -330.083
-23-16 -4 11 23 26 22 14  3 -9-19-25-24 * -6 -4 -2  1  4  7  7  5  3  0 -3 -5 -6	
-11 -7 -1  5 10 12 11  7  3 -3 -8-12-12 * -3 -2 -1  0  2  3  3  3  2  0 -1 -3 -3	
 4857.252 -329.033
-24-16 -4 11 23 27 23 14  3 -9-20-25-25 * -5 -4 -2  1  4  6  7  5  3  0 -3 -5 -5	
-11 -7 -1  5 11 13 11  8  3 -3 -9-12-12 * -3 -2 -1  0  2  3  3  3  2  0 -1 -2 -3	
 4857.252 -327.983
-24-16 -4 12 24 28 24 15  4 -9-20-25-25 * -4 -3 -1  1  4  6  6  5  3  0 -2 -4 -4	
-11 -7 -1  5 11 13 12  8  3 -3 -9-12-13 * -2 -2 -1  0  2  3  3  3  2  0 -1 -2 -2	
 4857.252 -326.933
-23-16 -3 12 24 28 24 15  4 -9-20-26-25 * -3 -3 -1  1  3  5  6  5  3  1 -2 -3 -3	
-11 -7 -1  6 11 13 12  8  3 -3 -9-12-13 * -2 -1  0  1  1  2  3  2  2  0 -1 -2 -2	
 4857.252 -325.883
-23-15 -2 13 25 29 25 16  4 -9-20-25-24 * -3 -2 -1  1  3  5  5  4  3  1 -1 -2 -3	
-11 -6  0  6 11 13 12  8  3 -3 -9-12-13 * -2 -1  0  1  1  2  2  2  1  0 -1 -1 -2	
 4857.252 -324.833
-23-14 -2 13 25 29 25 16  4 -9-20-25-24 * -2 -2 -1  1  2  3  4  4  3  1  0 -1 -2	
-11 -6  0  6 11 14 12  8  3 -3 -9-12-12 * -1 -1  0  1  1  1  1  1  1  0  0 -1 -1	
 4857.252 -323.783
-21-14 -1 13 25 29 24 15  4 -9-19-24-23 * -2 -2 -1  0  1  2  3  3  2  1  0 -1 -1	
-10 -6  0  6 11 13 12  8  3 -3 -9-12-12 * -1 -1  0  0  1  1  1  1  1  0  0 -1 -1	
 4857.252 -322.733
-21-13 -1 14 24 28 24 15  4 -9-19-23-22 * -2 -2 -2  0  1  2  2  2  2  1  0 -1 -2	
-10 -6  0  6 11 13 11  8  3 -3 -8-12-12 * -1 -1  0  0  1  1  1  1  1  0 -1 -1 -1	
 4857.252 -321.683
-20-13 -1 14 24 28 24 15  3 -9-19-23-22 * -2 -3 -2  0  1  1  2  2  2  1 -1 -2 -2	
-10 -5  1  7 11 13 11  8  3 -3 -9-11-11 * -1 -1 -1  0  1  1  1  1  1  0 -1 -1 -1	
