Roscoff                  	
 4842.972 -357.996
  0 -2 -3 -3 -1  1  2  3  4  4  4  2  0 * -1 -2 -2  0  3  4  4  5  6  6  4  1 -1	
 -1 -1 -1 -1  0  1  1  2  2  2  2  2  1 * -2 -2  0  1  2  3  2  3  3  3  2  1  0	
 4842.972 -357.856
  1 -1 -5 -6 -2  0  1  2  3  4  3  2  1 *  0 -2 -4 -4 -1  2  4  6  8  8  6  3  1	
  0 -2 -3 -2 -2  0  0  1  2  2  2  1  1 * -1 -2 -2 -1  0  1  2  3  4  4  3  2  1	
 4842.972 -357.716
  1 -1 -3 -4 -2 -1  0  1  2  2  2  1  1 * -1 -3 -6 -8 -4  0  3  6  8  8  6  3  0	
  0 -1 -2 -2 -1 -1  0  0  1  1  1  1  1 * -1 -2 -4 -4 -3 -1  1  3  4  4  3  2  1	
 4842.972 -357.576
  1  0 -1 -2 -1 -1  0  0  1  1  1  0  0 *  0 -4 -9-10 -5  0  3  6  9  9  7  5  2	
  0  0 -1 -1  0  0  0  0  0  0  0  0  0 *  0 -3 -5 -5 -4 -2  0  3  4  4  4  3  1	
 4842.972 -357.436
  1  1  1 -1 -1 -1 -1 -1 -1  0  0  0  0 *  1 -4-10-11 -6 -1  3  6  9 10  8  6  3	
  0  0  0  0  0  0  0  0  0  0  0  0  0 *  0 -3 -5 -6 -4 -2  0  3  4  5  5  4  2	
 4842.972 -357.296
  0  2  1  0  0 -1 -1 -2 -2 -1 -1 -1  0 *  2 -4-10-12 -7 -2  3  7 10 10  9  6  3	
  0  1  1  1  0  0  0 -1 -1 -1 -1 -1  0 *  0 -3 -5 -6 -5 -2  0  3  4  5  5  4  2	
 4842.972 -357.156
  0  2  2  1  0 -1 -2 -3 -3 -3 -2 -2 -1 *  2 -4-10-13 -7 -2  3  7 10 11 10  7  4	
  0  1  1  1  1  0 -1 -1 -1 -2 -2 -1 -1 *  0 -3 -5 -6 -5 -2  0  2  5  6  5  4  2	
 4843.066 -358.066
  0  0 -1  0  1  0  0  0  1  0  0  1  0 *  0  0  2  3  1  0  0  0 -1 -1 -1  0  0	
  0 -1  0  0  0  0  0  0  0  0  0  0  0 * -1  0  1  1  1  0  0  0 -1  0  0  0  0	
 4843.066 -357.926
  0 -1 -2 -2  0  1  1  2  3  3  2  1  0 * -1  0  2  2  3  4  3  4  5  5  2  0 -1	
  0 -1 -1  0  0  1  1  1  1  1  1  1  0 * -1  0  1  2  2  2  2  3  3  2  2  1 -1	
 4843.066 -357.786
  1 -2 -5 -6 -2  0  1  2  3  4  3  2  1 *  0 -1 -4 -5 -2  1  3  5  7  7  5  3  0	
  0 -2 -3 -2 -1  0  0  1  2  2  2  1  1 *  0 -1 -2 -2 -1  0  2  3  3  3  3  2  1	
 4843.066 -357.646
  0 -1 -2 -3 -1  0  1  1  2  2  2  1  0 * -1 -5-10-11 -6  0  3  6  9  9  7  4  0	
  0 -1 -1 -1  0  0  0  1  1  1  1  1  0 *  0 -4 -6 -6 -4 -2  1  3  4  4  4  3  1	
 4843.066 -357.506
  1  1  0 -1 -1  0  0  0  1  1  1  1  0 *  1 -5-11-12 -6  0  4  7 10 11  9  6  3	
  0  0  0  0  0  0  0  0  0  1  1  0  0 *  0 -4 -6 -6 -5 -2  0  3  5  5  5  4  2	
 4843.066 -357.366
  0  2  1  0  0 -1 -1 -1 -1 -1  0  0  0 *  2 -5-11-13 -7 -1  3  8 11 11 10  7  3	
  0  1  1  1  0  0  0 -1 -1  0  0  0  0 *  0 -3 -6 -7 -5 -2  0  3  5  6  5  4  2	
 4843.066 -357.226
  0  2  1  0  0 -1 -2 -2 -2 -1 -1 -1  0 *  2 -4-10-13 -7 -2  3  8 11 12 10  7  4	
  0  1  1  1  0  0  0 -1 -1 -1 -1 -1  0 *  1 -3 -5 -6 -5 -2  0  3  5  6  6  4  2	
 4843.160 -357.856
 -1  0  2  3  2  3  2  2  3  2  1  0  0 * -1  1  1  2  1  3  2  3  4  3  2  0  0	
 -1  0  1  2  2  1  1  1  1  1  1  0  0 *  0  1  1  1  1  1  2  2  2  1  1  0  0	
 4843.160 -357.716
 -1 -1 -1 -1  1  3  3  5  6  5  4  2  0 * -1 -4 -8 -9 -3  1  3  5  7  7  5  3  0	
 -1 -1  0  0  1  1  2  2  3  3  2  1  0 * -1 -3 -4 -4 -2  0  1  3  3  3  3  2  1	
 4843.160 -357.576
  0  1  0 -1  0  1  1  2  3  3  3  1  1 *  0 -6-12-12 -6  1  5  8 11 11  9  5  1	
  0  1  0  0  0  0  1  1  1  2  1  1  1 * -1 -5 -7 -7 -5 -2  1  4  5  6  5  4  2	
 4843.160 -357.436
  1  2  1  0  0 -1 -1  0  0  1  1  0  1 *  2 -6-11-13 -6  0  4  9 12 13 11  7  3	
  1  1  1  1  0  0  0  0  0  0  0  0  0 *  0 -4 -6 -7 -5 -2  1  4  6  6  6  5  2	
 4843.160 -357.296
  0  3  2  1  0 -1 -2 -2 -2 -1 -1 -1  0 *  2 -5-11-13 -7 -1  4  9 12 13 10  7  4	
  0  2  1  2  1  0  0 -1 -1 -1 -1 -1  0 *  0 -3 -6 -6 -5 -2  0  3  5  6  6  5  3	
 4843.160 -357.156
  0  2  2  1  0 -1 -2 -2 -3 -2 -1 -1  0 *  2 -4-10-13 -8 -2  3  8 12 12 10  7  4	
  0  1  1  1  1  0 -1 -1 -1 -1 -1 -1  0 *  1 -2 -5 -6 -5 -3  0  3  5  6  6  5  3	
 4843.254 -357.786
  0  1  2  2  1  1  1  1  1  0  0  0  0 *  0  0  0  0  0 -1 -1 -2 -2 -1 -1  0  0	
  0  1  1  1  1  0  1  0  0  0  0  0  0 *  0  0  0  0  0  0 -1 -1 -1 -1  0  0  0	
 4843.254 -357.646
  1  2  3  3  1 -1  1  2  4  4  3  2  1 * -2 -6-10-10 -4  4  7 11 13 11  7  3 -1	
  1  2  2  2  1  0  1  1  1  2  2  1  1 * -2 -5 -6 -6 -3  0  3  6  6  6  4  3  0	
 4843.254 -357.506
  1  2  1  0  0 -1  0  0  1  3  2  2  1 *  0 -5-10-10 -5  1  6 10 13 13 10  6  2	
  1  1  1  1  0  0  0  0  0  1  1  1  1 * -1 -4 -6 -6 -4 -1  2  4  6  6  6  4  2	
 4843.254 -357.366
  1  2  2  1  0 -1 -1 -1 -1  0  0  0  1 *  2 -4 -9-11 -6  0  4  9 12 12 10  6  3	
  1  2  1  1  1  0  0 -1 -1  0  0  0  0 *  0 -3 -5 -6 -4 -2  1  3  5  6  5  4  2	
 4843.254 -357.226
  1  3  3  2  1 -1 -2 -3 -3 -2 -1 -1  0 *  2 -3 -9-11 -6 -2  3  8 11 11  9  6  3	
  1  2  2  2  1  0 -1 -1 -1 -1 -1 -1  0 *  1 -2 -4 -5 -4 -2  0  3  5  6  5  4  2	
 4843.348 -357.996
  0 -1 -1  0 -2 -1  1  2  2  2  2  1  1 *  0  0  0  0  0  0  0  0  0  0  0  0  0	
  1  1  0  0 -1 -1  0  0  1  1  1  1  1 *  0  0  0  0  0  0  0  0  0  0  0  0  0	
 4843.348 -357.856
  1  1  2  2 -2 -3  2  2  4  2  1  1  1 * -1 -2 -3 -2  0  2 -1 -1 -2  0  0  0 -1	
  1  1  1  1 -1 -2 -1  1  2  2  1  1  1 * -1 -1 -2 -1  0  1  1  0 -1 -1 -1  0  0	
 4843.348 -357.716
  1  3  3  3  0 -3 -4 -4 -2  0  0  0  1 * -2 -5 -8 -7 -3  2  5  7  5  1  0  0 -1	
  2  2  2  2  0 -1 -2 -3 -2 -1  0  0  1 * -2 -4 -4 -4 -3  0  1  4  4  2  0  0 -1	
 4843.348 -357.576
  1  3  2  2  0 -2 -2 -2 -1  1  2  1  1 * -1 -5 -8 -9 -4  2  7 11 14 13  9  4  0	
  2  2  2  2  1  0 -1 -1 -1  0  0  1  1 * -2 -4 -5 -5 -4 -1  2  5  6  7  6  4  1	
 4843.348 -357.436
  1  2  2  2  0 -1 -2 -2 -2 -1  0  0  1 *  1 -4 -8 -9 -4  0  5  9 12 12  9  6  2	
  1  1  2  2  1  0 -1 -1 -1 -1  0  0  0 *  0 -3 -5 -5 -4 -2  1  4  5  6  5  4  2	
 4843.348 -357.296
  1  2  2  2  0 -1 -2 -3 -3 -2 -1  0  0 *  2 -3 -8-10 -6 -1  4  8 11 11  9  6  3	
  1  1  2  2  1  0 -1 -1 -1 -1 -1  0  0 *  1 -2 -4 -5 -4 -2  0  3  5  5  5  4  2	
 4843.348 -357.156
  0  2  3  3  1 -1 -3 -3 -4 -3 -2 -1  0 *  2 -2 -8-11 -7 -2  3  7 11 11  9  6  3	
  0  1  2  2  1  0 -1 -2 -2 -2 -1 -1  0 *  1 -1 -4 -5 -4 -2  0  2  5  5  5  4  2	
 4843.442 -358.066
  0  0  0  0 -2 -2 -1  0  1  1  0  0  0 *  0  1 -1 -1  3  3  1 -1 -3 -3 -2 -1 -1	
  0  0  0  0 -1 -1 -1 -1  0  1  1  0  0 * -2 -2 -1  0  2  3  2  1  0 -2 -2 -2 -1	
 4843.442 -357.926
  0  0  0  0 -1 -2 -2 -2  0  1  1  0  0 * -1 -2 -2 -2  1  3  0 -1 -2 -2 -1  0  0	
  0  0  0  0  0 -1 -1 -1 -1  0  0  0  0 *  0  0 -1 -1  1  2  2  0 -1 -2 -1  0  0	
 4843.442 -357.786
  1  2  2  2 -1 -3 -4 -4 -2  1  0  0  1 * -2 -5 -7 -6 -3  2  4  6  4  1  0  0 -1	
  2  2  2  1  0 -1 -2 -3 -3 -1  1  1  1 * -3 -4 -4 -4 -2  0  1  3  3  2  1  0 -1	
 4843.442 -357.646
  2  3  3  2  0 -3 -4 -5 -5 -2  1  1  1 * -2 -6 -8 -7 -4  1  6 10 13 10  5  1 -1	
  2  2  2  2  1 -1 -2 -3 -3 -2 -1  0  1 * -2 -4 -5 -5 -4 -1  1  4  6  6  4  2  0	
 4843.442 -357.506
  1  2  3  2  0 -2 -3 -4 -4 -2 -1  0  1 *  0 -5 -8 -9 -4  0  5  9 13 13 10  6  2	
  1  1  2  2  1  0 -1 -2 -2 -2 -1  0  0 *  0 -3 -5 -5 -4 -2  1  4  6  6  6  5  2	
 4843.442 -357.366
  1  2  2  2  1 -1 -3 -4 -4 -2 -1  0  0 *  2 -3 -8-10 -5 -1  4  8 12 12 10  6  3	
  1  1  2  2  1  0 -1 -2 -2 -1 -1 -1  0 *  1 -2 -4 -5 -4 -2  0  3  5  5  5  4  3	
 4843.442 -357.226
  0  2  2  2  1 -1 -3 -4 -4 -3 -2 -1  0 *  2 -2 -8-10 -6 -1  4  8 11 11  9  6  3	
  0  1  2  2  1  0 -1 -2 -2 -2 -1 -1  0 *  1 -1 -4 -5 -4 -2  0  3  4  5  5  4  2	
