Roscoff                   	
 4839.674 -416.950
  0  0  6  1  1  0 -2 -3 -4 -3  0  0  0 *  0  0-14 -5 -4 -1  2  4  8 10  1  1  1	
  0  0  1  1  1  0 -1 -2 -2 -1 -1  0  0 *  0 -1 -4 -4 -2 -1  1  3  4  5  4  1  0	
 4839.674 -414.600
  0  1  2  2  1  0 -1 -3 -3 -3  0  0  0 *  0  0-20 -6 -3 -2 -1 -1  1  3  9  1  0	
  0  0  0  1  0  0  0 -1 -1 -1 -1 -1  0 * -2 -4 -3 -2 -1  0  0  0  0  1  2  2  0	
 4841.274 -418.125
 -3  4 10 13 11  8  3 -5-13-13 -9 -7 -4 *  0 -2 -5 -4 -3 -1  0  2  4  5  5  3  1	
 -1  3  7  8  7  5  2 -3 -7 -8 -7 -5 -3 *  0 -1 -2 -2 -2 -1  0  1  2  2  2  2  1	
 4841.274 -415.775
 -4  3  9 12 11  9  4 -2-10-12-11 -9 -6 *  1 -2 -4 -4 -3 -2 -1  0  3  4  4  3  1	
 -2  1  5  7  7  5  3  0 -5 -7 -7 -6 -4 *  0 -1 -2 -2 -2 -1 -1  0  1  2  2  2  1	
 4841.274 -413.425
 -1  2  5  6  6  5  3 -1 -6 -7 -6 -4 -2 * -1 -1  1  2  2  2  1  0 -2 -3 -3 -2 -1	
 -1  1  3  4  4  3  2  0 -3 -4 -4 -4 -2 * -2 -1  1  2  2  2  1  0 -1 -2 -2 -3 -2	
 4842.874 -419.300
-13 -3 10 19 21 19 14  5 -7-16-20-19-15 * -1 -1  0  1  1  2  2  1  0  0 -1 -1 -1	
 -6 -1  5 10 11 11  8  4 -2 -7-10-10 -9 * -1  0  0  1  1  1  1  1  0  0  0 -1 -1	
 4842.874 -416.950
-13 -4  8 17 20 18 13  5 -6-15-19-18-15 * -1 -1  0  1  1  1  1  1  0 -1 -1 -2 -2	
 -6 -1  4  8 11 10  8  4 -2 -6 -9-10 -8 * -1  0  0  1  1  1  1  0  0 -1 -1 -1 -1	
 4842.874 -414.600
-12 -3  8 16 19 17 13  5 -5-14-17-17-14 * -3 -2  0  1  2  2  1  1  0 -1 -2 -3 -3	
 -5 -1  4  8 10  9  7  4 -1 -6 -8 -9 -7 * -1 -1  0  1  1  1  1  0  0 -1 -1 -1 -2	
 4842.874 -412.250
 -9 -1  8 14 17 15 11  4 -6-13-15-14-11 * -3 -1  1  3  3  3  2  0 -2 -4 -4 -4 -3	
 -5 -1  4  8  9  8  6  3 -2 -6 -8 -8 -7 * -2 -1  1  2  2  2  1  0 -1 -2 -3 -3 -2	
 4842.874 -409.900
 -7  5 15 19 20 17 12  2-11-20-21-18-11 * -2 -2  1  5  6  5  4  2  0 -1 -1 -1 -2	
 -6  0  6 11 12 11  8  3 -4 -9-12-12 -9 *  0  0  1  2  3  3  2  1  0  0 -1 -1  0	
 4842.874 -407.550
  3  9 12 10  7  5  2 -2 -9-12-10 -6  1 * -1 -1 -1  0  1  2  2  2  1  0 -1 -1 -1	
 -2  1  3  5  6  5  3  0 -3 -6 -6 -6 -4 * -1 -1  0  0  0  0  1  1  0  0  0  0 -1	
 4842.874 -405.200
  4  6  8  7  5  3  0 -4 -7 -7 -3  1  4 *  3  3  3  1  1  0 -1 -2 -4 -4 -3  0  2	
  1  2  3  3  3  3  2  0 -2 -3 -3 -2 -1 * -1  0  1  1  1  1  0 -1 -2 -2 -2 -2 -1	
 4842.874 -346.400
 -5  1  8 10  9  7  3 -2 -8-11-10 -9 -6 *  0  1  1 -1 -2 -2 -2 -2  0  0  0  0  0	
 -3  1  4  6  6  4  2 -1 -4 -6 -7 -6 -4 *  0  1  1  0  0 -1 -1 -1 -1  0  0  0  0	
 4842.874 -344.050
 -6  2  9 11 10  8  4 -2 -9-12-12-11 -7 *  1  0 -2 -2 -2 -1  0  1  2  3  3  3  2	
 -3  0  4  6  7  5  3  0 -4 -6 -7 -6 -5 *  1  0 -1 -1 -1 -1 -1  0  1  1  1  1  1	
 4844.474 -418.125
-16 -7  6 16 21 21 17  9 -2-13-19-21-18 * -3 -1  1  3  3  3  3  2  0 -2 -3 -3 -3	
 -7 -2  3  8 10 11  9  5  0 -5 -9-10 -9 * -1 -1  0  1  2  2  2  1  0 -1 -1 -2 -2	
 4844.474 -415.775
-17 -7  6 17 22 22 18  9 -3-13-20-22-19 * -4 -2  0  3  4  4  3  2  0 -2 -3 -4 -4	
 -7 -3  3  8 11 11  9  5  0 -6 -9-11-10 * -2 -1  0  1  2  2  2  1  0 -1 -2 -2 -2	
 4844.474 -413.425
-15 -6  5 15 19 19 16  8 -2-12-18-20-17 * -5 -3  0  3  5  5  4  2  0 -3 -4 -5 -5	
 -7 -3  2  7 10 10  8  5  0 -5 -8-10 -9 * -2 -1  0  2  2  3  2  1  0 -1 -2 -3 -3	
 4844.474 -411.075
-13 -3  8 15 19 19 15  7 -4-13-19-19-15 * -6 -5 -1  3  5  5  4  2  0 -2 -3 -5 -6	
 -7 -2  3  7 10 10  8  4 -1 -5 -9-10 -9 * -2 -1  1  2  2  2  2  1  0 -1 -2 -2 -2	
 4844.474 -408.725
 -7  1 10 15 17 16 13  6 -3-11-14-13 -9 * -8 -7 -4  0  3  4  4  2  1 -1 -3 -6 -8	
 -4 -1  3  6  8  8  7  4  0 -5 -7 -8 -6 * -2 -2 -1  1  1  2  2  1  0  0 -1 -2 -2	
 4844.474 -406.375
  1  6 11 13 13 13 10  5 -2 -8 -8 -6 -1 * -4  0  1  2  4  4  4  2 -1 -4 -7 -8 -5	
 -2  1  4  6  7  6  5  3 -1 -4 -5 -5 -4 * -4 -2  0  1  2  3  2  1  0 -1 -3 -4 -4	
 4844.474 -349.925
-11 -4  5 12 14 12  8  2 -6-12-15-15-12 *  1  0 -2 -2 -2 -2 -2 -2  0  1  1  2  1	
 -5 -2  2  6  7  6  5  2 -2 -5 -7 -8 -7 *  0  0 -1 -1 -1 -1 -1  0  0  0  0  0  0	
 4844.474 -347.575
-11 -4  6 13 16 14 10  3 -5-12-16-16-13 *  0  1  1  0  0  0  0  0  0  0  0  0  0	
 -5 -2  2  6  8  7  5  2 -2 -5 -8 -8 -7 *  0  0  0  0  0  0  0  0  0  0  0  0  0	
 4844.474 -345.225
 -8 -2  6 13 15 14 10  4 -4-10-13-13-10 *  0 -1 -1 -1  0  0  0  0  1  1  1  1  0	
 -4 -1  2  6  7  7  5  3 -1 -4 -6 -7 -6 *  0  0  0  0  0  0  0  0  0  0  0  0  0	
 4846.074 -419.300
-18 -8  5 16 21 22 19 11 -1-12-19-22-20 * -4 -2  1  3  4  5  4  2  0 -2 -4 -4 -4	
 -7 -3  3  7 10 11  9  5  0 -5 -9-11-10 * -2 -1  1  2  2  2  2  1  0 -1 -2 -2 -2	
 4846.074 -416.950
-17 -8  5 15 21 22 19 11 -1-12-19-22-19 * -4 -2  1  3  4  4  4  2  0 -2 -3 -4 -4	
 -7 -3  3  7 10 11  9  5  0 -5 -9-10-10 * -2 -1  1  2  2  2  2  1  0 -1 -2 -2 -2	
 4846.074 -414.600
-17 -7  5 15 20 21 18 10 -1-11-18-21-19 * -4 -3  0  3  4  4  4  2  0 -2 -3 -4 -4	
 -7 -3  2  7 10 10  9  5  0 -5 -8-10 -9 * -2 -1  0  2  2  2  2  1  0 -1 -2 -2 -2	
 4846.074 -412.250
-16 -7  5 15 19 20 17 10 -1-11-18-20-18 * -6 -4 -1  3  5  5  4  2  0 -2 -4 -5 -6	
 -7 -3  2  7  9 10  8  5  0 -5 -8-10 -9 * -2 -1  0  2  2  3  2  1  0 -1 -2 -2 -2	
 4846.074 -409.900
-16 -7  5 14 19 20 17 10 -1-11-17-20-18 * -8 -6 -3  2  5  6  5  3  0 -2 -4 -6 -8	
 -7 -3  2  7  9 10  8  5  0 -4 -8 -9 -9 * -3 -2  0  1  2  3  2  2  0 -1 -2 -3 -3	
 4846.074 -407.550
-18 -9  4 14 18 19 16  9 -1-10-18-21-19 *-10 -7 -3  3  6  7  6  4  0 -3 -7-10-11	
 -7 -3  2  6  9  9  8  4  0 -4 -8 -9 -9 * -4 -3 -1  2  3  4  3  2  1 -1 -3 -4 -4	
 4846.074 -405.200
-16 -5  8 15 18 18 15  8 -2-12-21-23-19 * -5  2  7  7  9 10  8  5  0 -7-12-12 -8	
 -8 -3  2  6  9  9  7  4  0 -5 -8-10-10 * -6 -3  0  3  5  5  5  3  0 -2 -5 -6 -6	
 4846.074 -355.800
-11 -3  6 13 16 16 11  3 -7-13-15-15-12 *  2 -1 -4 -5 -7 -7 -7 -4  0  3  5  4  3	
 -5 -2  2  6  8  8  6  3 -1 -5 -7 -8 -7 *  1  0 -1 -2 -2 -2 -2 -2  0  1  2  2  2	
 4846.074 -353.450
 -9 -2  6 13 16 15 11  5 -4-11-14-14-11 *  1 -1 -2 -3 -3 -3 -4 -3 -1  1  2  2  1	
 -5 -1  2  6  7  7  6  3 -1 -4 -7 -7 -6 *  0 -1 -1 -1 -1 -1  0  0  0  1  1  1  0	
 4846.074 -351.100
 -9 -2  7 14 17 16 12  5 -4-11-14-14-11 *  0  0 -1 -2 -2 -1 -2 -2 -1  1  1  1  1	
 -5 -1  3  6  8  8  6  3 -1 -5 -7 -8 -7 *  0  0  0  0  0  0  0  0  0  1  0  0  0	
 4846.074 -348.750
-11 -3  7 15 17 16 12  5 -4-12-16-16-13 *  1  0 -1 -2 -2 -1 -1 -1  0  1  2  2  1	
 -5 -1  3  7  8  8  6  3 -1 -5 -8 -8 -7 *  0  0  0  0  0  0  0  0  0  0  1  1  1	
 4846.074 -346.400
-12 -5  5 14 16 15 11  5 -4-12-16-16-14 * -4 -3  0  1  1  1  1  0 -1 -2 -4 -4 -5	
 -6 -3  2  6  8  8  6  3 -1 -5 -8 -9 -8 * -2 -1  0  1  1  1  0  0 -1 -2 -2 -2 -2	
 4846.074 -344.050
 -8 -3  5 11 15 14 11  5 -2 -9-12-12-10 * -4 -4 -2  1  4  4  3  1  0 -1 -2 -3 -4	
 -4 -2  2  5  7  7  6  3  0 -3 -6 -7 -6 * -2 -2  0  1  2  2  2  1  0 -1 -2 -2 -2	
 4847.674 -418.126
-18 -8  5 15 21 22 19 11  0-11-18-21-19 * -4 -2  1  3  5  5  4  3  0 -2 -4 -5 -5	
 -7 -3  2  7 10 10  9  5  0 -5 -9-10-10 * -2 -1  1  2  3  3  2  1  0 -1 -2 -2 -2	
 4847.674 -415.775
-17 -8  4 15 20 21 18 11  0-11-18-21-19 * -4 -3  0  3  5  5  4  3  0 -2 -4 -5 -5	
 -7 -3  2  7 10 10  9  5  0 -5 -9-10-10 * -2 -1  1  2  2  3  2  1  0 -1 -2 -2 -2	
 4847.674 -413.425
-17 -8  4 15 20 21 18 11  0-11-18-21-19 * -5 -4  0  3  5  5  4  3  0 -2 -4 -5 -5	
 -7 -3  2  7 10 10  9  5  0 -5 -8-10 -9 * -2 -1  0  2  2  3  2  1  0 -1 -2 -2 -2	
 4847.674 -411.075
-17 -9  4 14 20 21 18 10  0-11-18-20-19 * -6 -5 -1  2  5  6  5  3  1 -2 -4 -5 -6	
 -7 -3  2  7 10 10  8  5  0 -5 -8-10 -9 * -2 -1  0  2  3  3  3  2  0 -1 -2 -3 -3	
 4847.674 -408.725
-19-10  2 14 20 21 18 10  0-11-18-21-20 * -8 -5 -2  2  5  7  6  4  1 -2 -5 -7 -8	
 -8 -3  2  6  9 10  8  5  0 -5 -8-10 -9 * -3 -2  0  2  3  3  3  2  1 -1 -2 -3 -3	
 4847.674 -406.375
-20-12  1 13 20 21 18 10 -1-11-19-23-22 * -8 -4 -1  3  6  8  7  5  1 -3 -5 -9 -8	
 -8 -4  1  6 10 10  9  5  0 -5 -8-10-10 * -4 -2  0  2  3  4  4  2  1 -1 -3 -4 -4	
 4847.674 -404.025
-22-12  2 15 23 24 20 11 -1-15-24-27-24 * -4 -1  3  4  7  9  8  6  2 -1 -6 -7 -5	
-10 -5  1  7 11 12 10  6  0 -5-10-12-12 * -3 -1  0  2  3  4  4  3  1 -1 -3 -4 -4	
 4847.674 -401.675
-21-10  6 20 27 27 22 12 -2-18-26-27-24 *  0  1  2  4  3  5  6  6  5  2 -2 -1 -1	
-10 -4  2  8 13 13 11  7  1 -6-11-13-12 * -1  0  1  1  1  2  2  2  1  0 -1 -1 -1	
 4847.674 -359.325
-18 -8  6 18 25 26 22 14  1-14-21-23-20 *  1  0 -1 -1 -2 -1  2  4  3  1  2  2  1	
 -8 -3  2  8 11 12 11  7  1 -5 -9-11-10 *  0  0  0  0 -1 -1  0  0  0  1  1  1  1	
 4847.674 -356.975
-15 -7  5 15 21 22 20 13  1-11-18-19-17 *  0 -1 -2 -3 -2 -3 -2 -1 -1  0  2  1  0	
 -7 -3  2  7  9 10  9  5  1 -4 -8-10 -9 *  0  0 -1 -1 -1 -1 -1  0  0  0  1  1  0	
 4847.674 -354.625
-14 -6  4 13 18 19 16 10  0-10-16-17-15 * -1 -2 -2 -2 -1 -1 -2 -2 -1  0  0  0 -1	
 -6 -3  2  6  8  9  7  5  0 -4 -7 -9 -8 * -1 -1 -1 -1  0  0  0  0  0  0  0  0  0	
 4847.674 -352.275
-13 -6  4 13 17 18 15  8 -1-10-15-16-14 * -3 -2 -2 -1  1  1  1  0 -1 -1 -1 -2 -3	
 -6 -3  1  5  8  8  7  4  0 -4 -7 -8 -8 * -1 -1 -1  0  1  1  1  1  1  0  0 -1 -1	
 4847.674 -349.925
-12 -5  4 13 16 16 13  7 -1-10-14-16-13 * -2 -2 -1  0  2  3  2  1  0  0 -2 -2 -2	
 -6 -2  2  5  8  8  7  4  0 -4 -7 -8 -7 * -2 -1  0  0  1  2  2  1  1  0 -1 -1 -2	
 4847.674 -347.575
-11 -4  6 14 17 17 13  7 -2-11-15-16-13 * -1  0  1  2  3  3  3  2  1 -1 -1 -1 -1	
 -5 -2  2  6  8  8  7  4  0 -4 -7 -8 -7 * -1  0  1  1  2  2  2  1  1  0 -1 -1 -1	
 4847.674 -345.225
-13 -6  5 15 19 18 13  7 -3-12-17-17-15 * -2 -2 -1  0  1  1  1  1  0  0  0 -1 -2	
 -6 -2  2  7  9  9  7  4 -1 -5 -8 -9 -8 * -1 -1  0  1  1  1  0  0 -1 -1 -1 -1 -1	
 4849.274 -419.301
-18 -9  4 14 20 22 19 11  0-11-18-21-19 * -5 -2  1  4  5  5  5  3  0 -2 -4 -5 -5	
 -8 -3  2  7 10 10  9  5  0 -5 -8-10-10 * -2 -1  1  2  3  3  2  1  0 -1 -2 -3 -2	
 4849.274 -416.951
-18 -9  4 14 20 21 19 11  0-10-18-21-19 * -5 -3  1  3  5  5  5  3  0 -2 -4 -5 -5	
 -8 -3  2  7 10 10  9  5  0 -5 -8-10-10 * -2 -1  1  2  3  3  2  1  0 -1 -2 -3 -3	
 4849.274 -414.600
-18 -9  4 14 20 21 19 11  0-11-18-21-19 * -5 -3  0  3  5  5  5  3  1 -2 -4 -5 -5	
 -8 -3  2  7 10 10  9  5  0 -5 -8-10-10 * -2 -1  0  2  3  3  2  2  0 -1 -2 -3 -3	
 4849.274 -412.250
-18 -9  3 14 20 21 18 11  0-10-18-21-19 * -6 -4 -1  3  5  5  5  3  1 -2 -4 -5 -6	
 -8 -3  2  7  9 10  9  5  0 -4 -8-10 -9 * -2 -1  0  2  3  3  3  2  0 -1 -2 -3 -3	
 4849.274 -409.900
-18-10  2 14 20 21 18 11  0-11-18-21-20 * -6 -4 -1  2  5  6  5  4  1 -2 -4 -6 -6	
 -8 -4  2  6 10 10  9  5  0 -4 -8-10-10 * -2 -1  0  2  3  3  3  2  0 -1 -2 -3 -3	
 4849.274 -407.550
-19-11  2 13 20 21 18 11  0-11-18-21-20 * -6 -4 -1  2  5  6  6  4  1 -2 -4 -6 -6	
 -8 -4  1  6 10 10  9  5  1 -4 -8-10-10 * -3 -2  0  1  3  3  3  2  1 -1 -2 -3 -3	
 4849.274 -405.200
-20-11  1 14 21 23 19 11  0-11-18-23-22 * -5 -3  0  3  5  7  6  5  2 -1 -4 -6 -6	
 -9 -4  1  7 10 11  9  6  1 -5 -9-11-10 * -3 -2  0  1  3  3  3  2  1 -1 -2 -3 -3	
 4849.274 -402.850
-20-11  2 14 22 23 20 12  1-10-19-23-22 * -4 -2  1  2  4  5  6  5  3  0 -3 -4 -4	
 -9 -4  1  7 10 11 10  6  1 -5 -9-11-11 * -2 -1  0  1  2  2  3  2  1  0 -1 -2 -2	
 4849.274 -400.500
-19-10  3 14 21 23 20 13  2-10-19-22-20 * -2 -2  0  2  2  4  4  4  3  0 -2 -2 -2	
 -8 -4  1  7 10 11 10  6  1 -4 -9-11-10 * -1 -1  0  1  1  2  2  2  1  0 -1 -1 -1	
 4849.274 -358.150
-18 -9  3 14 20 23 20 13  2 -9-18-21-19 * -2 -2 -1  0  1  2  2  3  2  0 -1 -1 -2	
 -8 -4  1  6 10 10  9  6  1 -4 -8-10-10 * -1 -1  0  0  1  1  1  1  1  0  0 -1 -1	
 4849.274 -355.800
-16 -8  3 13 19 20 18 12  2 -9-16-19-18 * -3 -3 -2 -1  1  1  1  1  0  0 -1 -2 -2	
 -7 -3  1  6  9 10  8  5  1 -4 -8 -9 -9 * -1 -1 -1  0  1  1  1  1  0  0  0 -1 -1	
 4849.274 -353.450
-16 -8  3 13 18 19 17 11  1 -9-16-19-17 * -4 -3 -2 -1  1  2  2  1  0 -1 -2 -3 -3	
 -7 -3  1  6  9  9  8  5  1 -4 -7 -9 -9 * -2 -1 -1  0  1  1  1  1  1  0 -1 -1 -2	
 4849.274 -351.100
-15 -7  3 12 18 19 16 10  0 -9-15-18-16 * -4 -3 -1  0  2  3  3  2  0 -1 -2 -4 -4	
 -7 -3  1  5  8  9  8  5  1 -3 -7 -9 -8 * -2 -2 -1  0  1  2  2  1  1  0 -1 -2 -2	
 4849.274 -348.750
-14 -7  3 13 18 19 16  9  0 -9-15-18-16 * -4 -2  0  2  4  5  4  3  1 -1 -3 -4 -4	
 -7 -3  1  6  8  9  8  5  1 -3 -7 -9 -8 * -2 -1  0  1  2  2  2  2  1  0 -1 -2 -2	
 4849.274 -346.400
-15 -8  3 14 19 20 16  9  0-10-16-18-16 * -3 -1  1  3  4  5  4  3  1 -1 -3 -4 -3	
 -7 -3  2  6  9 10  8  5  1 -4 -7 -9 -8 * -2 -1  0  1  2  2  2  2  1 -1 -2 -2 -2	
 4849.274 -344.050
-13 -7  2 11 16 17 13  7 -1-10-15-16-14 * -2 -2  0  1  2  3  3  2  1  0 -1 -1 -1	
 -6 -2  2  5  8  8  7  4  0 -4 -7 -8 -7 * -1 -1  0  1  1  1  1  1  0  0 -1 -1 -1	
 4850.874 -418.126
-18 -9  3 14 20 21 19 12  1-10-17-21-20 * -5 -3  1  4  5  6  5  3  1 -2 -4 -5 -5	
 -8 -4  2  6  9 10  9  6  1 -4 -8-10-10 * -2 -1  1  2  3  3  3  2  0 -1 -2 -3 -3	
 4850.874 -415.776
-18 -9  3 14 20 21 19 12  1-10-17-21-19 * -5 -3  0  3  5  6  5  3  1 -2 -4 -5 -5	
 -8 -4  2  6  9 10  9  5  1 -4 -8-10-10 * -2 -1  1  2  3  3  3  2  0 -1 -2 -3 -3	
 4850.874 -413.426
-18 -9  3 13 20 21 19 11  1-10-17-21-19 * -6 -4  0  3  5  6  5  4  1 -2 -4 -5 -6	
 -8 -4  1  6  9 10  9  6  1 -4 -8-10-10 * -2 -1  0  2  3  3  3  2  0 -1 -2 -3 -3	
 4850.874 -411.075
-18-10  2 13 20 21 18 11  1-10-17-21-20 * -6 -4 -1  3  5  6  6  4  1 -2 -4 -5 -6	
 -8 -4  1  6  9 10  9  5  1 -4 -8-10-10 * -2 -1  0  2  3  3  3  2  0 -1 -2 -3 -3	
 4850.874 -408.725
-18-10  2 13 20 21 19 11  1-10-17-21-20 * -6 -4 -1  2  5  6  6  4  1 -1 -4 -5 -6	
 -8 -4  1  6  9 10  9  6  1 -4 -8-10-10 * -2 -1  0  1  3  3  3  2  1 -1 -2 -3 -3	
 4850.874 -406.375
-19-11  2 13 20 22 19 12  1-10-17-21-20 * -5 -4 -1  2  5  6  6  4  2 -1 -4 -5 -6	
 -8 -4  1  6  9 10  9  6  1 -4 -8-10-10 * -2 -2  0  1  2  3  3  2  1 -1 -2 -3 -3	
 4850.874 -404.025
-19-11  2 13 20 22 19 12  1-10-17-22-20 * -5 -3  0  2  4  5  6  4  2  0 -3 -5 -5	
 -8 -4  1  6 10 11  9  6  1 -4 -8-10-10 * -2 -1  0  1  2  3  3  2  1  0 -2 -2 -2	
 4850.874 -401.675
-19-10  2 13 20 22 20 12  2 -9-17-21-20 * -4 -3 -1  2  3  5  5  4  2  0 -2 -4 -4	
 -8 -4  1  6 10 11  9  6  1 -4 -8-10-10 * -2 -1  0  1  2  2  2  2  1  0 -1 -2 -2	
 4850.874 -359.325
-18-10  2 13 20 22 20 13  2 -9-17-21-20 * -4 -3 -1  1  3  4  4  4  2  0 -2 -3 -4	
 -8 -4  1  6  9 10  9  6  1 -4 -8-10-10 * -2 -1  0  1  1  2  2  2  1  0 -1 -2 -2	
 4850.874 -356.975
-17 -9  2 13 19 21 19 12  2 -9-16-20-18 * -4 -3 -2  0  2  3  3  3  2  0 -2 -3 -4	
 -8 -4  1  6  9 10  9  6  1 -4 -8-10 -9 * -2 -1  0  0  1  2  2  1  1  0 -1 -1 -2	
 4850.874 -354.625
-17 -9  2 13 19 21 18 12  2 -9-16-20-18 * -5 -4 -2  0  2  3  3  3  1 -1 -2 -3 -4	
 -8 -4  1  6  9 10  9  6  1 -4 -7-10 -9 * -2 -2 -1  0  1  2  2  1  1  0 -1 -2 -2	
 4850.874 -352.275
-16 -8  2 12 18 20 17 11  1 -9-16-19-17 * -5 -4 -3  0  2  4  4  3  1 -1 -2 -4 -5	
 -7 -4  1  5  8  9  8  5  1 -3 -7 -9 -9 * -2 -2 -1  0  1  2  2  2  1  0 -1 -2 -2	
 4850.874 -349.925
-14 -7  3 12 18 19 16 10  1 -9-15-18-16 * -5 -4 -2  0  3  4  4  3  1 -1 -3 -4 -5	
 -7 -3  1  5  8  9  8  5  1 -3 -7 -9 -8 * -3 -2 -1  0  1  2  2  2  1  0 -1 -2 -3	
 4850.874 -347.575
-13 -5  5 13 18 19 16 10  1 -9-15-17-15 * -3 -2  0  2  3  5  5  3  2 -1 -3 -4 -4	
 -6 -3  2  6  9  9  8  5  1 -3 -7 -9 -8 * -2 -2  0  1  2  2  2  2  1  0 -1 -2 -3	
 4850.874 -345.225
-13 -6  4 13 18 18 15  9  0 -9-14-16-14 * -1  0  2  3  4  5  5  3  2  0 -2 -2 -2	
 -6 -2  2  6  8  9  7  5  1 -4 -7 -8 -7 * -1  0  1  2  2  2  2  2  1  0 -1 -2 -2	
 4850.875 -319.374
  0  2  7 11 11  6  1 -5 -8 -6 -4 -2 -1 *  0  0  2  3  3  1  0 -1 -2 -2 -1  0  0	
  0  2  4  7  7  6  3 -1 -4 -5 -4 -2 -1 * -1 -1  0  2  2  2  1  0 -1 -2 -2 -1 -1	
 4852.474 -419.301
-18 -9  3 13 19 21 19 12  1-10-17-21-20 * -5 -3  1  4  6  6  6  4  1 -2 -4 -6 -6	
 -8 -4  1  6  9 10  9  6  1 -4 -8-10-10 * -2 -1  1  2  3  3  3  2  0 -1 -2 -3 -3	
 4852.474 -416.951
-18 -9  3 13 19 21 19 12  1-10-17-21-20 * -6 -3  0  3  5  6  6  4  1 -2 -4 -6 -6	
 -8 -4  1  6  9 10  9  6  1 -4 -8-10-10 * -2 -1  1  2  3  3  3  2  0 -1 -2 -3 -3	
 4852.474 -414.601
-18-10  2 13 19 21 19 12  1 -9-17-21-19 * -6 -3  0  3  5  6  6  4  1 -2 -4 -6 -6	
 -8 -4  1  6  9 10  9  6  1 -4 -8-10-10 * -2 -1  0  2  3  3  3  2  0 -1 -2 -3 -3	
 4852.474 -412.251
-18-10  2 13 19 21 19 12  1 -9-17-20-19 * -6 -4  0  3  5  6  6  4  1 -1 -4 -5 -6	
 -8 -4  1  6  9 10  9  6  1 -4 -8-10-10 * -2 -1  0  2  3  3  3  2  0 -1 -2 -3 -3	
 4852.474 -409.900
-18-10  2 13 19 21 19 12  1 -9-17-21-20 * -6 -4 -1  2  5  6  6  4  1 -1 -4 -5 -6	
 -8 -4  1  6  9 10  9  6  1 -4 -8-10-10 * -2 -1  0  2  3  3  3  2  1 -1 -2 -3 -3	
 4852.474 -407.550
-18-10  1 12 19 21 19 12  1 -9-17-21-20 * -5 -4 -1  2  4  6  6  4  2 -1 -3 -5 -6	
 -8 -4  1  6  9 10  9  6  1 -4 -8-10-10 * -2 -1  0  1  2  3  3  2  1 -1 -2 -3 -3	
 4852.474 -405.200
-18-10  1 12 19 21 19 12  1 -9-17-21-20 * -5 -3 -1  2  4  5  5  4  2  0 -3 -5 -5	
 -8 -4  1  6  9 10  9  6  1 -4 -8-10-10 * -2 -1  0  1  2  3  3  2  1  0 -2 -2 -3	
 4852.474 -402.850
-19-11  1 12 19 22 19 12  2 -9-17-21-20 * -5 -3 -1  2  4  5  5  4  2  0 -3 -4 -5	
 -8 -4  1  6  9 10  9  6  1 -4 -8-10-10 * -2 -1  0  1  2  3  3  2  1  0 -1 -2 -2	
 4852.474 -400.500
-18-10  1 12 19 22 19 12  2 -9-17-21-20 * -5 -3 -1  1  3  5  5  4  2  0 -3 -4 -5	
 -8 -4  1  6  9 10  9  6  1 -4 -8-10-10 * -2 -1  0  1  2  2  2  2  1  0 -1 -2 -2	
 4852.474 -358.150
-18-10  1 12 19 21 19 12  2 -9-16-20-19 * -5 -4 -2  1  3  4  5  4  2  0 -2 -4 -5	
 -8 -4  1  6  9 10  9  6  1 -4 -7-10-10 * -2 -1  0  1  2  2  2  2  1  0 -1 -2 -2	
 4852.474 -355.800
-18-10  1 12 19 21 19 12  2 -8-16-20-19 * -5 -4 -2  0  3  4  5  4  2  0 -2 -4 -5	
 -8 -4  1  5  9 10  9  6  1 -3 -7-10 -9 * -2 -2 -1  1  2  2  2  2  1  0 -1 -2 -2	
 4852.474 -353.450
-17-10  0 11 18 20 18 12  2 -8-16-19-18 * -5 -5 -3  0  3  4  4  3  2  0 -2 -4 -5	
 -8 -4  1  5  9 10  9  6  1 -3 -7 -9 -9 * -2 -2 -1  0  1  2  2  2  1  0 -1 -2 -2	
 4852.474 -351.100
-17-10  0 11 17 20 17 11  2 -8-15-19-18 * -6 -5 -3  0  3  5  5  4  2  0 -3 -5 -6	
 -7 -4  0  5  8  9  8  5  1 -3 -7 -9 -9 * -3 -2 -1  0  2  2  2  2  1  0 -1 -2 -3	
 4852.474 -348.750
-16-10  0 10 17 19 17 10  1 -8-15-18-18 * -7 -6 -3  0  3  5  6  4  2  0 -3 -6 -7	
 -7 -4  0  5  8  9  8  5  1 -3 -7 -9 -9 * -3 -3 -1  0  2  3  3  2  1  0 -1 -3 -3	
 4852.474 -346.400
-14 -7  2 11 16 18 15  9  1 -8-14-16-15 * -6 -4 -2  1  4  6  7  5  3  0 -4 -6 -6	
 -7 -4  1  5  8  8  7  5  1 -3 -6 -8 -8 * -4 -2 -1  1  2  3  3  3  2  0 -2 -3 -4	
 4852.474 -344.050
-10 -4  5 14 17 18 15  9  0 -9-14-15-11 * -2 -1  2  4  6  7  7  5  3  0 -3 -3 -2	
 -6 -2  2  6  8  9  7  4  0 -4 -7 -8 -7 * -1  0  2  3  4  4  4  3  2  0 -2 -2 -2	
 4852.475 -320.550
-11 -5  3 13 19 19 14  7 -3-12-16-16-13 * -4 -3 -1  1  3  4  4  3  0 -2 -4 -4 -4	
 -7 -3  2  6  9 10  8  5  1 -4 -8 -9 -8 * -2 -2  0  1  2  2  1  1  0 -1 -2 -2 -2	
 4852.475 -318.199
 -6 -1  6 13 17 16 11  4 -5-12-14-11 -8 * -4 -2  1  4  5  4  2  0 -2 -4 -5 -5 -4	
 -5 -1  3  6  9  9  7  4  0 -4 -7 -8 -6 * -3 -2  0  2  3  3  3  1  0 -2 -3 -3 -3	
 4852.475 -315.849
 -1  3  8 13 15 13  8  1 -6-10 -8 -5 -2 *  0  1  2  3  5  4  2  0 -3 -5 -4 -2  0	
 -1  2  5  7  8  7  5  2 -1 -5 -6 -5 -3 * -1  0  1  2  3  3  2  1 -1 -2 -3 -3 -2	
 4852.475 -313.499
  0  6 11 18 20 17  9 -4-14-15-11 -6 -2 *  1  1  0  0  0  1  1  1  2  3  3  2  2	
  1  6  9 11 11  9  5 -1 -7 -9 -8 -5 -2 *  1  0  0  0  0  0  1  1  1  1  1  1  1	
 4852.475 -308.799
  1  3  6  8 10  9  4 -2 -8 -8 -6 -3  0 *  1 -1 -4 -5 -4 -3 -2 -2 -1  0  1  2  1	
 -1  2  4  6  6  5  3 -1 -4 -5 -5 -4 -2 *  0  0 -1 -2 -2 -1 -1 -1 -1  0  0  1  0	
 4852.475 -306.449
  0  0  1  1  5  6  3 -3 -3 -1  0  0  0 *  0  0  0  1  1  4  1 -1 -3  1  0  0  0	
  0  0  1  1  2  3  1 -1 -2 -1  0  0  0 *  0  0  0  0  1  1  1  0 -1 -1  0  0  0	
 4854.074 -418.126
-18-10  2 13 19 21 19 12  1 -9-17-21-20 * -6 -3  1  4  6  6  6  4  1 -2 -4 -6 -6	
 -8 -4  1  6  9 10  9  6  1 -4 -8-10-10 * -2 -1  1  2  3  3  3  2  0 -1 -3 -3 -3	
 4854.074 -415.776
-18-10  2 12 19 21 19 12  1 -9-16-20-19 * -6 -3  0  3  5  6  6  4  1 -2 -4 -6 -6	
 -8 -4  1  6  9 10  9  6  1 -4 -7-10 -9 * -2 -1  0  2  3  3  3  2  0 -1 -2 -3 -3	
 4854.074 -413.426
-18-10  2 12 19 21 19 12  1 -9-16-20-19 * -6 -4  0  3  5  6  6  4  1 -1 -4 -5 -6	
 -8 -4  1  6  9 10  9  6  1 -4 -7-10 -9 * -2 -1  0  2  3  3  3  2  0 -1 -2 -3 -3	
 4854.074 -411.076
-18-10  1 12 19 21 19 12  2 -9-16-20-19 * -6 -4 -1  2  5  6  6  4  2 -1 -4 -5 -6	
 -8 -4  1  6  9 10  9  6  1 -4 -7-10-10 * -2 -1  0  2  3  3  3  2  1 -1 -2 -3 -3	
 4854.074 -408.725
-18-10  1 12 19 21 19 12  2 -9-16-20-19 * -6 -4 -1  2  4  6  6  4  2 -1 -3 -5 -6	
 -8 -4  1  6  9 10  9  6  1 -4 -7-10 -9 * -2 -1  0  1  2  3  3  2  1 -1 -2 -3 -3	
 4854.074 -406.375
-18-10  1 12 19 21 19 12  2 -9-16-20-19 * -5 -4 -1  2  4  5  6  4  2 -1 -3 -5 -5	
 -8 -4  1  6  9 10  9  6  1 -4 -7-10 -9 * -2 -2  0  1  2  3  3  2  1  0 -2 -2 -3	
 4854.074 -404.025
-18-11  1 12 19 21 19 12  2 -9-16-20-20 * -5 -4 -1  2  4  5  5  4  2  0 -3 -5 -5	
 -8 -4  1  6  9 10  9  6  1 -4 -7-10-10 * -2 -1  0  1  2  3  3  2  1  0 -1 -2 -3	
 4854.074 -401.675
-18-11  1 12 19 21 19 12  2 -8-16-20-19 * -5 -4 -1  1  4  5  5  4  2  0 -3 -4 -5	
 -8 -4  1  5  9 10  9  6  1 -3 -7-10-10 * -2 -2  0  1  2  3  3  2  1  0 -1 -2 -3	
 4854.074 -359.325
-18-11  1 12 19 21 19 12  2 -8-16-20-19 * -5 -4 -2  1  3  5  5  4  2  0 -3 -4 -5	
 -8 -4  1  5  9 10  9  6  1 -3 -7-10-10 * -2 -2  0  1  2  2  2  2  1  0 -1 -2 -2	
 4854.074 -356.975
-18-11  0 11 18 21 19 12  2 -8-16-20-19 * -5 -4 -2  1  3  5  5  4  2  0 -3 -4 -5	
 -8 -4  0  5  9 10  9  6  1 -3 -7 -9 -9 * -2 -2 -1  1  2  2  2  2  1  0 -1 -2 -3	
 4854.074 -354.625
-18-11  0 11 18 21 19 12  2 -8-16-20-19 * -5 -5 -2  0  3  5  5  4  2  0 -3 -4 -5	
 -8 -4  0  5  9 10  9  6  2 -3 -7 -9 -9 * -2 -2 -1  1  2  2  3  2  1  0 -1 -2 -3	
 4854.074 -352.275
-18-11  0 11 18 20 18 12  2 -8-15-19-19 * -6 -5 -3  0  3  5  5  4  2  0 -3 -5 -6	
 -8 -4  0  5  8 10  9  6  2 -3 -7 -9 -9 * -3 -2 -1  1  2  3  3  2  1  0 -1 -2 -3	
 4854.074 -349.925
-18-12 -1 10 18 20 18 11  2 -8-16-19-19 * -7 -6 -3  0  4  6  6  5  2  0 -3 -6 -7	
 -8 -5  0  5  8 10  9  6  1 -3 -7 -9 -9 * -3 -2 -1  1  2  3  3  2  1  0 -2 -3 -3	
 4854.074 -347.575
-19-12 -2  9 17 20 18 11  2 -8-16-20-20 * -8 -6 -3  1  4  7  7  5  3  0 -4 -6 -8	
 -8 -5  0  4  8  9  8  6  1 -3 -7 -9-10 * -4 -3 -1  1  2  3  3  3  1  0 -2 -3 -4	
 4854.074 -345.225
-20-13 -3  9 17 20 18 11  2 -8-16-21-21 * -8 -6 -2  3  7  9  9  7  3 -1 -5 -8 -9	
 -9 -6 -1  4  8  9  9  6  2 -3 -7-10-10 * -4 -2  0  2  3  5  5  4  2  0 -2 -4 -4	
 4854.075 -319.375
-15 -9  1 13 21 20 13  5 -4-13-18-19-17 * -5 -5 -2  1  3  3  3  2  0 -2 -4 -5 -6	
 -8 -4  1  6 10 11  9  5  0 -5 -8-10-10 * -3 -2 -1  1  2  2  2  1  0 -1 -2 -3 -3	
 4854.075 -317.025
-14 -7  3 14 21 21 15  7 -3-13-18-18-15 * -7 -5 -1  4  7  7  5  2 -1 -4 -7 -8 -7	
 -8 -4  1  7 10 11  9  5  1 -4 -8-10-10 * -4 -3 -1  2  4  4  4  2  1 -1 -3 -4 -4	
 4854.075 -314.674
-11 -4  7 19 25 24 17  7 -5-16-20-18-13 * -4 -2  2  6  8  8  5  3 -1 -4 -6 -6 -4	
 -7 -3  4  9 12 13 10  6  0 -6-11-12-10 * -3 -1  1  3  4  5  4  3  1 -1 -3 -4 -4	
 4854.075 -312.324
 -7  1 12 22 26 24 17  6 -7-17-19-15 -9 * -1  0  3  5  6  6  5  3  1 -1 -2 -1 -1	
 -5  0  6 11 14 13 10  5 -1 -8-11-11 -8 * -1  0  1  3  3  4  3  2  1  0 -1 -1 -1	
 4854.075 -309.974
 -6  3 15 25 29 26 18  5 -9-18-18-14 -8 * -2 -2  0  1  3  4  3  2  0 -2 -4 -3 -2	
 -5  2  8 13 15 14 10  4 -3-10-12-11 -7 * -2 -1  0  1  2  2  2  1  0 -1 -2 -3 -2	
 4854.075 -307.624
  0  5 11 16 18 16 10  1 -9-12 -9 -4 -1 *  0  1  1  2  4  4  2  0 -3 -5 -4 -2 -1	
 -1  3  7  9 10  9  6  1 -3 -7 -7 -5 -2 * -2  0  1  2  2  2  1  0 -2 -3 -4 -3 -2	
 4855.674 -419.301
-18-10  2 12 19 21 19 12  2 -9-16-20-20 * -6 -3  1  4  6  6  6  4  1 -2 -4 -6 -6	
 -8 -4  1  6  9 10  9  6  1 -4 -7-10-10 * -2 -1  1  2  3  3  3  2  0 -1 -2 -3 -3	
 4855.674 -416.951
-18-10  2 12 18 21 19 12  2 -9-16-20-19 * -5 -3  0  3  5  6  6  4  1 -2 -4 -5 -6	
 -8 -4  1  6  9 10  9  6  1 -4 -7-10 -9 * -2 -1  1  2  3  3  3  2  0 -1 -2 -3 -3	
 4855.674 -414.601
-18-10  1 12 18 20 18 12  2 -9-16-20-19 * -6 -3  0  3  5  6  6  4  1 -1 -4 -5 -6	
 -8 -4  1  5  9 10  9  6  1 -4 -7 -9 -9 * -2 -1  0  2  3  3  3  2  0 -1 -2 -3 -3	
 4855.674 -412.251
-18-10  1 12 18 21 19 12  2 -9-16-20-19 * -6 -4  0  3  5  6  6  4  2 -1 -4 -5 -6	
 -8 -4  1  5  9 10  9  6  1 -4 -7 -9 -9 * -2 -1  0  2  3  3  3  2  1 -1 -2 -3 -3	
 4855.674 -409.901
-18-10  1 12 18 21 19 12  2 -8-16-20-19 * -6 -4 -1  2  4  6  6  4  2 -1 -3 -5 -6	
 -8 -4  1  5  9 10  9  6  1 -3 -7 -9 -9 * -2 -2  0  1  2  3  3  2  1 -1 -2 -3 -3	
 4855.674 -407.551
-18-10  1 11 18 20 18 12  2 -8-16-20-19 * -6 -4 -1  2  4  6  6  4  2 -1 -3 -5 -6	
 -8 -4  1  5  9 10  9  6  1 -3 -7 -9 -9 * -3 -2  0  1  2  3  3  2  1 -1 -2 -3 -3	
 4855.674 -405.200
-18-11  0 11 18 21 19 12  2 -8-16-20-19 * -5 -4 -1  2  4  5  6  5  2  0 -3 -5 -5	
 -8 -4  0  5  9 10  9  6  1 -3 -7 -9 -9 * -2 -2  0  1  2  3  3  2  1  0 -2 -2 -3	
 4855.674 -402.850
-18-11  0 11 18 21 19 12  2 -8-16-20-19 * -5 -4 -1  1  4  5  5  4  2  0 -3 -5 -5	
 -8 -4  0  5  9 10  9  6  1 -3 -7 -9 -9 * -2 -2  0  1  2  3  3  2  1  0 -1 -2 -3	
 4855.674 -400.500
-18-11  0 11 18 21 19 12  2 -8-16-20-19 * -5 -4 -2  1  3  5  5  4  2  0 -3 -4 -5	
 -8 -4  0  5  9 10  9  6  1 -3 -7 -9-10 * -2 -2  0  1  2  3  3  2  1  0 -1 -2 -3	
 4855.674 -358.150
-18-11  0 11 18 21 19 12  2 -8-16-20-19 * -5 -4 -2  1  3  5  5  4  2  0 -3 -4 -5	
 -8 -4  0  5  9 10  9  6  2 -3 -7 -9 -9 * -2 -2 -1  1  2  3  3  2  1  0 -1 -2 -3	
 4855.674 -355.800
-18-11  0 11 18 21 19 12  2 -8-16-20-19 * -5 -4 -2  1  3  5  5  4  2  0 -3 -4 -5	
 -8 -4  0  5  9 10  9  6  2 -3 -7 -9 -9 * -2 -2 -1  1  2  2  3  2  1  0 -1 -2 -3	
 4855.674 -353.450
-18-11 -1 10 18 21 19 12  2 -8-16-20-19 * -6 -5 -2  0  3  5  6  4  2  0 -3 -5 -6	
 -8 -5  0  5  8 10  9  6  2 -3 -7 -9 -9 * -3 -2 -1  1  2  3  3  2  1  0 -1 -2 -3	
 4855.674 -351.100
-18-12 -1 10 18 21 18 12  2 -8-15-20-19 * -6 -5 -3  1  4  6  6  5  3  0 -3 -5 -6	
 -8 -5  0  5  8 10  9  6  2 -3 -7 -9 -9 * -3 -2 -1  1  2  3  3  2  1  0 -1 -2 -3	
 4855.674 -348.750
-19-12 -2 10 18 21 19 12  2 -8-16-20-20 * -7 -5 -3  1  4  6  6  5  3  0 -3 -5 -7	
 -8 -5  0  5  8 10  9  6  2 -3 -7 -9-10 * -3 -2 -1  1  2  3  3  3  1  0 -1 -3 -3	
 4855.674 -346.400
-19-13 -2 10 18 21 19 12  3 -8-16-20-20 * -7 -5 -2  1  5  7  7  6  3  0 -3 -6 -7	
 -9 -5  0  5  9 10  9  6  2 -3 -7-10-10 * -3 -2 -1  1  2  3  3  3  2  0 -2 -3 -3	
 4855.674 -344.050
-20-13 -2 10 19 23 20 13  3 -8-17-21-21 * -7 -5 -2  2  5  8  8  6  3  0 -4 -6 -7	
 -9 -5  0  5  9 11 10  7  2 -3 -7-10-10 * -3 -2 -1  1  3  4  4  3  2  0 -2 -3 -4	
 4855.675 -320.550
-18-11  0 13 23 25 20 11  1-11-18-21-19 * -3 -4 -3  0  1  1  1  1  0 -1 -2 -3 -3	
 -9 -5  1  6 11 12 10  6  2 -4 -9-11-10 * -2 -1 -1  0  1  1  1  0  0 -1 -1 -2 -2	
 4855.675 -318.200
-18-11  0 14 23 24 19 10  0-11-19-21-19 * -5 -5 -3  0  2  2  2  1  0 -2 -3 -5 -5	
 -9 -5  1  7 11 12 10  6  1 -4 -9-11-11 * -3 -2 -1  0  1  2  2  1  0 -1 -1 -2 -3	
 4855.675 -315.850
-18-10  1 15 24 25 19 10 -1-12-20-22-19 * -6 -5 -2  2  5  5  4  2  0 -3 -5 -7 -7	
 -9 -5  1  7 11 12 10  6  1 -4 -9-11-11 * -3 -3 -1  1  2  3  3  2  1  0 -2 -3 -4	
 4855.675 -313.500
-17 -9  3 17 26 26 20 10 -1-13-21-23-19 * -6 -4 -2  2  6  6  5  3  1 -2 -5 -7 -6	
-10 -5  1  8 12 13 11  7  1 -5-10-12-12 * -3 -2 -1  1  3  3  3  3  2  0 -2 -3 -4	
 4855.675 -311.149
-15 -6  6 21 29 29 22 10 -2-15-22-22-17 * -4 -3  0  4  7  7  6  4  1 -2 -5 -5 -5	
 -9 -4  3 10 14 15 12  7  1 -6-11-13-12 * -3 -2  0  2  3  4  3  3  2  0 -2 -3 -3	
 4855.675 -308.799
-13 -4 10 24 32 31 22  9 -5-18-24-21-16 * -2 -2 -1  0  2  3  3  2  2 -1 -3 -3 -2	
 -9 -2  5 12 16 16 12  6  0 -8-13-14-11 * -2 -2 -1  0  1  1  2  1  1  0 -1 -2 -2	
 4855.675 -306.449
-10 -2 10 22 29 27 19  7 -7-18-21-18-12 * -2 -1  1  2  3  4  3  2  0 -2 -3 -3 -2	
 -7 -1  6 11 14 14 10  5 -1 -8-13-13-10 * -2 -1  0  1  2  2  2  1  0 -1 -2 -2 -2	
 4857.274 -418.126
-18-10  1 12 18 20 19 12  2 -8-16-20-19 * -6 -3  0  3  5  6  6  4  1 -2 -4 -6 -6	
 -8 -4  1  5  9 10  9  6  1 -3 -7 -9 -9 * -2 -1  1  2  3  3  3  2  0 -1 -2 -3 -3	
 4857.274 -415.776
-18-10  1 11 18 20 18 12  2 -8-16-20-19 * -6 -4  0  3  5  6  6  4  2 -1 -4 -5 -6	
 -8 -4  0  5  8  9  9  6  1 -3 -7 -9 -9 * -2 -1  0  2  3  3  3  2  0 -1 -2 -3 -3	
 4857.274 -413.426
-18-10  1 11 18 20 19 12  2 -8-16-20-19 * -6 -4  0  3  5  6  6  4  2 -1 -4 -5 -6	
 -8 -4  0  5  8 10  9  6  1 -3 -7 -9 -9 * -2 -1  0  2  3  3  3  2  1 -1 -2 -3 -3	
 4857.274 -411.076
-18-10  1 11 18 20 19 12  2 -8-16-20-19 * -6 -4 -1  2  4  6  6  4  2 -1 -3 -5 -6	
 -8 -4  0  5  8 10  9  6  1 -3 -7 -9 -9 * -2 -1  0  1  3  3  3  2  1 -1 -2 -3 -3	
 4857.274 -408.726
-18-10  0 11 18 20 18 12  2 -8-15-19-19 * -6 -4 -1  2  4  6  6  4  2 -1 -3 -5 -6	
 -8 -4  0  5  8  9  9  6  1 -3 -7 -9 -9 * -2 -2  0  1  2  3  3  2  1 -1 -2 -3 -3	
 4857.274 -406.376
-18-10  0 11 18 20 18 12  2 -8-15-19-19 * -6 -4 -1  2  4  5  6  5  2  0 -3 -5 -6	
 -8 -4  0  5  8  9  9  6  1 -3 -7 -9 -9 * -3 -2  0  1  2  3  3  2  1  0 -2 -2 -3	
 4857.274 -404.026
-18-11  0 11 18 20 19 12  2 -8-15-19-19 * -5 -4 -1  1  4  5  6  5  2  0 -3 -5 -5	
 -8 -4  0  5  8  9  9  6  2 -3 -7 -9 -9 * -2 -2  0  1  2  3  3  2  1  0 -1 -2 -3	
 4857.274 -401.675
-18-11  0 11 18 21 19 12  2 -8-15-20-19 * -5 -4 -1  1  3  5  5  4  2  0 -3 -4 -5	
 -8 -4  0  5  8 10  9  6  2 -3 -7 -9 -9 * -2 -2  0  1  2  3  3  2  1  0 -1 -2 -3	
 4857.274 -359.325
-18-11  0 11 18 21 19 12  3 -8-15-20-19 * -5 -4 -2  1  3  5  5  4  2  0 -2 -4 -5	
 -8 -4  0  5  8 10  9  6  2 -3 -7 -9 -9 * -2 -2 -1  1  2  2  3  2  1  0 -1 -2 -3	
 4857.274 -356.975
-18-11 -1 10 18 21 19 12  3 -8-15-20-19 * -5 -4 -2  1  3  5  5  4  2  0 -2 -4 -5	
 -8 -5  0  5  8 10  9  6  2 -3 -7 -9 -9 * -2 -2 -1  1  2  3  3  2  1  0 -1 -2 -3	
 4857.274 -354.625
-18-12 -1 10 18 21 19 12  3 -8-16-20-19 * -6 -5 -2  1  3  5  6  4  2  0 -3 -5 -6	
 -8 -5  0  5  8 10  9  6  2 -3 -7 -9-10 * -3 -2 -1  1  2  3  3  2  1  0 -1 -2 -3	
 4857.274 -352.275
-18-12 -1 10 18 21 19 12  3 -8-15-20-19 * -6 -5 -2  1  3  5  6  5  3  0 -3 -5 -6	
 -8 -5  0  5  8 10  9  6  2 -3 -7 -9 -9 * -3 -2 -1  1  2  3  3  2  1  0 -1 -2 -3	
 4857.274 -349.925
-19-12 -2 10 18 21 19 12  3 -7-15-20-20 * -6 -5 -3  1  4  6  6  5  3  0 -3 -5 -6	
 -8 -5  0  5  8 10  9  6  2 -3 -7 -9-10 * -3 -2 -1  1  2  3  3  3  1  0 -1 -2 -3	
 4857.274 -347.575
-19-13 -2 10 18 21 19 13  3 -7-16-20-20 * -6 -5 -2  1  4  6  7  5  3  0 -3 -5 -6	
 -9 -5  0  5  9 10  9  6  2 -3 -7-10-10 * -3 -2 -1  1  2  3  3  3  2  0 -1 -3 -3	
 4857.274 -345.225
-20-13 -2 10 19 22 20 13  3 -8-16-21-21 * -6 -5 -2  1  4  6  7  5  3  0 -3 -5 -6	
 -9 -5  0  5  9 10  9  6  2 -3 -7-10-10 * -3 -2 -1  1  2  3  3  3  2  0 -1 -2 -3	
 4857.274 -342.875
-20-13 -2 10 20 23 20 13  3 -8-16-21-21 * -6 -5 -2  1  4  6  7  5  3  0 -3 -5 -6	
 -9 -5  0  5  9 11 10  7  2 -3 -7-10-10 * -3 -2 -1  1  2  3  3  3  2  0 -1 -3 -3	
 4857.274 -340.525
-20-13 -2 11 20 24 21 14  4 -8-16-21-21 * -6 -5 -2  1  4  6  6  5  3  0 -3 -5 -6	
 -9 -5  0  5  9 11 10  7  2 -3 -7-10-10 * -3 -2 -1  1  2  3  3  2  1  0 -1 -2 -3	
 4857.274 -338.175
-20-13 -2 11 21 24 21 14  4 -8-17-21-21 * -6 -5 -3  1  4  5  6  5  3  0 -3 -5 -6	
 -9 -5  0  5 10 11 10  7  2 -3 -8-10-11 * -3 -2 -1  1  2  3  3  2  1  0 -1 -2 -3	
 4857.275 -335.825
-21-14 -2 11 21 24 21 14  3 -8-17-22-22 * -7 -5 -3  0  4  6  6  4  3  0 -3 -6 -7	
 -9 -6  0  6 10 11 10  7  2 -3 -8-11-11 * -3 -2 -1  0  2  3  3  2  1  0 -1 -2 -3	
 4857.275 -333.475
-22-15 -3 11 21 24 21 14  3 -8-17-22-23 * -7 -6 -3  0  4  6  6  5  3  0 -4 -6 -7	
-10 -6  0  5 10 12 10  7  2 -3 -8-11-11 * -3 -3 -2  0  2  3  3  3  2  0 -1 -3 -3	
 4857.275 -331.125
-23-16 -4 11 22 26 22 14  3 -9-18-24-24 * -6 -5 -3  1  4  7  7  5  3  0 -4 -6 -6	
-11 -7 -1  5 10 12 11  7  2 -3 -8-11-12 * -3 -3 -1  0  2  3  3  3  2  0 -1 -3 -3	
 4857.275 -328.775
-24-16 -4 11 23 27 23 15  3 -9-20-25-25 * -5 -4 -2  1  4  6  7  5  3  0 -3 -5 -5	
-11 -7 -1  5 11 13 11  8  3 -3 -9-12-13 * -3 -2 -1  0  2  3  3  3  2  0 -1 -2 -3	
 4857.275 -326.425
-23-15 -3 12 25 29 25 15  4 -9-20-26-25 * -3 -2 -1  1  3  5  6  5  3  1 -2 -3 -3	
-11 -7 -1  6 11 13 12  8  3 -3 -9-12-13 * -2 -1  0  1  1  2  2  2  2  0 -1 -2 -2	
 4857.275 -324.075
-21-14 -1 13 24 28 24 15  4 -9-19-24-23 * -2 -2 -1  0  1  3  3  3  2  1  0 -1 -2	
-10 -6  0  6 11 13 12  8  3 -3 -8-12-12 * -1 -1  0  0  1  1  1  1  1  0  0 -1 -1	
 4857.275 -321.725
-20-13 -1 14 24 28 24 15  3 -9-19-23-22 * -2 -3 -2  0  1  1  2  2  2  1 -1 -2 -2	
-10 -5  0  7 11 13 11  8  3 -3 -9-11-11 * -1 -1 -1  0  1  1  1  1  1  0 -1 -1 -1	
 4857.275 -319.375
-19-12 -1 14 24 26 22 13  3 -9-18-22-21 * -3 -4 -3 -1  1  1  1  1  1  0 -1 -2 -3	
 -9 -5  1  7 11 12 10  7  2 -4 -9-11-11 * -2 -2 -1  0  1  1  1  1  0  0 -1 -1 -1	
 4857.275 -317.025
-20-12 -1 14 24 26 21 12  1-10-19-23-21 * -5 -5 -3 -1  2  2  2  2  1 -1 -3 -4 -5	
-10 -5  1  7 11 12 10  6  1 -4 -9-12-11 * -2 -2 -1  0  1  2  2  1  1  0 -1 -2 -2	
 4857.275 -314.675
-20-12  0 15 25 27 21 12  1-11-20-23-21 * -6 -5 -4  0  3  4  3  2  1 -1 -3 -5 -6	
-10 -5  1  7 12 13 11  7  1 -4 -9-12-12 * -3 -2 -2  0  1  2  2  2  1  0 -1 -2 -3	
 4857.275 -312.324
-20-12  1 16 27 28 22 12  0-12-21-24-22 * -6 -5 -3  0  3  4  4  3  2  0 -3 -5 -6	
-10 -6  1  8 13 14 12  7  2 -5-10-13-12 * -3 -3 -2  0  1  2  2  2  2  1 -1 -2 -3	
 4857.275 -309.974
-20-12  2 18 29 30 23 12  0-13-23-25-22 * -5 -4 -3  0  3  4  4  3  3  0 -3 -5 -5	
-11 -6  1  9 14 15 12  7  2 -5-10-13-13 * -3 -2 -2  0  1  2  2  2  2  1 -1 -2 -3	
 4857.275 -307.624
-20-11  3 21 32 32 24 12 -1-15-25-27-22 * -3 -3 -3 -1  1  2  3  3  3  1 -2 -3 -3	
-11 -5  2 10 15 16 13  8  1 -6-11-14-14 * -2 -2 -2 -1  0  1  1  2  2  1  0 -1 -2	
 4858.874 -419.301
-18-10  1 11 17 20 18 12  2 -8-15-19-19 * -6 -3  0  3  5  6  6  4  1 -1 -4 -6 -6	
 -8 -4  0  5  8  9  8  6  1 -3 -7 -9 -9 * -2 -1  1  2  3  3  3  2  0 -1 -2 -3 -3	
 4858.874 -416.951
-18-10  1 11 17 20 18 12  2 -8-15-19-19 * -6 -3  0  3  5  6  6  4  2 -1 -4 -5 -6	
 -8 -4  0  5  8  9  8  6  1 -3 -7 -9 -9 * -2 -1  0  2  3  3  3  2  1 -1 -2 -3 -3	
 4858.874 -414.601
-18-10  0 11 17 20 18 12  2 -8-15-19-19 * -6 -4  0  3  5  6  6  4  2 -1 -3 -5 -6	
 -8 -4  0  5  8  9  9  6  1 -3 -7 -9 -9 * -2 -1  0  2  3  3  3  2  1 -1 -2 -3 -3	
 4858.874 -412.251
-18-11  0 11 17 20 18 12  2 -8-15-19-19 * -6 -4 -1  2  4  6  6  4  2 -1 -3 -5 -6	
 -8 -4  0  5  8  9  9  6  1 -3 -7 -9 -9 * -2 -1  0  1  2  3  3  2  1 -1 -2 -3 -3	
 4858.874 -409.901
-18-11  0 10 17 20 18 12  2 -8-15-19-19 * -6 -4 -1  2  4  6  6  4  2 -1 -3 -5 -6	
 -8 -4  0  5  8  9  8  6  1 -3 -7 -9 -9 * -2 -2  0  1  2  3  3  2  1 -1 -2 -3 -3	
 4858.874 -407.551
-18-11  0 10 17 20 18 12  2 -7-15-19-19 * -5 -4 -1  1  4  5  6  4  2  0 -3 -5 -6	
 -8 -4  0  5  8  9  8  6  2 -3 -7 -9 -9 * -2 -2  0  1  2  3  3  2  1  0 -2 -2 -3	
 4858.874 -405.201
-18-11  0 10 17 20 18 12  2 -7-15-19-19 * -5 -4 -1  1  4  5  6  5  2  0 -3 -5 -5	
 -8 -4  0  5  8  9  8  6  2 -3 -7 -9 -9 * -2 -2  0  1  2  3  3  2  1  0 -1 -2 -3	
 4858.874 -402.851
-18-11  0 10 17 20 18 12  3 -7-15-19-19 * -5 -4 -1  1  4  5  6  5  3  0 -3 -5 -5	
 -8 -4  0  5  8  9  9  6  2 -3 -7 -9 -9 * -2 -2  0  1  2  3  3  2  1  0 -1 -2 -3	
 4858.874 -400.500
-18-11 -1 10 18 20 19 12  3 -7-15-19-19 * -5 -4 -2  1  3  5  6  5  3  0 -2 -4 -5	
 -8 -5  0  5  8  9  9  6  2 -3 -7 -9 -9 * -2 -2  0  1  2  3  3  2  1  0 -1 -2 -3	
 4858.874 -358.150
-18-11 -1 10 18 21 19 13  3 -8-15-20-19 * -5 -4 -2  1  3  5  5  5  3  0 -2 -4 -5	
 -8 -5  0  5  8 10  9  6  2 -3 -7 -9 -9 * -2 -2 -1  1  2  3  3  2  1  0 -1 -2 -3	
 4858.874 -355.800
-18-12 -1 10 18 21 19 13  3 -7-15-20-19 * -6 -4 -2  1  3  5  6  5  3  0 -2 -5 -6	
 -8 -5  0  5  8 10  9  6  2 -3 -7 -9 -9 * -3 -2 -1  1  2  3  3  2  1  0 -1 -2 -3	
 4858.874 -353.450
-18-12 -1 10 18 21 19 13  3 -7-15-19-19 * -6 -5 -2  0  3  5  6  5  3  0 -2 -5 -6	
 -8 -5  0  5  8 10  9  6  2 -3 -7 -9 -9 * -3 -2 -1  1  2  3  3  2  1  0 -1 -2 -3	
 4858.874 -351.100
-19-12 -2 10 18 21 19 13  3 -7-15-20-20 * -6 -5 -3  0  3  5  6  5  3  0 -2 -5 -6	
 -8 -5  0  5  8 10  9  6  2 -3 -7 -9-10 * -3 -2 -1  0  2  3  3  2  1  0 -1 -2 -3	
 4858.874 -348.750
-19-12 -2 10 18 21 19 13  3 -7-15-20-20 * -6 -5 -3  0  3  6  6  5  3  0 -3 -5 -6	
 -8 -5  0  5  8 10  9  6  2 -3 -7 -9-10 * -3 -2 -1  0  2  3  3  3  2  0 -1 -2 -3	
 4858.874 -346.400
-19-13 -2 10 18 22 20 13  3 -7-15-20-20 * -6 -5 -3  1  4  6  6  5  3  1 -2 -5 -6	
 -9 -5  0  5  9 10  9  6  2 -3 -7-10-10 * -3 -2 -1  0  2  3  3  3  2  0 -1 -2 -3	
 4858.874 -344.050
-19-13 -2 10 19 22 20 13  3 -7-16-20-20 * -6 -5 -3  1  4  6  6  5  3  1 -2 -5 -6	
 -9 -5  0  5  9 10 10  7  2 -3 -7-10-10 * -3 -2 -1  1  2  3  3  3  2  0 -1 -2 -3	
 4858.875 -341.700
-20-13 -2 10 19 23 20 13  4 -7-16-21-21 * -6 -5 -3  0  3  5  6  5  3  1 -2 -5 -6	
 -9 -5  0  5  9 11 10  7  2 -3 -7-10-10 * -3 -2 -1  0  2  3  3  2  2  0 -1 -2 -3	
 4858.875 -339.350
-20-13 -2 11 20 23 21 14  4 -7-16-21-21 * -6 -5 -3  0  3  5  6  5  3  1 -2 -5 -6	
 -9 -5  0  5  9 11 10  7  2 -3 -7-10-10 * -3 -2 -1  0  2  3  3  2  1  0 -1 -2 -3	
 4858.875 -337.000
-21-14 -3 11 20 24 21 14  4 -8-17-22-22 * -6 -5 -3  0  3  5  6  5  3  0 -3 -5 -6	
 -9 -6  0  5 10 11 10  7  2 -3 -8-10-11 * -3 -2 -1  0  2  3  3  2  1  0 -1 -2 -3	
 4858.875 -334.650
-21-14 -3 11 21 24 22 14  4 -8-17-22-22 * -6 -5 -3  0  3  5  6  5  3  0 -3 -5 -6	
-10 -6  0  5 10 11 10  7  2 -3 -8-11-11 * -3 -2 -1  0  2  2  3  2  1  0 -1 -2 -3	
 4858.875 -332.300
-22-15 -3 11 21 25 22 14  4 -8-17-23-23 * -6 -5 -3  0  3  5  6  5  3  0 -3 -5 -6	
-10 -6 -1  5 10 12 10  7  2 -3 -8-11-11 * -3 -2 -1  0  1  2  3  2  2  0 -1 -2 -3	
 4858.875 -329.950
-22-15 -3 11 22 26 22 14  4 -8-18-23-23 * -5 -4 -3  0  3  5  6  5  3  1 -2 -4 -5	
-10 -6 -1  5 10 12 11  7  3 -3 -8-11-12 * -3 -2 -1  0  1  2  3  2  2  1 -1 -2 -3	
 4858.875 -327.600
-22-15 -3 11 23 27 23 15  4 -8-19-24-24 * -4 -4 -2  0  3  5  5  5  3  1 -2 -3 -4	
-11 -6 -1  5 10 12 11  8  3 -3 -8-11-12 * -2 -2 -1  0  1  2  2  2  2  1 -1 -2 -2	
 4858.875 -325.250
-22-15 -3 12 24 27 24 15  4 -8-19-24-23 * -4 -3 -2  0  2  4  5  4  3  1 -1 -3 -4	
-11 -6  0  6 11 13 11  8  3 -3 -8-12-12 * -2 -2 -1  0  1  2  2  2  1  0 -1 -1 -2	
 4858.875 -322.900
-21-14 -2 12 24 27 23 15  4 -8-18-23-22 * -3 -3 -3 -1  1  3  3  3  3  1 -1 -2 -3	
-10 -6  0  6 11 13 11  8  3 -3 -8-11-12 * -2 -1 -1  0  1  1  2  1  1  0  0 -1 -2	
 4858.875 -320.550
-21-14 -2 13 24 27 23 14  3 -9-18-23-22 * -4 -4 -3 -1  1  2  3  3  2  1 -1 -2 -3	
-10 -6  0  6 11 13 11  7  2 -3 -8-11-11 * -2 -2 -1  0  1  1  1  1  1  0  0 -1 -2	
 4858.875 -318.200
-20-13 -2 13 24 27 22 14  3 -9-19-23-22 * -4 -4 -4 -1  1  2  2  2  2  1 -1 -3 -4	
-10 -5  0  7 11 13 11  7  2 -4 -9-11-11 * -2 -2 -1  0  1  1  1  1  1  0  0 -1 -2	
 4858.875 -315.850
-21-13 -1 14 25 27 22 13  2-10-19-23-22 * -5 -5 -4 -2  1  2  3  2  2  1 -1 -3 -4	
-10 -6  0  7 11 13 11  7  2 -4 -9-12-12 * -2 -2 -2 -1  0  1  2  2  1  1  0 -1 -2	
 4858.875 -313.500
-21-14 -1 15 26 28 22 13  1-11-20-24-23 * -5 -5 -4 -2  1  3  3  3  2  1 -2 -4 -5	
-10 -6  1  7 12 13 11  7  2 -4 -9-12-12 * -3 -2 -2 -1  1  1  2  2  2  1  0 -1 -2	
 4858.875 -311.150
-21-14 -1 15 27 29 22 12  1-11-21-25-23 * -5 -5 -4 -2  1  3  4  3  3  1 -1 -4 -5	
-11 -6  1  7 12 14 12  7  2 -4-10-13-12 * -3 -3 -2 -1  0  2  2  2  2  1  0 -1 -2	
 4858.875 -308.799
-22-13  0 17 28 30 23 12  0-12-23-26-24 * -4 -4 -4 -2  0  2  3  4  4  2 -1 -3 -4	
-11 -6  1  8 13 15 12  7  2 -5-10-13-13 * -2 -2 -2 -1  0  1  2  2  2  1  0 -1 -2	
 4858.875 -306.449
-22-13  1 18 30 31 24 12  0-14-24-27-24 * -2 -3 -4 -3 -1  1  2  4  4  3  1 -1 -2	
-12 -6  1  9 14 15 13  8  2 -5-11-14-14 * -1 -2 -2 -2 -1  0  1  2  2  2  1  0 -1	
 4900.474 -418.126
-18-10  0 10 17 20 18 12  2 -8-15-19-19 * -6 -3  0  3  5  6  6  4  2 -1 -4 -5 -6	
 -8 -4  0  5  8  9  8  6  1 -3 -7 -9 -9 * -2 -1  0  2  3  3  3  2  0 -1 -2 -3 -3	
 4900.474 -415.776
-18-11  0 10 17 20 18 12  2 -8-15-19-19 * -5 -3  0  2  4  6  6  4  2 -1 -3 -5 -6	
 -8 -4  0  5  8  9  8  6  2 -3 -7 -9 -9 * -2 -1  0  2  3  3  3  2  1 -1 -2 -3 -3	
 4900.474 -413.426
-18-11  0 10 17 20 18 12  2 -8-15-19-19 * -5 -4 -1  2  4  5  6  4  2 -1 -3 -5 -6	
 -8 -4  0  5  8  9  8  6  2 -3 -7 -9 -9 * -2 -1  0  1  2  3  3  2  1 -1 -2 -3 -3	
 4900.474 -411.076
-18-11  0 10 17 19 18 12  2 -7-15-19-19 * -6 -4 -1  2  4  5  6  4  2  0 -3 -5 -6	
 -8 -4  0  5  8  9  8  6  2 -3 -7 -9 -9 * -2 -2  0  1  2  3  3  2  1 -1 -2 -3 -3	
 4900.474 -408.726
-18-11  0 10 17 20 18 12  3 -7-15-19-19 * -6 -4 -1  2  4  5  6  5  2  0 -3 -5 -6	
 -8 -4  0  5  8  9  8  6  2 -3 -7 -9 -9 * -2 -2  0  1  2  3  3  2  1  0 -2 -2 -3	
 4900.474 -406.376
-18-11 -1 10 17 20 18 12  3 -7-15-19-19 * -6 -4 -1  1  4  5  6  5  3  0 -3 -5 -6	
 -8 -5  0  4  8  9  8  6  2 -3 -7 -9 -9 * -3 -2  0  1  2  3  3  2  1  0 -2 -2 -3	
 4900.474 -404.026
-18-11 -1 10 17 20 18 12  3 -7-15-19-19 * -6 -4 -2  1  4  5  6  5  3  0 -3 -5 -6	
 -8 -5  0  4  8  9  9  6  2 -3 -7 -9 -9 * -3 -2  0  1  2  3  3  2  1  0 -1 -2 -3	
 4900.474 -401.676
-18-11 -1 10 17 20 19 12  3 -7-15-19-19 * -6 -4 -2  1  3  5  6  5  3  0 -3 -5 -6	
 -8 -5  0  4  8  9  9  6  2 -3 -7 -9 -9 * -3 -2 -1  1  2  3  3  2  1  0 -1 -2 -3	
 4900.474 -359.326
-18-11 -1 10 17 20 19 13  3 -7-15-19-19 * -6 -4 -2  1  3  5  6  5  3  0 -2 -5 -6	
 -8 -5  0  5  8  9  9  6  2 -3 -7 -9 -9 * -3 -2 -1  1  2  3  3  2  1  0 -1 -2 -3	
 4900.474 -356.975
-18-12 -1 10 18 21 19 13  3 -7-15-19-19 * -6 -4 -2  1  3  5  6  5  3  0 -2 -4 -6	
 -8 -5  0  5  8 10  9  6  2 -3 -7 -9 -9 * -3 -2 -1  1  2  3  3  2  1  0 -1 -2 -3	
 4900.474 -354.625
-18-12 -2 10 18 21 19 13  3 -7-15-19-19 * -6 -5 -2  0  3  5  6  5  3  0 -2 -4 -6	
 -8 -5  0  4  8 10  9  6  2 -3 -7 -9 -9 * -3 -2 -1  1  2  3  3  2  1  0 -1 -2 -3	
 4900.474 -352.275
-19-12 -2 10 18 21 19 13  3 -7-15-20-20 * -6 -5 -3  0  3  5  6  5  3  1 -2 -4 -6	
 -8 -5  0  5  8 10  9  6  2 -3 -7 -9-10 * -3 -2 -1  0  2  3  3  2  1  0 -1 -2 -3	
 4900.474 -349.925
-19-12 -2  9 18 21 19 13  3 -7-15-20-20 * -6 -5 -3  0  3  5  6  5  3  1 -2 -5 -6	
 -8 -5  0  4  8 10  9  6  2 -3 -7 -9-10 * -3 -2 -1  0  2  3  3  2  1  0 -1 -2 -3	
 4900.474 -347.575
-19-13 -2  9 18 21 19 13  4 -7-15-20-20 * -6 -5 -3  0  3  5  6  5  3  1 -2 -5 -6	
 -9 -5 -1  4  8 10  9  6  2 -2 -7 -9-10 * -3 -2 -1  0  2  3  3  3  2  0 -1 -2 -3	
 4900.474 -345.225
-19-13 -2 10 18 22 20 13  4 -7-15-20-20 * -6 -5 -3  0  3  5  6  5  3  1 -2 -5 -6	
 -9 -5 -1  5  8 10  9  7  2 -3 -7 -9-10 * -3 -2 -1  0  2  3  3  3  2  0 -1 -2 -3	
 4900.474 -342.875
-19-13 -2 10 19 22 20 13  4 -7-15-20-20 * -6 -5 -3  0  3  5  6  5  4  1 -2 -4 -6	
 -9 -5  0  5  9 10 10  7  2 -3 -7-10-10 * -3 -2 -1  0  2  3  3  3  2  0 -1 -2 -3	
 4900.475 -340.525
-20-13 -3 10 19 23 21 14  4 -7-16-21-21 * -6 -5 -3  0  3  5  6  5  3  1 -2 -4 -6	
 -9 -5  0  5  9 11 10  7  2 -3 -7-10-10 * -3 -2 -1  0  2  2  3  2  2  0 -1 -2 -3	
 4900.475 -338.175
-20-14 -3 10 20 23 21 14  4 -7-16-21-21 * -6 -5 -3  0  3  5  6  5  3  1 -2 -4 -5	
 -9 -6  0  5  9 11 10  7  2 -3 -7-10-11 * -3 -2 -1  0  1  2  3  2  2  0 -1 -2 -3	
 4900.475 -335.825
-21-14 -3 10 20 24 21 14  4 -7-17-22-22 * -5 -5 -3  0  3  5  5  5  3  1 -2 -4 -5	
 -9 -6 -1  5  9 11 10  7  2 -3 -7-10-11 * -3 -2 -1  0  1  2  3  2  2  0 -1 -2 -3	
 4900.475 -333.475
-21-14 -3 10 21 24 22 14  4 -8-17-22-22 * -5 -5 -3  0  3  5  5  5  3  1 -2 -4 -5	
-10 -6 -1  5 10 11 10  7  2 -3 -8-11-11 * -3 -2 -1  0  1  2  3  2  2  0 -1 -2 -3	
 4900.475 -331.125
-21-15 -4 10 21 25 22 14  4 -8-17-22-22 * -5 -5 -3 -1  2  4  5  5  3  1 -2 -4 -5	
-10 -6 -1  5 10 12 10  7  3 -3 -8-11-11 * -3 -2 -1  0  1  2  2  2  2  1 -1 -2 -2	
 4900.475 -328.775
-22-15 -3 11 22 26 22 14  4 -8-18-23-23 * -5 -4 -3 -1  2  4  5  5  3  1 -1 -3 -5	
-10 -6 -1  5 10 12 11  7  3 -3 -8-11-11 * -2 -2 -1  0  1  2  2  2  2  1 -1 -2 -2	
 4900.475 -326.425
-22-15 -3 11 23 26 23 15  4 -8-18-23-23 * -4 -4 -3 -1  2  4  4  4  3  1 -1 -3 -4	
-10 -6 -1  5 10 12 11  8  3 -3 -8-11-12 * -2 -2 -1  0  1  2  2  2  2  1  0 -1 -2	
 4900.475 -324.075
-21-14 -3 11 23 26 23 15  4 -8-18-23-22 * -4 -4 -3 -1  1  3  4  4  3  2 -1 -3 -4	
-10 -6  0  6 10 12 11  8  3 -3 -8-11-11 * -2 -2 -1  0  1  1  2  2  2  1  0 -1 -2	
 4900.475 -321.725
-21-14 -3 12 23 26 23 14  4 -8-18-22-22 * -4 -4 -4 -2  1  3  4  4  3  2 -1 -3 -4	
-10 -6  0  6 11 12 11  7  3 -3 -8-11-11 * -2 -2 -1 -1  1  1  2  2  2  1  0 -1 -2	
 4900.475 -319.375
-21-14 -3 12 24 27 23 14  3 -8-18-23-22 * -4 -5 -4 -2  1  2  3  3  3  2 -1 -2 -4	
-10 -6  0  6 11 13 11  7  2 -3 -8-11-11 * -2 -2 -2 -1  0  1  2  2  2  1  0 -1 -2	
 4900.475 -317.025
-21-14 -2 13 24 27 22 14  3 -9-19-23-22 * -4 -5 -4 -2  0  2  3  3  3  2  0 -2 -4	
-10 -6  0  6 11 13 11  7  2 -4 -9-12-12 * -2 -2 -2 -1  0  1  2  2  2  1  0 -1 -2	
 4900.475 -314.675
-22-14 -3 13 25 28 23 13  2-10-19-24-23 * -4 -5 -5 -3  0  2  3  3  3  2  0 -2 -4	
-10 -6  0  7 12 13 11  7  2 -4 -9-12-12 * -2 -2 -2 -1  0  1  1  2  2  1  0 -1 -2	
 4900.475 -312.325
-22-15 -2 13 25 28 22 13  2-10-20-24-23 * -5 -5 -5 -3  0  2  3  3  4  2  0 -3 -4	
-11 -6  0  7 12 13 11  7  2 -4 -9-12-12 * -2 -2 -2 -1  0  1  1  2  2  1  0 -1 -2	
 4900.475 -309.975
-22-15 -2 14 26 28 23 13  1-11-21-25-24 * -4 -5 -5 -3  0  2  3  4  4  3  0 -2 -4	
-11 -6  0  7 12 14 12  7  2 -4-10-13-13 * -2 -2 -2 -2  0  1  2  2  2  2  1 -1 -2	
 4900.475 -307.625
-23-15 -2 15 27 29 23 12  1-11-22-26-24 * -3 -4 -4 -4 -2  1  3  4  5  4  1 -1 -3	
-11 -6  0  7 13 14 12  7  2 -4-10-13-13 * -2 -2 -2 -2 -1  0  1  2  2  2  1  0 -1	
 4902.074 -419.301
-17-10  0 10 16 19 18 12  2 -7-14-18-18 * -6 -3  0  3  5  6  6  4  2 -1 -3 -5 -6	
 -7 -4  0  4  8  9  8  6  2 -3 -6 -9 -9 * -2 -1  0  2  3  3  3  2  1 -1 -2 -3 -3	
 4902.074 -416.951
-17-10  0 10 16 19 18 12  3 -7-14-19-18 * -6 -3  0  3  5  6  6  5  2 -1 -3 -5 -6	
 -7 -4  0  4  8  9  8  6  2 -3 -6 -9 -9 * -2 -1  0  2  3  3  3  2  1 -1 -2 -3 -3	
 4902.074 -414.601
-17-10  0 10 16 19 18 12  3 -7-14-19-18 * -5 -3  0  2  4  6  6  4  2 -1 -3 -5 -5	
 -8 -4  0  5  8  9  8  6  2 -3 -6 -9 -9 * -2 -1  0  2  2  3  3  2  1 -1 -2 -3 -3	
 4902.074 -412.251
-17-11  0 10 16 19 18 12  3 -7-14-18-18 * -5 -4 -1  2  4  5  6  4  2  0 -3 -5 -5	
 -8 -4  0  4  8  9  8  6  2 -3 -6 -9 -9 * -2 -1  0  1  2  3  3  2  1 -1 -2 -2 -3	
 4902.074 -409.901
-17-11 -1  9 16 19 18 12  3 -7-14-18-18 * -6 -4 -1  1  4  5  6  5  2  0 -3 -5 -6	
 -8 -4  0  4  8  9  8  6  2 -3 -6 -9 -9 * -2 -2  0  1  2  3  3  2  1  0 -2 -2 -3	
 4902.074 -407.551
-18-11 -1  9 16 19 18 12  3 -7-14-19-19 * -6 -4 -1  1  4  5  6  5  3  0 -3 -5 -6	
 -8 -5  0  4  8  9  8  6  2 -3 -6 -9 -9 * -3 -2  0  1  2  3  3  2  1  0 -2 -2 -3	
 4902.074 -405.201
-18-11 -1  9 17 20 18 12  3 -7-14-19-19 * -6 -4 -2  1  4  5  6  5  3  0 -3 -5 -6	
 -8 -5  0  4  8  9  9  6  2 -3 -6 -9 -9 * -3 -2  0  1  2  3  3  2  1  0 -1 -2 -3	
 4902.074 -402.851
-18-11 -1  9 17 20 18 13  3 -7-14-19-19 * -6 -5 -2  1  3  5  6  5  3  0 -3 -5 -6	
 -8 -5  0  4  8  9  9  6  2 -2 -6 -9 -9 * -3 -2 -1  1  2  3  3  2  1  0 -1 -2 -3	
 4902.074 -400.501
-18-12 -2  9 17 20 19 13  3 -7-14-19-19 * -6 -5 -2  1  3  5  6  5  3  0 -3 -5 -6	
 -8 -5  0  4  8  9  9  6  2 -2 -6 -9 -9 * -3 -2 -1  1  2  3  3  2  1  0 -1 -2 -3	
 4902.074 -358.151
-18-12 -2  9 17 20 19 13  3 -7-14-19-19 * -6 -4 -2  1  3  5  6  5  3  0 -2 -4 -6	
 -8 -5  0  4  8  9  9  6  2 -2 -6 -9 -9 * -3 -2 -1  1  2  3  3  2  1  0 -1 -2 -3	
 4902.074 -355.800
-18-12 -2  9 17 20 19 13  3 -7-15-19-19 * -6 -5 -2  0  3  5  6  5  3  1 -2 -4 -6	
 -8 -5  0  4  8  9  9  6  2 -2 -6 -9 -9 * -3 -2 -1  1  2  3  3  2  1  0 -1 -2 -3	
 4902.074 -353.450
-19-12 -2  9 17 21 19 13  4 -6-14-19-19 * -6 -5 -3  0  3  5  6  5  3  1 -2 -5 -6	
 -8 -5 -1  4  8 10  9  6  2 -2 -6 -9 -9 * -3 -2 -1  0  2  3  3  2  1  0 -1 -2 -3	
 4902.074 -351.100
-19-12 -2  9 17 21 19 13  4 -7-15-19-20 * -6 -5 -3  0  3  5  6  5  3  1 -2 -5 -6	
 -8 -5 -1  4  8 10  9  6  2 -2 -7 -9-10 * -3 -2 -1  0  2  3  3  2  1  0 -1 -2 -3	
 4902.074 -348.750
-19-13 -2  9 18 21 19 13  4 -6-15-19-20 * -6 -5 -3  0  3  5  6  5  3  1 -2 -4 -6	
 -8 -5 -1  4  8 10  9  6  2 -2 -6 -9-10 * -3 -2 -1  0  2  3  3  3  2  0 -1 -2 -3	
 4902.075 -346.400
-19-13 -2  9 18 21 19 13  4 -6-15-19-20 * -6 -5 -3  0  3  5  6  5  4  1 -2 -4 -6	
 -8 -5 -1  4  8 10  9  6  2 -2 -6 -9-10 * -3 -2 -1  0  1  2  3  3  2  0 -1 -2 -3	
 4902.075 -344.050
-19-13 -3  9 18 22 20 13  4 -7-15-19-20 * -6 -5 -3  0  2  5  6  5  4  1 -2 -4 -6	
 -9 -5 -1  4  8 10  9  6  2 -2 -7 -9-10 * -3 -2 -1  0  1  2  3  3  2  0 -1 -2 -3	
 4902.075 -341.700
-19-13 -3 10 19 22 20 13  4 -7-15-20-20 * -6 -5 -3  0  2  5  6  5  4  1 -2 -4 -5	
 -9 -5 -1  5  9 10 10  7  2 -2 -7-10-10 * -3 -2 -1  0  1  2  3  2  2  1 -1 -2 -3	
 4902.075 -339.350
-20-14 -3 10 19 23 21 14  4 -7-16-21-21 * -6 -5 -3  0  2  5  6  5  4  1 -2 -4 -5	
 -9 -6 -1  5  9 11 10  7  3 -2 -7-10-10 * -3 -2 -1  0  1  2  3  2  2  1 -1 -2 -3	
 4902.075 -337.000
-20-14 -3 10 20 23 21 14  4 -7-16-21-21 * -5 -5 -3 -1  2  4  5  5  4  1 -1 -4 -5	
 -9 -6 -1  5  9 11 10  7  3 -3 -7-10-10 * -3 -2 -1  0  1  2  3  2  2  1 -1 -2 -2	
 4902.075 -334.650
-21-14 -3 10 20 24 21 14  4 -7-16-21-22 * -5 -5 -3 -1  2  4  5  5  4  1 -1 -4 -5	
 -9 -6 -1  5  9 11 10  7  3 -3 -7-10-11 * -3 -2 -1  0  1  2  2  2  2  1 -1 -2 -2	
 4902.075 -332.300
-21-14 -3 10 20 24 21 14  4 -7-17-22-22 * -5 -5 -3 -1  2  4  5  5  4  2 -1 -3 -5	
-10 -6 -1  5  9 11 10  7  3 -3 -7-10-11 * -2 -2 -1  0  1  2  2  2  2  1 -1 -2 -2	
 4902.075 -329.950
-21-15 -4 10 21 25 22 14  4 -7-17-22-22 * -5 -5 -3 -1  2  4  5  5  4  2 -1 -3 -5	
-10 -6 -1  5 10 12 11  7  3 -3 -8-11-11 * -2 -2 -1  0  1  2  2  2  2  1  0 -1 -2	
 4902.075 -327.600
-21-15 -4 10 21 25 22 14  4 -7-17-22-22 * -5 -5 -3 -1  1  4  5  4  4  2 -1 -3 -4	
-10 -6 -1  5 10 12 11  7  3 -3 -8-11-11 * -2 -2 -1  0  1  2  2  2  2  1  0 -1 -2	
 4902.075 -325.250
-21-15 -4 11 22 26 22 14  4 -7-17-22-22 * -4 -4 -4 -2  1  3  4  4  4  2 -1 -3 -4	
-10 -6 -1  5 10 12 11  7  3 -3 -8-11-11 * -2 -2 -2 -1  0  1  2  2  2  1  0 -1 -2	
 4902.075 -322.900
-21-15 -3 11 22 26 22 14  4 -8-17-22-22 * -4 -5 -4 -2  1  3  4  4  4  2  0 -2 -4	
-10 -6 -1  5 10 12 11  7  3 -3 -8-11-11 * -2 -2 -2 -1  0  1  2  2  2  1  0 -1 -2	
 4902.075 -320.550
-21-14 -3 11 22 26 22 14  4 -8-17-22-22 * -4 -5 -4 -2  0  2  4  4  4  2  0 -2 -4	
-10 -6  0  6 10 12 11  7  3 -3 -8-11-11 * -2 -2 -2 -1  0  1  2  2  2  1  0 -1 -2	
 4902.075 -318.200
-21-15 -3 11 23 26 22 14  3 -8-18-22-22 * -4 -5 -5 -3  0  2  3  4  4  2  0 -2 -4	
-10 -6  0  6 10 12 11  7  2 -3 -8-11-11 * -2 -2 -2 -1  0  1  2  2  2  1  0 -1 -2	
 4902.075 -315.850
-22-15 -3 12 23 27 22 14  3 -9-18-23-23 * -4 -5 -5 -3  0  2  3  4  4  3  0 -2 -4	
-10 -6  0  6 11 13 11  7  2 -3 -8-11-12 * -2 -2 -2 -1  0  1  2  2  2  1  0 -1 -2	
 4902.075 -313.500
-23-15 -3 13 25 28 23 14  3 -9-19-24-24 * -4 -5 -5 -4 -1  1  3  4  4  3  1 -2 -4	
-11 -6  0  6 11 13 11  7  2 -4 -9-12-12 * -2 -2 -2 -2 -1  1  1  2  2  1  1  0 -1	
 4902.075 -311.150
-22-15 -3 13 25 27 22 13  2-10-20-24-23 * -4 -5 -5 -4 -1  1  3  4  4  3  1 -2 -4	
-11 -6  0  6 11 13 11  7  2 -4 -9-12-12 * -2 -3 -2 -2 -1  0  1  2  2  2  1  0 -1	
 4902.075 -308.800
-23-15 -3 13 26 28 23 13  2-10-20-25-24 * -4 -5 -5 -4 -2  1  3  4  5  4  2 -1 -3	
-11 -7  0  7 12 14 12  7  2 -4 -9-12-13 * -2 -2 -2 -2 -1  0  1  2  2  2  1  0 -1	
 4902.075 -306.450
-23-15 -3 14 26 29 23 13  2-10-20-25-24 * -3 -4 -5 -5 -3  0  2  4  5  5  2  0 -2	
-11 -7  0  7 12 14 12  7  2 -4 -9-12-13 * -1 -2 -3 -2 -1  0  1  2  2  2  1  0 -1	
 4903.674 -418.126
-17-10  0  9 16 19 18 12  3 -7-14-18-18 * -6 -3  0  3  5  6  6  5  2 -1 -3 -5 -6	
 -7 -4  0  4  7  9  8  6  2 -3 -6 -8 -9 * -2 -1  0  2  3  3  3  2  1 -1 -2 -3 -3	
 4903.674 -415.776
-17-10  0  9 16 19 18 12  3 -7-14-18-18 * -5 -4  0  2  4  6  6  5  2 -1 -3 -5 -6	
 -7 -4  0  4  7  9  8  6  2 -3 -6 -8 -9 * -2 -1  0  2  3  3  3  2  1 -1 -2 -3 -3	
 4903.674 -413.426
-17-10 -1  9 16 19 18 12  3 -7-14-18-18 * -5 -4 -1  2  4  5  6  5  2  0 -3 -5 -5	
 -7 -4  0  4  7  9  8  6  2 -3 -6 -8 -9 * -2 -2  0  1  2  3  3  2  1  0 -2 -3 -3	
 4903.674 -411.076
-17-11 -1  9 16 19 18 12  3 -7-14-18-18 * -6 -4 -1  2  4  5  6  5  2  0 -3 -5 -6	
 -8 -4  0  4  7  9  8  6  2 -3 -6 -8 -9 * -2 -2  0  1  2  3  3  2  1  0 -2 -3 -3	
 4903.674 -408.726
-18-11 -1  9 16 19 18 12  3 -7-14-18-18 * -6 -4 -1  1  4  5  6  5  3  0 -3 -5 -6	
 -8 -5  0  4  7  9  8  6  2 -2 -6 -9 -9 * -3 -2  0  1  2  3  3  2  1  0 -2 -3 -3	
 4903.674 -406.376
-18-11 -1  9 16 19 18 12  3 -6-14-18-19 * -6 -4 -2  1  4  5  6  5  3  0 -3 -5 -6	
 -8 -5  0  4  7  9  8  6  2 -2 -6 -9 -9 * -3 -2  0  1  2  3  3  2  1  0 -2 -3 -3	
 4903.674 -404.026
-18-12 -2  9 16 20 18 13  3 -6-14-18-19 * -6 -5 -2  1  3  5  6  5  3  0 -3 -5 -6	
 -8 -5 -1  4  7  9  9  6  2 -2 -6 -9 -9 * -3 -2 -1  1  2  3  3  2  1  0 -1 -2 -3	
 4903.674 -401.676
-18-12 -2  8 16 20 18 13  4 -6-14-18-19 * -6 -5 -2  1  3  6  6  5  3  0 -2 -5 -6	
 -8 -5 -1  4  7  9  9  6  2 -2 -6 -9 -9 * -3 -2 -1  1  2  3  3  3  1  0 -1 -2 -3	
 4903.674 -359.326
-18-12 -2  8 16 20 19 13  4 -6-14-18-19 * -6 -5 -2  1  3  5  6  5  3  1 -2 -5 -6	
 -8 -5 -1  4  8  9  9  6  2 -2 -6 -9 -9 * -3 -2 -1  1  2  3  3  3  1  0 -1 -2 -3	
 4903.674 -356.976
-18-12 -2  9 17 20 19 13  4 -6-14-19-19 * -6 -5 -2  0  3  5  6  5  3  1 -2 -4 -6	
 -8 -5 -1  4  8  9  9  6  2 -2 -6 -9 -9 * -3 -2 -1  1  2  3  3  2  1  0 -1 -2 -3	
 4903.674 -354.625
-19-12 -3  9 17 21 19 13  4 -6-14-19-19 * -6 -5 -3  0  3  5  6  5  3  1 -2 -4 -6	
 -8 -5 -1  4  8  9  9  6  2 -2 -6 -9 -9 * -3 -2 -1  0  2  3  3  2  2  0 -1 -2 -3	
 4903.675 -352.275
-19-13 -3  9 17 21 19 13  4 -6-14-19-19 * -6 -5 -3  0  3  5  6  5  3  1 -2 -4 -6	
 -8 -5 -1  4  8 10  9  6  2 -2 -6 -9 -9 * -3 -2 -1  0  2  3  3  2  2  0 -1 -2 -3	
 4903.675 -349.925
-19-13 -3  9 17 21 19 13  4 -6-14-19-19 * -6 -5 -3  0  3  5  6  5  4  1 -2 -4 -6	
 -8 -5 -1  4  8 10  9  6  2 -2 -6 -9 -9 * -3 -2 -1  0  1  3  3  3  2  0 -1 -2 -3	
 4903.675 -347.575
-18-13 -3  9 17 21 19 13  4 -6-14-19-19 * -6 -5 -3 -1  2  5  6  5  4  1 -2 -4 -6	
 -8 -5 -1  4  8 10  9  6  2 -2 -6 -9 -9 * -3 -2 -1  0  1  2  3  3  2  0 -1 -2 -3	
 4903.675 -345.225
-19-13 -3  9 17 21 19 13  4 -6-14-19-19 * -6 -5 -3 -1  2  5  6  6  4  2 -1 -4 -6	
 -8 -5 -1  4  8 10  9  6  2 -2 -6 -9 -9 * -3 -2 -1  0  1  2  3  3  2  1 -1 -2 -3	
 4903.675 -342.875
-19-13 -3  9 18 22 20 13  4 -6-15-20-20 * -6 -5 -3 -1  2  5  6  5  4  2 -1 -4 -5	
 -9 -5 -1  4  8 10  9  7  3 -2 -6 -9-10 * -3 -2 -1  0  1  2  3  3  2  1 -1 -2 -3	
 4903.675 -340.525
-19-13 -3  9 18 22 20 14  4 -6-15-20-20 * -5 -5 -3 -1  2  4  5  5  4  2 -1 -4 -5	
 -9 -6 -1  4  8 10 10  7  3 -2 -7 -9-10 * -3 -2 -1  0  1  2  3  2  2  1 -1 -2 -2	
 4903.675 -338.175
-20-14 -3  9 19 23 21 14  4 -6-15-20-21 * -5 -5 -3 -1  2  4  5  5  4  2 -1 -3 -5	
 -9 -6 -1  5  9 11 10  7  3 -2 -7-10-10 * -3 -2 -1  0  1  2  3  2  2  1 -1 -2 -2	
 4903.675 -335.825
-20-14 -3 10 19 23 21 14  4 -7-16-21-21 * -5 -5 -3 -1  2  4  5  5  4  2 -1 -3 -5	
 -9 -6 -1  5  9 11 10  7  3 -2 -7-10-10 * -2 -2 -1  0  1  2  2  2  2  1  0 -2 -2	
 4903.675 -333.475
-20-14 -4 10 20 24 21 14  4 -7-16-21-21 * -5 -5 -3 -1  1  4  5  5  4  2 -1 -3 -5	
 -9 -6 -1  5  9 11 10  7  3 -2 -7-10-10 * -2 -2 -1  0  1  2  2  2  2  1  0 -1 -2	
 4903.675 -331.125
-21-15 -4 10 20 24 22 14  4 -7-16-21-22 * -5 -5 -4 -2  1  3  5  5  4  2 -1 -3 -4	
-10 -6 -1  5  9 11 10  7  3 -3 -7-10-11 * -2 -2 -2 -1  1  2  2  2  2  1  0 -1 -2	
 4903.675 -328.775
-21-15 -4 10 21 25 22 14  4 -7-16-22-22 * -5 -5 -4 -2  1  3  4  5  4  2  0 -3 -4	
-10 -6 -1  5  9 11 10  7  3 -3 -7-10-11 * -2 -2 -2 -1  0  1  2  2  2  1  0 -1 -2	
 4903.675 -326.425
-21-15 -4 10 21 25 22 14  4 -7-17-22-22 * -4 -5 -4 -2  1  3  4  5  4  2  0 -3 -4	
-10 -6 -1  5 10 12 10  7  3 -3 -7-10-11 * -2 -2 -2 -1  0  1  2  2  2  1  0 -1 -2	
 4903.675 -324.075
-21-15 -4 10 21 25 22 14  4 -7-17-22-22 * -4 -5 -4 -2  0  3  4  4  4  2  0 -2 -4	
-10 -6 -1  5 10 12 11  7  3 -3 -8-11-11 * -2 -2 -2 -1  0  1  2  2  2  1  0 -1 -2	
 4903.675 -321.725
-21-15 -4 10 22 25 22 14  4 -7-17-22-22 * -4 -5 -5 -3  0  2  4  4  4  3  0 -2 -4	
-10 -6 -1  5 10 12 11  7  3 -3 -8-11-11 * -2 -2 -2 -1  0  1  2  2  2  1  0 -1 -2	
 4903.675 -319.375
-21-15 -4 11 22 26 22 14  4 -7-17-22-22 * -4 -5 -5 -3  0  2  4  4  4  3  0 -2 -4	
-10 -6 -1  5 10 12 11  7  3 -3 -8-11-11 * -2 -2 -2 -1  0  1  2  2  2  1  0 -1 -2	
 4903.675 -317.025
-21-15 -4 11 22 26 22 14  3 -8-17-22-22 * -4 -5 -5 -4 -1  2  4  4  4  3  1 -2 -4	
-10 -6 -1  6 10 12 11  7  3 -3 -8-11-11 * -2 -2 -2 -1  0  1  2  2  2  2  1 -1 -1	
 4903.675 -314.675
-22-15 -4 11 23 27 22 14  3 -8-18-23-23 * -4 -6 -6 -4 -1  2  4  5  5  3  1 -2 -4	
-10 -6 -1  6 11 13 11  7  3 -3 -8-11-12 * -2 -2 -2 -2 -1  1  2  2  2  2  1  0 -2	
 4903.675 -312.325
-22-15 -4 12 24 27 22 13  3 -9-18-23-23 * -4 -5 -6 -5 -2  1  3  4  5  4  2 -1 -3	
-10 -6 -1  6 11 13 11  7  3 -3 -8-12-12 * -2 -2 -3 -2 -1  0  1  2  2  2  1  0 -1	
 4903.675 -309.975
-22-15 -3 12 24 27 22 13  3 -9-19-24-23 * -4 -5 -6 -5 -3  0  3  4  5  4  2 -1 -3	
-11 -6  0  6 11 13 11  7  2 -3 -8-12-12 * -2 -2 -3 -2 -1  0  1  2  2  2  1  0 -1	
 4903.675 -307.625
-22-15 -3 13 25 28 22 13  2 -9-19-24-23 * -3 -5 -6 -6 -4  0  2  4  6  5  3  0 -2	
-11 -6  0  6 11 13 11  7  2 -3 -9-12-12 * -1 -2 -3 -3 -2 -1  1  2  2  2  2  1 -1	
 4905.274 -419.301
-17-10 -1  9 15 18 17 12  3 -7-14-18-18 * -6 -3  0  2  4  6  6  5  2 -1 -3 -5 -6	
 -7 -4  0  4  7  8  8  6  2 -2 -6 -8 -9 * -2 -1  0  2  3  3  3  2  1 -1 -2 -3 -3	
 4905.274 -416.951
-17-10 -1  9 15 18 17 12  3 -7-14-18-18 * -6 -4 -1  2  4  6  6  5  2  0 -3 -5 -6	
 -7 -4  0  4  7  8  8  6  2 -2 -6 -8 -9 * -3 -1  0  2  3  3  3  2  1 -1 -2 -3 -3	
 4905.274 -414.601
-17-10 -1  9 15 18 17 12  3 -7-14-18-18 * -6 -4 -1  2  4  6  6  5  2  0 -3 -5 -6	
 -7 -4  0  4  7  8  8  6  2 -2 -6 -8 -9 * -2 -1  0  1  2  3  3  2  1  0 -2 -3 -3	
 4905.274 -412.251
-17-11 -1  9 16 19 18 12  3 -7-14-18-18 * -6 -4 -1  2  4  5  6  5  2  0 -3 -5 -6	
 -8 -5  0  4  7  9  8  6  2 -2 -6 -8 -9 * -2 -2  0  1  2  3  3  2  1  0 -2 -3 -3	
 4905.274 -409.901
-18-11 -1  9 16 19 18 12  3 -7-14-18-19 * -6 -4 -1  1  4  5  6  5  2  0 -3 -5 -6	
 -8 -5  0  4  7  9  8  6  2 -2 -6 -9 -9 * -3 -2  0  1  2  3  3  2  1  0 -2 -3 -3	
 4905.274 -407.551
-18-11 -2  8 16 19 18 12  3 -6-14-18-18 * -6 -4 -2  1  3  5  6  5  3  0 -2 -5 -6	
 -8 -5 -1  4  7  9  8  6  2 -2 -6 -8 -9 * -3 -2  0  1  2  3  3  2  1  0 -2 -2 -3	
 4905.274 -405.201
-18-12 -2  8 16 19 18 13  4 -6-14-18-18 * -6 -5 -2  1  3  5  6  5  3  0 -2 -5 -6	
 -8 -5 -1  4  7  9  8  6  2 -2 -6 -8 -9 * -3 -2 -1  1  2  3  3  2  1  0 -1 -2 -3	
 4905.274 -402.851
-18-12 -2  8 16 19 18 13  4 -6-14-18-18 * -6 -5 -2  1  3  5  6  5  3  0 -2 -5 -6	
 -8 -5 -1  4  7  9  8  6  2 -2 -6 -8 -9 * -3 -2 -1  1  2  3  3  3  1  0 -1 -2 -3	
 4905.274 -400.501
-18-12 -2  8 16 19 18 13  4 -6-14-18-19 * -6 -5 -2  1  3  5  6  5  3  1 -2 -5 -6	
 -8 -5 -1  4  7  9  9  6  2 -2 -6 -8 -9 * -3 -2 -1  1  2  3  3  3  1  0 -1 -2 -3	
 4905.274 -358.151
-18-12 -2  8 16 20 19 13  4 -6-14-18-19 * -6 -5 -3  0  3  5  6  5  3  1 -2 -4 -6	
 -8 -5 -1  4  7  9  9  6  2 -2 -6 -8 -9 * -3 -2 -1  0  2  3  3  3  2  0 -1 -2 -3	
 4905.274 -355.801
-18-12 -3  8 16 20 19 13  4 -6-14-19-19 * -6 -5 -3  0  3  5  6  5  4  1 -2 -4 -6	
 -8 -5 -1  4  8  9  9  6  3 -2 -6 -9 -9 * -3 -2 -1  0  2  3  3  3  2  0 -1 -2 -3	
 4905.274 -353.451
-19-13 -3  8 17 20 19 13  4 -6-14-19-19 * -6 -5 -3  0  3  5  6  5  4  1 -2 -4 -6	
 -8 -5 -1  4  8  9  9  7  3 -2 -6 -9 -9 * -3 -2 -1  0  2  3  3  3  2  0 -1 -2 -3	
 4905.275 -351.100
-19-13 -3  8 17 21 19 13  4 -6-14-19-19 * -6 -5 -3 -1  2  5  6  5  4  1 -2 -4 -6	
 -8 -5 -1  4  8  9  9  7  3 -2 -6 -9 -9 * -3 -2 -1  0  1  2  3  3  2  0 -1 -2 -3	
 4905.275 -348.750
-18-13 -3  8 17 20 19 13  4 -6-14-19-19 * -6 -6 -4 -1  2  5  6  6  4  1 -1 -4 -6	
 -8 -5 -1  4  8  9  9  6  3 -2 -6 -9 -9 * -3 -3 -1  0  1  2  3  3  2  1 -1 -2 -3	
 4905.275 -346.400
-18-13 -3  8 17 21 19 13  4 -6-14-19-19 * -6 -6 -4 -1  2  5  6  6  4  2 -1 -4 -6	
 -8 -5 -1  4  8  9  9  6  3 -2 -6 -9 -9 * -3 -3 -2  0  1  2  3  3  2  1 -1 -2 -3	
 4905.275 -344.050
-18-13 -3  8 17 21 19 13  4 -6-14-19-19 * -6 -5 -4 -1  2  4  6  6  4  2 -1 -4 -5	
 -8 -5 -1  4  8 10  9  6  3 -2 -6 -9 -9 * -3 -3 -2  0  1  2  3  3  2  1  0 -2 -3	
 4905.275 -341.700
-19-13 -3  8 18 22 20 13  4 -6-14-19-20 * -5 -5 -4 -1  1  4  6  5  4  2 -1 -3 -5	
 -9 -5 -1  4  8 10  9  7  3 -2 -6 -9-10 * -3 -2 -2  0  1  2  3  3  2  1  0 -2 -2	
 4905.275 -339.350
-19-14 -3  9 18 22 20 14  4 -6-15-20-20 * -5 -5 -4 -1  1  4  5  5  4  2 -1 -3 -5	
 -9 -6 -1  4  8 10  9  7  3 -2 -7 -9-10 * -3 -2 -2  0  1  2  3  3  2  1  0 -2 -2	
 4905.275 -337.000
-20-14 -4  9 19 23 20 14  4 -6-15-20-20 * -5 -5 -4 -2  1  4  5  5  4  2 -1 -3 -5	
 -9 -6 -1  4  9 10 10  7  3 -2 -7-10-10 * -2 -2 -2 -1  1  2  2  2  2  1  0 -1 -2	
 4905.275 -334.650
-20-14 -4  9 19 23 21 14  4 -6-15-20-21 * -5 -5 -4 -2  1  3  5  5  4  2  0 -3 -4	
 -9 -6 -1  4  9 11 10  7  3 -2 -7-10-10 * -2 -2 -2 -1  1  2  2  2  2  1  0 -1 -2	
 4905.275 -332.300
-20-14 -4  9 20 24 21 14  4 -6-16-21-21 * -5 -5 -4 -2  1  3  5  5  4  2  0 -3 -4	
 -9 -6 -1  5  9 11 10  7  3 -2 -7-10-10 * -2 -2 -2 -1  0  2  2  2  2  1  0 -1 -2	
 4905.275 -329.950
-21-15 -4  9 20 24 21 14  4 -7-16-21-21 * -4 -5 -4 -2  0  3  4  5  4  2  0 -2 -4	
-10 -6 -1  5  9 11 10  7  3 -2 -7-10-11 * -2 -2 -2 -1  0  1  2  2  2  1  0 -1 -2	
 4905.275 -327.600
-21-15 -4  9 20 24 21 14  4 -7-16-21-22 * -4 -5 -4 -3  0  3  4  5  4  3  0 -2 -4	
-10 -6 -1  5  9 11 10  7  3 -2 -7-10-11 * -2 -2 -2 -1  0  1  2  2  2  1  0 -1 -2	
 4905.275 -325.250
-21-15 -4  9 21 25 22 14  4 -7-16-21-22 * -4 -5 -5 -3  0  2  4  5  4  3  0 -2 -4	
-10 -6 -1  5  9 11 10  7  3 -2 -7-10-11 * -2 -2 -2 -1  0  1  2  2  2  1  0 -1 -2	
 4905.275 -322.900
-21-15 -4 10 21 25 22 14  4 -7-16-22-22 * -4 -5 -5 -3 -1  2  4  5  4  3  1 -2 -4	
-10 -6 -1  5 10 12 10  7  3 -2 -7-10-11 * -2 -2 -2 -1  0  1  2  2  2  1  0 -1 -2	
 4905.275 -320.550
-21-15 -4 10 21 25 22 14  4 -7-17-22-22 * -4 -5 -5 -4 -1  2  4  5  5  3  1 -2 -4	
-10 -6 -1  5 10 12 10  7  3 -3 -7-10-11 * -2 -2 -2 -2  0  1  2  2  2  2  1 -1 -2	
 4905.275 -318.200
-21-15 -4 10 21 25 22 14  4 -7-17-22-22 * -4 -5 -5 -4 -1  2  4  5  5  4  1 -2 -4	
-10 -6 -1  5 10 12 10  7  3 -3 -8-11-11 * -2 -2 -2 -2 -1  1  2  2  2  2  1  0 -1	
 4905.275 -315.850
-21-15 -4 10 22 26 22 14  4 -7-17-22-22 * -4 -5 -6 -4 -2  1  3  5  5  4  1 -1 -3	
-10 -6 -1  5 10 12 11  7  3 -3 -8-11-11 * -2 -2 -2 -2 -1  0  1  2  2  2  1  0 -1	
 4905.275 -313.500
-22-15 -4 11 23 26 22 14  4 -8-17-23-23 * -4 -5 -6 -5 -2  1  3  5  5  4  2 -1 -3	
-10 -6 -1  5 10 12 11  7  3 -3 -8-11-11 * -2 -2 -3 -2 -1  0  1  2  2  2  1  0 -1	
 4905.275 -311.150
-22-15 -4 11 23 26 22 13  3 -8-18-23-23 * -4 -5 -6 -6 -3  0  3  5  6  5  2  0 -3	
-10 -6 -1  6 11 12 11  7  3 -3 -8-11-12 * -2 -2 -3 -2 -2  0  1  2  2  2  1  0 -1	
 4905.275 -308.800
-21-15 -4 11 23 27 22 13  3 -8-18-23-23 * -4 -5 -7 -6 -4  0  3  5  6  5  3  0 -3	
-10 -6 -1  6 11 13 11  7  3 -3 -8-11-12 * -2 -2 -3 -3 -2  0  1  2  3  2  2  0 -1	
 4905.275 -306.450
-21-15 -4 12 24 27 22 13  3 -8-18-23-22 * -3 -5 -7 -6 -4 -1  2  5  6  6  3  0 -2	
-10 -6 -1  6 11 13 11  7  3 -3 -8-11-12 * -1 -2 -3 -3 -2 -1  1  2  3  3  2  1 -1	
 4906.874 -418.126
-17-10 -1  9 15 18 17 12  3 -6-13-18-18 * -6 -4  0  2  4  6  6  5  2 -1 -3 -5 -6	
 -7 -4  0  4  7  8  8  6  2 -2 -6 -8 -8 * -2 -1  0  2  3  3  3  2  1 -1 -2 -3 -3	
 4906.874 -415.776
-17-10 -1  8 15 18 17 12  3 -6-13-17-18 * -6 -4 -1  2  4  6  6  5  2  0 -3 -5 -6	
 -7 -4  0  4  7  8  8  6  2 -2 -6 -8 -8 * -3 -1  0  1  2  3  3  2  1 -1 -2 -3 -3	
 4906.874 -413.426
-17-11 -1  8 15 18 18 12  3 -6-13-18-18 * -6 -4 -1  2  4  6  6  5  3  0 -3 -5 -6	
 -7 -5 -1  4  7  8  8  6  2 -2 -6 -8 -9 * -3 -2  0  1  2  3  3  2  1  0 -2 -3 -3	
 4906.874 -411.076
-17-11 -2  8 15 19 18 12  3 -6-13-18-18 * -6 -4 -1  1  3  5  6  5  3  0 -2 -5 -6	
 -8 -5 -1  4  7  9  8  6  2 -2 -6 -8 -9 * -3 -2  0  1  2  3  3  2  1  0 -2 -3 -3	
 4906.874 -408.726
-17-11 -2  8 15 19 18 12  3 -6-13-18-18 * -6 -4 -1  1  3  5  6  5  3  0 -2 -5 -6	
 -8 -5 -1  4  7  9  8  6  2 -2 -6 -8 -9 * -3 -2  0  1  2  3  3  2  1  0 -2 -2 -3	
 4906.874 -406.376
-18-12 -2  8 16 19 18 13  4 -6-13-18-18 * -6 -4 -2  1  3  5  6  5  3  0 -2 -5 -6	
 -8 -5 -1  4  7  9  8  6  2 -2 -6 -8 -9 * -3 -2  0  1  2  3  3  2  1  0 -1 -2 -3	
 4906.874 -404.026
-18-12 -2  8 15 19 18 13  4 -6-13-18-18 * -6 -5 -2  1  3  5  6  5  3  1 -2 -5 -6	
 -8 -5 -1  4  7  9  8  6  2 -2 -6 -8 -9 * -3 -2 -1  1  2  3  3  2  1  0 -1 -2 -3	
 4906.874 -401.676
-18-12 -3  8 15 19 18 13  4 -5-13-18-18 * -6 -5 -2  0  3  5  6  5  3  1 -2 -5 -6	
 -8 -5 -1  3  7  9  8  6  2 -2 -6 -8 -9 * -3 -2 -1  1  2  3  3  3  1  0 -1 -2 -3	
 4906.874 -359.326
-18-12 -3  8 15 19 18 13  4 -5-13-18-18 * -6 -5 -3  0  3  5  6  5  4  1 -2 -5 -6	
 -8 -5 -1  3  7  9  9  6  3 -2 -6 -8 -9 * -3 -2 -1  0  2  3  3  3  2  0 -1 -2 -3	
 4906.875 -356.976
-18-12 -3  8 16 20 19 13  4 -5-13-18-19 * -6 -5 -3  0  3  5  6  6  4  1 -2 -5 -6	
 -8 -5 -1  3  7  9  9  6  3 -2 -6 -8 -9 * -3 -2 -1  0  2  3  3  3  2  0 -1 -2 -3	
 4906.875 -354.626
-18-13 -3  8 16 20 19 13  4 -5-13-18-19 * -6 -5 -3  0  2  5  6  5  4  1 -2 -4 -6	
 -8 -5 -1  4  7  9  9  7  3 -2 -6 -9 -9 * -3 -2 -1  0  2  3  3  3  2  0 -1 -2 -3	
 4906.875 -352.276
-19-13 -3  8 16 20 19 14  5 -5-13-19-19 * -6 -5 -3 -1  2  5  6  5  4  1 -1 -4 -6	
 -8 -5 -1  4  7  9  9  7  3 -2 -6 -9 -9 * -3 -2 -1  0  1  2  3  3  2  0 -1 -2 -3	
 4906.875 -349.926
-18-13 -3  8 16 20 19 13  5 -5-13-18-19 * -6 -5 -4 -1  2  5  6  6  4  2 -1 -4 -6	
 -8 -5 -1  4  7  9  9  7  3 -2 -6 -9 -9 * -3 -2 -1  0  1  2  3  3  2  1 -1 -2 -3	
 4906.875 -347.575
-18-13 -3  8 16 20 19 13  4 -5-13-18-19 * -6 -6 -4 -1  2  4  6  6  4  2 -1 -4 -6	
 -8 -5 -1  4  7  9  9  6  3 -2 -6 -8 -9 * -3 -3 -2  0  1  2  3  3  2  1 -1 -2 -3	
 4906.875 -345.225
-18-13 -3  8 16 20 19 13  4 -5-13-18-19 * -6 -5 -4 -2  1  4  6  6  4  2 -1 -4 -5	
 -8 -5 -1  4  7  9  9  6  3 -2 -6 -8 -9 * -3 -3 -2  0  1  2  3  3  2  1  0 -2 -3	
 4906.875 -342.875
-19-13 -3  8 17 21 19 13  4 -5-14-19-19 * -6 -5 -4 -1  1  4  6  6  4  2 -1 -3 -5	
 -8 -5 -1  4  8 10  9  7  3 -2 -6 -9 -9 * -3 -2 -2  0  1  2  3  3  2  1  0 -2 -3	
 4906.875 -340.525
-19-13 -4  8 17 21 20 14  5 -6-14-19-20 * -5 -5 -4 -2  1  4  5  6  5  2  0 -3 -5	
 -9 -6 -1  4  8 10  9  7  3 -2 -6 -9-10 * -3 -2 -2 -1  1  2  3  3  2  1  0 -1 -2	
 4906.875 -338.175
-19-14 -4  8 18 22 20 14  5 -6-14-19-20 * -5 -5 -4 -2  1  3  5  5  5  3  0 -3 -5	
 -9 -6 -1  4  8 10  9  7  3 -2 -6 -9-10 * -3 -2 -2 -1  0  2  2  3  2  1  0 -1 -2	
 4906.875 -335.825
-19-14 -4  8 18 22 20 14  5 -6-14-20-20 * -5 -5 -4 -2  0  3  5  5  5  3  0 -3 -4	
 -9 -6 -1  4  8 10  9  7  3 -2 -6 -9-10 * -2 -2 -2 -1  0  1  2  2  2  1  0 -1 -2	
 4906.875 -333.475
-20-14 -4  9 19 23 21 14  5 -6-15-20-21 * -4 -5 -4 -2  0  3  5  5  4  3  0 -2 -4	
 -9 -6 -1  4  9 11 10  7  3 -2 -7-10-10 * -2 -2 -2 -1  0  1  2  2  2  1  0 -1 -2	
 4906.875 -331.125
-20-14 -4  9 19 24 21 14  5 -6-15-21-21 * -4 -5 -4 -2  0  3  4  5  4  3  0 -2 -4	
 -9 -6 -1  4  9 11 10  7  3 -2 -7-10-10 * -2 -2 -2 -1  0  1  2  2  2  1  0 -1 -2	
 4906.875 -328.775
-20-15 -4  9 20 24 21 14  5 -6-15-21-21 * -4 -5 -4 -3  0  2  4  5  5  3  0 -2 -4	
 -9 -6 -1  4  9 11 10  7  3 -2 -7-10-10 * -2 -2 -2 -1  0  1  2  2  2  1  0 -1 -2	
 4906.875 -326.425
-20-15 -4  9 20 24 21 14  4 -6-16-21-21 * -4 -5 -4 -3  0  2  4  5  4  3  1 -2 -4	
-10 -6 -1  5  9 11 10  7  3 -2 -7-10-11 * -2 -2 -2 -1  0  1  2  2  2  1  0 -1 -2	
 4906.875 -324.075
-21-15 -4  9 20 24 21 14  4 -6-16-21-21 * -4 -5 -5 -4 -1  2  4  5  5  3  1 -2 -4	
-10 -6 -1  5  9 11 10  7  3 -2 -7-10-11 * -2 -2 -2 -1  0  1  2  2  2  2  1 -1 -2	
 4906.875 -321.725
-21-15 -5  9 20 24 21 14  4 -7-16-21-21 * -4 -5 -5 -4 -1  2  4  5  5  4  1 -1 -3	
-10 -6 -1  5  9 11 10  7  3 -2 -7-10-11 * -2 -2 -2 -2 -1  1  2  2  2  2  1  0 -1	
 4906.875 -319.375
-21-15 -5  9 21 25 21 14  4 -7-16-21-22 * -4 -5 -5 -4 -1  1  4  5  5  4  1 -1 -3	
-10 -6 -1  5  9 11 10  7  3 -2 -7-10-11 * -2 -2 -2 -2 -1  1  2  2  2  2  1  0 -1	
 4906.875 -317.025
-21-15 -5 10 21 25 22 14  4 -7-16-22-22 * -4 -5 -6 -5 -2  1  3  5  5  4  2 -1 -3	
-10 -6 -1  5 10 12 10  7  3 -2 -7-10-11 * -2 -2 -3 -2 -1  0  1  2  2  2  1  0 -1	
 4906.875 -314.675
-21-15 -5 10 22 26 22 14  4 -7-17-22-22 * -4 -6 -6 -5 -3  1  3  5  6  5  2 -1 -3	
-10 -6 -1  5 10 12 11  7  3 -2 -7-11-11 * -2 -3 -3 -2 -1  0  1  2  3  2  1  0 -1	
 4906.875 -312.325
-22-16 -5 10 22 26 22 14  4 -7-17-22-23 * -4 -6 -6 -6 -3  0  3  5  6  5  3  0 -3	
-10 -6 -1  5 10 12 11  7  3 -3 -8-11-11 * -2 -2 -3 -2 -2  0  1  2  2  2  1  0 -1	
 4906.875 -309.975
-22-16 -5 10 22 26 22 13  4 -7-17-22-22 * -4 -6 -7 -7 -4  0  3  5  6  6  3  0 -3	
-10 -6 -1  5 10 12 11  7  3 -3 -8-11-11 * -2 -3 -3 -3 -2 -1  1  2  3  2  2  1 -1	
 4906.875 -307.625
-21-15 -5 10 22 26 22 13  3 -7-17-22-22 * -4 -6 -7 -7 -4  0  3  5  6  6  3  0 -3	
-10 -6 -1  5 10 12 11  7  3 -3 -8-11-11 * -2 -3 -3 -3 -2  0  1  2  3  2  2  0 -1	
 4906.875 -305.275
-21-15 -4 11 23 26 21 13  3 -8-17-22-22 * -3 -6 -7 -8 -5 -1  2  5  7  7  4  1 -2	
-10 -6 -1  6 11 12 11  7  3 -3 -8-11-11 * -1 -2 -3 -3 -3 -1  1  2  3  3  2  1  0	
 4908.474 -419.301
-17-10 -1  8 15 18 17 12  3 -6-13-17-17 * -5 -3  0  2  4  5  6  4  2 -1 -3 -5 -6	
 -7 -4 -1  4  7  8  8  6  2 -2 -6 -8 -8 * -2 -1  0  2  3  3  3  2  1 -1 -2 -3 -3	
 4908.474 -416.951
-17-11 -1  8 14 18 17 12  3 -6-13-17-17 * -6 -4 -1  2  4  5  6  5  2  0 -3 -5 -6	
 -7 -5 -1  3  7  8  8  6  2 -2 -6 -8 -8 * -3 -2  0  1  2  3  3  2  1  0 -2 -3 -3	
 4908.474 -414.601
-17-11 -1  8 15 18 17 12  3 -6-13-17-18 * -6 -4 -1  2  4  5  6  5  3  0 -3 -5 -6	
 -7 -5 -1  4  7  8  8  6  2 -2 -6 -8 -8 * -3 -2  0  1  2  3  3  2  1  0 -2 -3 -3	
 4908.474 -412.251
-17-11 -2  8 15 19 18 12  3 -6-13-18-18 * -6 -4 -1  2  4  5  6  5  3  0 -3 -5 -6	
 -8 -5 -1  4  7  8  8  6  2 -2 -6 -8 -9 * -3 -2  0  1  2  3  3  2  1  0 -2 -3 -3	
 4908.474 -409.901
-17-11 -2  8 15 19 18 12  3 -6-13-18-18 * -6 -4 -1  1  3  5  6  5  3  0 -2 -5 -6	
 -8 -5 -1  4  7  9  8  6  2 -2 -6 -8 -9 * -3 -2  0  1  2  3  3  2  1  0 -2 -2 -3	
 4908.474 -407.551
-17-12 -2  8 15 19 18 12  4 -6-13-18-18 * -6 -4 -2  1  3  5  6  5  3  0 -2 -5 -6	
 -8 -5 -1  3  7  9  8  6  2 -2 -6 -8 -9 * -3 -2  0  1  2  3  3  2  1  0 -1 -2 -3	
 4908.474 -405.201
-17-12 -3  7 15 19 18 13  4 -5-13-17-18 * -6 -5 -2  1  3  5  6  5  3  1 -2 -4 -6	
 -8 -5 -1  3  7  9  8  6  2 -2 -6 -8 -9 * -3 -2 -1  1  2  3  3  2  1  0 -1 -2 -3	
 4908.475 -402.851
-17-12 -3  7 15 19 18 13  4 -5-13-18-18 * -6 -5 -2  0  3  5  6  5  3  1 -2 -4 -6	
 -8 -5 -1  3  7  9  8  6  2 -2 -6 -8 -9 * -3 -2 -1  1  2  3  3  3  1  0 -1 -2 -3	
 4908.475 -400.501
-18-12 -3  7 15 19 18 13  4 -5-13-17-18 * -6 -5 -3  0  3  5  6  5  4  1 -2 -4 -6	
 -8 -5 -1  3  7  9  8  6  3 -2 -5 -8 -9 * -3 -2 -1  0  2  3  3  3  2  0 -1 -2 -3	
 4908.475 -358.151
-18-12 -3  7 15 19 19 13  5 -5-13-18-18 * -6 -5 -3  0  2  5  6  6  4  1 -2 -4 -6	
 -8 -5 -1  3  7  9  9  6  3 -2 -5 -8 -9 * -3 -2 -1  0  2  3  3  3  2  0 -1 -2 -3	
 4908.475 -355.801
-18-13 -3  7 15 19 19 13  5 -5-13-18-19 * -6 -5 -3  0  2  5  6  6  4  1 -2 -4 -6	
 -8 -5 -1  3  7  9  9  6  3 -2 -6 -8 -9 * -3 -2 -1  0  2  3  3  3  2  0 -1 -2 -3	
 4908.475 -353.451
-18-13 -3  7 16 20 19 14  5 -5-13-18-19 * -6 -5 -3 -1  2  5  6  5  4  1 -1 -4 -6	
 -8 -5 -1  3  7  9  9  7  3 -2 -6 -8 -9 * -3 -2 -1  0  1  2  3  3  2  0 -1 -2 -3	
 4908.475 -351.101
-18-13 -4  7 16 20 19 13  5 -5-13-18-19 * -6 -6 -4 -1  2  4  6  6  4  2 -1 -4 -6	
 -8 -5 -1  3  7  9  9  7  3 -2 -6 -8 -9 * -3 -3 -2  0  1  2  3  3  2  1 -1 -2 -3	
 4908.475 -348.751
-18-13 -4  7 15 20 19 13  5 -5-13-18-18 * -6 -6 -4 -2  1  4  6  6  4  2 -1 -4 -6	
 -8 -5 -1  3  7  9  9  6  3 -2 -5 -8 -9 * -3 -3 -2  0  1  2  3  3  2  1  0 -2 -3	
 4908.475 -346.400
-18-13 -4  7 16 20 19 13  5 -5-13-18-18 * -6 -6 -4 -2  1  4  6  6  5  2 -1 -4 -6	
 -8 -5 -1  3  7  9  9  6  3 -2 -6 -8 -9 * -3 -3 -2 -1  1  2  3  3  2  1  0 -2 -3	
 4908.475 -344.050
-18-13 -4  7 16 20 19 13  5 -5-13-18-19 * -6 -6 -4 -2  1  4  6  6  5  3  0 -3 -5	
 -8 -5 -1  3  7  9  9  6  3 -2 -6 -8 -9 * -3 -3 -2 -1  1  2  3  3  2  1  0 -2 -3	
 4908.475 -341.700
-19-13 -4  7 17 21 19 13  5 -5-14-19-19 * -5 -5 -4 -2  1  4  6  6  5  3  0 -3 -5	
 -9 -6 -1  4  8 10  9  7  3 -2 -6 -9 -9 * -3 -3 -2 -1  1  2  3  3  2  1  0 -1 -2	
 4908.475 -339.350
-19-14 -4  8 17 21 20 14  5 -5-14-19-20 * -5 -5 -4 -2  1  3  5  6  5  3  0 -3 -5	
 -9 -6 -1  4  8 10  9  7  3 -2 -6 -9-10 * -3 -3 -2 -1  0  2  2  3  2  1  0 -1 -2	
 4908.475 -337.000
-19-14 -4  8 17 22 20 14  5 -5-14-19-20 * -5 -5 -4 -2  0  3  5  5  5  3  0 -3 -5	
 -9 -6 -1  4  8 10  9  7  3 -2 -6 -9-10 * -3 -3 -2 -1  0  2  2  3  2  1  0 -1 -2	
 4908.475 -334.650
-20-14 -4  8 18 22 20 14  5 -5-14-20-20 * -5 -5 -4 -3  0  3  5  5  5  3  0 -2 -4	
 -9 -6 -1  4  8 10  9  7  3 -2 -6 -9-10 * -2 -3 -2 -1  0  1  2  3  2  1  0 -1 -2	
 4908.475 -332.300
-20-14 -4  8 18 23 21 14  5 -6-15-20-21 * -4 -5 -4 -3  0  3  5  5  5  3  1 -2 -4	
 -9 -6 -1  4  8 10 10  7  3 -2 -6 -9-10 * -2 -2 -2 -1  0  1  2  2  2  1  0 -1 -2	
 4908.475 -329.950
-20-14 -5  8 19 23 21 14  5 -6-15-20-21 * -4 -5 -5 -3 -1  2  4  5  5  4  1 -2 -4	
 -9 -6 -1  4  8 10 10  7  3 -2 -7-10-10 * -2 -2 -2 -1  0  1  2  2  2  1  0 -1 -2	
 4908.475 -327.600
-20-15 -5  8 19 23 21 14  5 -6-15-20-21 * -4 -5 -5 -3 -1  2  4  5  5  3  1 -2 -4	
 -9 -6 -1  4  9 11 10  7  3 -2 -7-10-10 * -2 -2 -2 -1  0  1  2  2  2  1  1 -1 -2	
 4908.475 -325.250
-20-15 -5  8 19 24 21 14  4 -6-15-21-21 * -4 -5 -5 -4 -1  2  4  5  5  4  1 -1 -3	
 -9 -6 -1  4  9 11 10  7  3 -2 -7-10-10 * -2 -2 -2 -2 -1  1  2  2  2  2  1  0 -1	
 4908.475 -322.900
-20-15 -5  8 19 24 21 14  4 -6-15-21-21 * -4 -5 -5 -4 -2  1  4  5  5  4  2 -1 -3	
 -9 -6 -1  4  9 11 10  7  3 -2 -7-10-10 * -2 -2 -2 -2 -1  1  2  2  2  2  1  0 -1	
 4908.475 -320.550
-21-15 -5  9 20 24 21 14  4 -6-16-21-21 * -4 -5 -5 -4 -2  1  4  5  5  4  2 -1 -3	
-10 -6 -1  4  9 11 10  7  3 -2 -7-10-11 * -2 -2 -2 -2 -1  1  2  2  2  2  1  0 -1	
 4908.475 -318.200
-21-15 -5  9 20 24 21 14  4 -6-16-21-21 * -4 -5 -6 -5 -2  1  3  5  5  5  2 -1 -3	
-10 -6 -1  4  9 11 10  7  3 -2 -7-10-11 * -2 -3 -3 -2 -1  0  1  2  3  2  1  0 -1	
 4908.475 -315.850
-21-15 -5  9 21 25 22 14  4 -6-16-21-22 * -4 -5 -6 -5 -3  0  3  5  6  5  2  0 -3	
-10 -6 -1  5  9 11 10  7  3 -2 -7-10-11 * -2 -2 -3 -2 -1  0  1  2  3  2  1  0 -1	
 4908.475 -313.500
-21-15 -5  9 21 25 22 14  4 -6-16-22-22 * -4 -6 -7 -6 -3  0  3  5  6  5  3  0 -3	
-10 -6 -1  5 10 12 10  7  3 -2 -7-10-11 * -2 -3 -3 -3 -2  0  1  2  3  2  1  0 -1	
 4908.475 -311.150
-21-15 -5  9 21 25 21 14  4 -6-16-21-22 * -4 -6 -8 -7 -4  0  3  6  7  6  3  0 -3	
-10 -6 -1  5 10 12 10  7  3 -2 -7-10-11 * -2 -3 -3 -3 -2  0  1  2  3  3  2  1 -1	
 4908.475 -308.800
-21-16 -6  9 21 25 22 14  4 -7-16-22-22 * -4 -6 -8 -7 -5 -1  3  6  7  6  4  0 -3	
-10 -7 -1  5 10 12 11  7  3 -2 -7-11-11 * -2 -3 -3 -3 -2 -1  1  2  3  3  2  1 -1	
 4908.475 -306.450
-21-16 -6  9 21 25 21 13  4 -6-16-22-22 * -4 -7 -8 -8 -5 -1  3  6  7  7  4  0 -3	
-10 -7 -1  5 10 12 10  7  3 -2 -7-10-11 * -2 -3 -4 -3 -2 -1  1  2  3  3  2  1 -1	
 4908.475 -304.100
-21-16 -5  9 22 26 21 13  4 -7-17-22-22 * -4 -6 -8 -8 -6 -1  3  6  8  7  5  1 -3	
-10 -7 -1  5 10 12 11  7  3 -2 -7-11-11 * -1 -3 -3 -4 -3 -1  1  2  3  3  2  1  0	
