Roscoff                   	
 4837.301 -351.361
  0  0  0  0  0  0  0  0  0  0  0  0  0 *  0  0  0 -7 -4 -2  0  1  3  5  1  0  0	
  0  0  0  0  0  0  0  0  0  0  0  0  0 *  2  1 -1 -1 -5  0  0  0  2  2  3  1  2	
 4837.571 -351.156
  0  0 -1 -3 -1  0  0  0  0  3  1  1  0 *  0  0 -4 -5 -3 -1  0  0  2  4  2  1  0	
  0  0  0 -1 -1  0  0  0  1  1  1  0  0 *  0 -1 -1 -1 -3 -1  0  0  1  2  2  1  0	
 4837.841 -357.101
  1  1 -3 -6 -1  0  0  0  1  2  2  2  2 *  9  6-16-31 -2 -1  2  2  6  9 11 10  9	
  0 -1 -1 -1 -1  0  0  0  1  1  1  1  0 * -2 -4 -5 -5 -4 -2  0  2  5  6  5  4  2	
 4837.841 -351.361
  0  0  1  0  0  0  0 -1 -1 -2  0  0  0 *  0  0  0 -2 -2 -1  0  1  3  2  1  0  0	
  0  0  0  0  1  0  0  0 -1  0  0  0  0 *  0  0  0 -1 -1  0  0  0  1  1  0  0  0	
 4837.841 -350.951
  1  1  1  5  1  1  0  0 -1 -3 -3 -1  1 * -1  0 -4 -7 -3 -1  0  1  3  5  5  0 -2	
 -1  1  1  1  1  0  0  0 -1 -1 -1 -1  0 *  0 -1 -1 -2 -2  0  0  0  2  2  2  2  1	
 4838.111 -351.566
  0  0  1  2  2  1  0 -1 -2 -2 -1  0  0 *  0  0  0 -4 -2 -1  0  1  3  4  1  0  0	
  0  0 -3  1  1  0  0  0 -1 -1  1  0  0 *  0  0 -3 -1 -2  0  0  1  2  2  2  0  0	
 4838.111 -351.156
  1  0  5  3  1  1  0  0 -1 -2 -3  2  1 *  0  0 -3 -7 -3 -2  0  0  2  4  5  6  1	
  0  1  1  1  1  0  0  0 -1 -1 -1 -1 -1 *  0 -2 -2 -2 -2 -1  0  0  2  2  2  2  1	
 4838.381 -352.591
  0  0  0  2  1  1  0 -1 -2 -3 -2  0  0 *  0 -1  0 -3 -1 -1  0  0  1  2  6  0 -1	
  0  0  2  1  1  0  0 -1 -2 -2 -1  0  0 *  1  1 -2 -1 -1  0  0  0  1  1  2  0  1	
 4838.381 -352.181
  0  0  0  2  1  0  0 -1 -2 -2  0  0  0 *  0  0  0 -4 -1 -1  0  1  2  3  0  0  0	
  0  0  0  1  1  0  0  0 -1 -1  0  0  0 *  0  0 -2 -1 -1  0  0  0  1  2  2  0  0	
 4838.381 -351.771
  0  0  1  3  1  1  0 -1 -2 -2  1  0  0 *  0  0  0 -6 -2 -1  0  0  2  4  4  1  0	
  0  0  0  1  1  0  0  0 -1 -1  0  0  0 *  0 -1 -2 -2 -2 -1  0  0  2  2  2  1  1	
 4838.381 -351.361
  0  0  3  5  2  1  0  0 -1 -3 -4 -1  0 *  1 -2 -5 -8 -3 -2  0  0  3  5  6  4  1	
  0  1  2  1  1  1  0  0 -1 -1 -2 -1 -1 *  0 -2 -3 -2 -2 -1  0  0  2  2  3  2  1	
 4838.651 -353.616
  0  0  0  0  0  0 -1 -1 -1 -1  0  0  0 *  0  0  0 -1  0  0  1  1  1  2  0  0  0	
  0  0  0  0  0  0  0  0 -1 -1  0  0  0 *  0  0  0  0  0  0  0  0  1  1  0  0  0	
 4838.651 -353.206
  0  0  0 -1  0 -1 -1 -1 -1 -1  3  1  0 *  0  0  1 -2 -1 -1  0  0  1  2  4  1  0	
  0 -2  0  0  0  0  0 -1 -1 -1  0  1  0 *  0 -1 -1 -1 -1  0  0  0  1  1  1  1  0	
 4838.651 -352.796
  0  0 -1  1  1  0  0  0 -1 -2  0  1  0 *  0  0 -5 -4 -2 -1  0  0  2  3  4  1  0	
  0  0  0  0  0  0  0  0 -1 -1  0  0  0 * -1 -1 -2 -2 -1 -1  0  0  1  2  2  1  1	
 4838.651 -352.386
  0  0  0  1  1  0  0  0 -1 -1  1  1  0 *  1  1 -2 -4 -2 -1  0  1  2  3  3  2  1	
  0  0  0  0  0  0  0  0 -1 -1  0  0  0 *  0 -1 -2 -1 -1  0  0  1  1  2  2  1  1	
 4838.651 -351.976
  0  0  1  2  1  1  0  0 -1 -2  0  0  0 *  0  0 -1 -6 -3 -1  0  1  2  4  3  0  0	
  0  0  0  1  1  0  0  0 -1 -1 -1  0  0 *  0 -1 -2 -2 -2 -1  0  0  1  2  2  1  1	
 4838.651 -351.566
  0  0  3  4  2  1  0  0 -1 -3 -4 -1  0 *  0  0 -2 -6 -3 -2  0  0  2  4  4  2  1	
  0  1  2  1  1  1  0  0 -1 -1 -2 -1 -1 *  0 -1 -2 -2 -2 -1  0  0  2  2  2  1  1	
 4838.921 -353.821
  0  0  0  0  0  0  0  0  0  0  0  0  0 * -1 -1 -1 -2  0  1  2  2  2  3  1 -1 -1	
  0  0  0  0  0  0  0  0  0  0  0  0  0 *  0  0 -1 -1  0  0  0  1  1  2  2  0  0	
 4838.921 -353.411
  0  0 -1 -1 -1 -1 -1 -1 -1  0  4  0  0 *  0  0 -3 -3 -1  0  0  1  2  3  4  0  0	
  0 -1 -1 -1  0 -1 -1 -1  0  0  0  1  0 *  0 -2 -2 -1 -1  0  0  1  1  2  2  1  1	
 4838.921 -353.001
  0  2 -3 -1  0  0 -1 -1 -1  0  2  1  0 *  0 -1 -6 -5 -3 -2 -1  0  2  4  5  1  0	
  0 -1 -1  0  0  0  0  0  0  0  0  1  1 *  0 -2 -2 -2 -1 -1  0  0  1  2  2  1  0	
 4838.921 -352.591
  0  0 -2  1  1  0  0  0 -1 -1  0  0  0 *  0  0 -3 -5 -3 -2  0  1  2  4  5  1  0	
  0  0  0  0  0  0  0  0 -1 -1  0  0  0 *  0 -1 -2 -2 -1 -1  0  1  2  2  2  2  0	
 4838.921 -352.181
  0  0 -2  1  1  1  0  0 -1 -1  1  1  0 *  0  0 -1 -5 -3 -1  0  1  2  4  2  0  0	
  0  0  0  0  0  0  0  0  0  0  0  0  0 * -1 -1 -2 -2 -1 -1  0  0  1  2  1  1  0	
 4838.921 -351.771
  0  0  2  4  2  1  1  0 -1 -2 -3 -2  0 *  0  0 -3 -6 -3 -2  0  0  2  4  4  0  0	
  0  1  1  1  1  1  0  0 -1 -1 -1 -1  0 *  0 -1 -2 -2 -2 -1  0  0  2  2  2  2  1	
 4839.191 -354.026
  0  0  0  0  0 -1 -1 -1 -1 -1  1  0  0 * -2 -2 -2 -1  1  1  2  2  2  2  0 -2 -2	
  0  0  0  0  0  0  0  0  0  0  0  0  0 * -2  0  0  0  0  0  0  1  1  1  1  0 -2	
 4839.191 -353.616
  3  3 -5 -2 -2 -1 -1 -1  0  1  4  1  2 *  1  1 -3 -3  0  0  1  2  3  4  4  1  1	
  0 -1 -1 -1 -1 -1  0  0  0  0  1  1  0 *  0 -1 -2 -1  0  0  1  1  2  2  2  1  0	
 4839.191 -353.206
  0  0 -2 -1 -1 -1 -1 -1  0  0  1  0  0 *  0  0 -5 -6 -4 -2 -1  1  3  5  5  1  0	
  0  0  0 -1  0 -1 -1  0  0  0  0  1  0 * -1 -2 -2 -2 -2 -1  0  1  2  2  2  2  0	
 4839.191 -352.796
  0  2  0  1  1  0  0  0 -1 -1  0 -1  0 *  2 -1 -6 -7 -4 -3 -1  0  3  5  7  4  2	
  0  0  0  0  0  0  0  0  0  0  0  0  0 *  0 -2 -3 -2 -2 -1  0  1  2  2  3  2  1	
 4839.191 -352.386
  0  1 -1  2  2  1  1  0 -1 -1  0  2  0 *  0  0 -5 -6 -4 -2 -1  0  3  5  5  3  0	
  1  0  0  1  1  0  0  0  0 -1  0  0  1 * -1 -2 -2 -2 -2 -1  0  0  2  2  2  2  0	
 4839.191 -351.976
  0  1  2  3  2  2  1  0 -1 -2 -2 -1  0 *  0 -1 -4 -7 -3 -2  0  1  3  5  6  3  0	
  0  1  1  1  1  1  0  0 -1 -1 -1 -1  0 *  0 -1 -3 -2 -2 -1  0  0  2  2  3  2  1	
 4839.191 -351.566
  0  0  0  2  1  1  0  0 -1 -1 -1  0  0 *  0  0 -2 -4 -1  0  1  1  3  4  3  0  0	
  0  0  1  1  1  0  0  0  0 -1 -1 -1  0 * -1 -1 -2 -2 -1  0  0  1  2  2  2  1  0	
 4839.461 -357.101
 -1  0  0 -3 -1 -1  0  0  1  2  1  0  0 *  2  0 -5-10 -1 -1  0  1  4  6  5  1  2	
  0  0 -1 -1 -1  0  0  0  1  1  1  0  0 *  0 -2 -3 -2 -1 -1  0  1  3  3  3  2  0	
 4839.461 -356.691
  2  0  1 -1  0 -1  0  0  1  2  2  2  2 *  5  0 -6 -8  0  0  1  2  2  3  5  6  5	
  0  0  0  0  0  0  0  1  1  1  1  0  0 *  0 -2 -2 -2 -1 -1  0  1  2  2  2  2  1	
 4839.461 -354.231
  0  0  0 -1 -1  0  0  0  0  0  0  0  0 *  0  0  0  1  1  1  1  1  1  1  1  0  0	
 -1  0  0  0  0  0  0  0  0  0  0  0  0 *  1  0  0  0  0  0  0  0  0  0  0  0  1	
 4839.461 -353.821
  0  0 -3 -4 -2 -1  0  0  1  2  4  1  0 *  0  0 -2 -1  1  1  2  2  2  3  3  0  0	
  0 -1 -1 -1 -1 -1  0  0  0  1  1  1  1 *  0 -1 -1 -1  0  0  1  1  1  1  1  1  0	
 4839.461 -353.411
  0  0 -3 -3 -2 -1 -1  0  1  2  3  0  0 *  0  0 -4 -4 -2 -1  1  2  3  4  4  1  0	
  0 -1 -1 -1 -1 -1  0  0  0  1  1  1  1 * -1 -2 -2 -1 -1  0  1  1  2  2  2  1  0	
 4839.461 -353.001
  0  0  1  0  0  0  0  0  0  0 -1 -1  0 *  1 -2 -6 -9 -6 -4 -2  0  3  5  6  3  1	
  0  0  0  0  0  0  0  0  0  0  0  0  0 * -1 -2 -3 -3 -2 -1 -1  0  2  2  3  2  1	
 4839.461 -352.591
  0  1  1  3  2  1  1  0  0 -1  0  1  0 *  0 -1 -5 -9 -6 -4 -2  0  3  6  6  2  0	
  1  0  1  1  1  0  0  0  0  0  0  0  0 * -1 -2 -3 -3 -2 -2 -1  0  2  3  3  2  1	
 4839.461 -352.181
  0  1  3  4  3  2  1  0 -1 -2 -3 -2  0 *  0 -1 -4 -6 -3 -2  0  1  3  4  5  2  0	
  0  1  1  1  1  1  0  0 -1 -1 -1 -1  0 *  0 -1 -2 -2 -2 -1  0  0  1  2  2  2  1	
 4839.461 -351.771
  0  0  4  3  2  1  1  0 -1 -1 -2 -4  0 *  0  0 -1 -3  0  1  2  2  3  4  3 -2  0	
  0  1  1  1  1  1  0  0  0 -1 -1 -1  0 * -1 -1 -2 -1 -1  0  0  1  2  2  2  1  0	
 4839.731 -356.896
  4 -3 -7 -3 -1 -1 -1 -1  0  1  1  4  5 *  0  0 -2 -5  0  0  1  1  2  4  3  0  0	
  0 -1 -1  0  0  0  0  0  0  0  0  1  0 *  0 -1 -1 -1 -1  0  0  1  1  2  2  1  0	
 4839.731 -356.486
  0  0  0 -2 -2 -1 -1  0  0  0  1 -1  1 *  2  0 -8-13 -2 -1  0  1  1  3  7  9  3	
  0  0 -1 -1  0 -1  0  0  0  0  0  0  0 * -1 -3 -4 -3 -2 -1  0  1  1  1  2  3  1	
 4839.731 -356.076
  0  0  0  0  1  0  0  0  1  0  0  0  0 *  0  0  0  0 -2 -2 -1  0  2  0  0  0  0	
  0  0  0  0  0  0  0  0  0  0  0  0  0 *  0  0  0  0  0  0  0  1  0  0  0  0  0	
 4839.731 -354.026
  0  0 -1 -1  0  1  1  1  1  2  1  0  0 *  0  0  0  0  1  1  1  1  2  2  1  0  0	
 -1 -1 -1  0  0  0  0  0  1  1  1  0  0 *  0  0 -1  0  0  1  1  1  1  1  1  0  0	
 4839.731 -353.616
  0  0 -7 -4 -1  0  1  2  3  4  5  4  0 *  0  0 -1 -1  0  1  2  2  3  3  3  0  0	
  0 -2 -2 -1 -1  0  0  1  2  2  2  1  0 * -1 -1 -1 -1  0  0  1  1  1  1  1  1  0	
 4839.731 -353.206
  1 -1 -4 -4 -1  0  1  1  2  3  3  2  1 *  0 -1 -3 -6 -4 -2  0  1  4  5  4  1  0	
  0 -1 -1 -1 -1  0  0  0  1  1  1  1  0 * -1 -2 -2 -2 -2 -1  0  1  2  2  2  1  0	
 4839.731 -352.796
  0  1  2  2  1  1  1  1  0 -1 -2 -2  0 *  0 -1 -6 -9 -7 -4 -2 -1  3  5  5  2  1	
  0  0  1  1  1  1  0  0  0  0  0  0  0 * -1 -2 -3 -3 -3 -2 -1  0  2  2  2  2  0	
 4839.731 -352.386
  0  1  5  5  2  1  1  0 -1 -3 -4 -2  0 *  0 -2 -5 -7 -4 -3 -1  1  3  6  6  3  0	
  0  1  2  2  1  1  1  0 -1 -1 -1 -1 -1 *  0 -2 -3 -2 -2 -1 -1  0  2  3  3  2  1	
 4839.731 -351.976
 -2  0  5  3  2  0  0  0 -1 -2 -3 -6 -2 *  1  0 -2 -3 -1  1  2  2  3  4  4  1  1	
  0  1  1  1  1  1  0  0 -1 -1 -1 -1  0 * -1 -1 -2 -2 -1  0  1  1  2  2  2  1  0	
 4839.731 -351.566
 -1 -1  2  1  0  0 -1 -1 -1 -2 -2 -3 -1 *  1  0  0 -1  1  1  2  2  2  2  2  1  0	
  0  0  1  0  0  0  0  0 -1 -1 -1 -1  0 *  0  0 -1 -1  0  0  0  1  1  1  1  1  0	
 4839.731 -351.156
  0  0  0  3  1  1  0  0 -1  0  1  0  0 *  0  0  0  0 -1 -1  0  0  1  1  1  0  0	
  0  0  0  1  2  0  0  0  0  0 -1  1  1 *  0  0  0  0 -1  0  0  0  0  0  1  1  1	
 4840.001 -357.101
  1  0 -3  1 -1 -1 -1  0  0 -1 -2  2  1 * -4  1  7 -4  0  0  1  2  3  4  2 -5 -4	
  0  1  0  0  0  0  0  0  0  0 -1 -1  0 * -1 -1 -1 -1 -1  0  0  1  2  2  2  1  0	
 4840.001 -356.691
  0  0  0 -3  0  0  1  1  1  3  1  0  0 *  0  0  0 -6  0  0  1  2  4  5  1  0  0	
  0  0 -1 -1  0  0  0  0  1  2  2  0  0 *  0 -1 -1 -1 -1  0  1  1  2  2  1  0  0	
 4840.001 -356.281
  4  0 -8 -9 -1  0  0  0  1  2  5  1  5 *  7 -1-13-15 -5 -2 -1  0  2  6 12  7  9	
 -1 -2 -3 -2 -1 -1  0  0  1  1  1  2  1 * -1 -3 -5 -4 -3 -1 -1  0  2  3  4  4  2	
 4840.001 -355.871
  0  0  0  2  1  1  0  0  0 -1 -2  0  0 *  0  0  0 -8 -3 -1 -1  0  2  5  3  0  0	
  0  0  1  0  0  0  0  0  0 -1 -1 -1  0 *  0  0 -1 -2 -2 -1  0  1  2  2  2  0  0	
 4840.001 -353.411
 -1 -2 -4 -3  0  1  2  3  5  6  5  3  0 *  4  0 -4 -4 -1  0  2  3  6  7  5  1  2	
 -1 -1 -2 -1  0  1  1  2  3  3  2  1  0 * -1 -2 -2 -2 -1  0  1  2  3  3  2  1  0	
 4840.001 -353.001
  0  0  1  1  1  1  1  1  1  0  0  0  0 *  0 -3 -8-11 -7 -4 -2  0  5  7  8  4  1	
  0  0  0  0  0  0  0  0  0  0  0  0  0 *  0 -2 -4 -4 -3 -2 -1  0  3  3  3  2  1	
 4840.001 -352.591
  0  1  4  4  1  0  0  0 -1 -2 -3 -2 -1 *  1 -1 -4 -7 -4 -2  0  1  3  5  5  2  1	
  0  1  1  1  1  1  0  0 -1 -1 -1 -1  0 *  0 -1 -2 -2 -2 -1  0  0  2  2  2  2  1	
 4840.001 -352.181
  0  1  4  3 -1 -1 -1 -1 -2 -2 -3 -3 -1 *  0  0 -2 -4 -3 -1  2  3  4  6  5  2  0	
  0  1  2  1  1  0  0  0 -1 -1 -1 -1 -1 * -1 -1 -2 -2 -1  0  1  1  2  3  2  2  0	
 4840.001 -351.771
 -1  0  1  1 -1 -1 -2 -2 -2 -2 -2 -5 -2 * -2 -4  1  0  2  2  3  3  4  4  2 -3 -1	
  0  1  1  1  0  0  0 -1 -1 -1 -1 -1  0 * -1 -1 -1  0  0  1  1  1  2  2  1  1  0	
 4840.001 -350.951
  0  0  0  1  0  0  0  0  0  0  0  1  0 *  0  0  0 -1 -1  0  0  0  0  1  1  1  0	
  0 -1  0  0  0  0  0  0  0  0  1  0  0 *  0  0  0  0 -1  0  0  0  0  0  1  0  0	
 4840.271 -356.896
 -1  0  1 -1  1  1  1  1  1  2  1 -1 -1 * -2  1  4-14 -3 -1  1  3  5  7  4 -3 -2	
  0  0  0  0  0  0  0  0  1  1  1  0  0 * -1 -2 -4 -3 -2 -1  1  2  4  4  3  2  0	
 4840.271 -356.486
  0  0  0 -5  0  0  0  0  1  4  0  0  0 *  0  0  0 -8 -3 -2  0  2  4  6  0  0  0	
  0  0  1 -2 -1  0  0  0  1  2  1  0  0 *  0  0  1 -2 -2  0  1  2  3  2  1  0  0	
 4840.271 -356.076
 -1  0 -2 -3  1  1  0  0  0  1  0  0  0 *  1  0 -8-20 -6 -3 -1  0  3  7 11  3  1	
  0 -1 -1  0  0  0  0  0  0  0  0  0  0 * -1 -4 -6 -5 -4 -2 -1  1  3  4  5  4  1	
 4840.271 -355.666
  0  0  0  2  2  1  0 -1 -1 -1 -1  0  0 *  0  0  0 -8 -1  0  0  1  2  5  0  0  0	
  0  0  2  1  1  0  0  0 -1 -1 -3  0  0 *  0  0 -3 -2 -1  0  0  1  2  2  3  0  0	
 4840.271 -354.026
  0  0  1  1  1  0  0  0  0  0  0  0  0 *  0  0  0  0  0  0  0  0  1  1  1  0  0	
  0  0  0  1  0  0  0  0  0  0  0  0  0 *  0  0  0  0  0  0  0  0  0  0  0  1  0	
 4840.271 -353.206
  1  1  3  3  2  1  0 -1 -1 -2 -2 -1  0 *  1 -1 -6 -8 -4 -2  0  1  5  8  8  4  1	
  0  1  1  1  1  1  0  0 -1 -1 -1 -1  0 * -1 -2 -3 -3 -2 -1  0  1  3  4  3  2  1	
 4840.271 -352.796
  0  1  1  0  0 -1 -1 -1 -1 -1 -2 -1  0 *  1 -2 -9-11 -6 -3  0  2  5  8  8  5  1	
  0  0  0  0  0  0  0  0  0 -1 -1 -1  0 *  0 -2 -4 -4 -3 -1  0  1  3  3  4  3  1	
 4840.271 -352.386
  0  0  1 -2 -2 -2 -3 -2 -1 -2 -3  0  0 *  0  0 -2 -5 -4 -2  0  3  6  8  7  0  0	
  0  0  0  0 -1 -1 -1 -1 -1 -1 -1 -1 -1 * -1 -2 -3 -2 -1  0  0  1  3  4  3  2  0	
 4840.271 -351.976
  0  0  0 -5 -4 -3 -2 -1  0  0 -3  0  0 *  0  0  1 -7 -5 -2  1  3  8  9  6  0  0	
  0  0 -1 -1 -1 -1 -1  0  0  0 -1 -1  0 * -1 -1 -3 -2 -2  0  1  2  4  4  3  2  0	
 4840.271 -351.156
  0  0 -4  0  0  0  0  0  0  0  3  0  0 *  0  0 -7 -4 -2 -1  0  0  2  3  3  3  0	
 -1 -1  0  0  0  0  0  0  0  0  0  0  1 * -1 -2 -1 -1 -2  0  0  0  1  1  2  1  1	
 4840.541 -357.511
  0  0  0  1 -2 -2 -1  0  1  0  0  0  0 *  0  0  0  0  0  0  0  0  0  0  0  0  0	
  0  0  0  0  0  0  0  0  0  0  0  0  0 *  0  0  0  0  0  0  0  0  0  0  0  0  0	
 4840.541 -357.101
  1  0 -2  1 -2 -1 -1 -1 -1  0  0  2  2 * -2  0  0-11 -2  0  1  2  2  2  2 -1 -2	
  0  0  0  1  0  0  0  0 -1  0  0  0  0 * -1 -2 -3 -3 -2 -1  0  1  1  1  1  1  0	
 4840.541 -356.691
  0  0  0 -6 -1  0 -1 -1  0  3 -1  0  0 *  0  0  0 -3 -2 -1  0  2  3  1  0  0  0	
 -1 -2  0 -1 -1  0 -1  0  0  2  0  0  0 *  0  0  0 -1 -1  0  0  1  1  0  0  0  1	
 4840.541 -356.281
  0  0 -3 -2  0  0  0  0  0  3  3  1  0 *  1  0 -4-16 -5 -2 -1  1  5  7  6  3  2	
  0 -1 -1  0  0  0  0  0  1  1  1  1  0 * -1 -3 -5 -4 -3 -1  0  2  3  3  3  1  0	
 4840.541 -355.871
  0  0  3  8  1  0 -2 -4 -4 -3 -4  0  0 *  0  0 -2 -6 -1  0  1  2  3  5 -1  0  0	
  1  1  3  2  1  1  0 -1 -2 -2 -3 -1  0 *  0  0 -1 -1 -1 -1  0  1  2  2  1  0 -1	
 4840.541 -355.461
  0  0  0 -3 -2 -2 -5 -6 -5  0  0  0  0 *  0  0  0  0  1  1 -1 -1  1  3  0  0  0	
  0  0  0  0 -1  1 -1  0 -1  0  0  0  0 *  0  0  0  0  0  1  0  1  1  1  0  0  0	
 4840.541 -355.051
  0  0 -2 -4 -2 -1 -3 -3 -2  2  3  2  0 *  0  0 -3 -1  0  0  1  1  1  0  2  3  0	
  0 -1 -1 -1 -1  0 -1 -1  0  0  0  1  0 *  0 -1 -1  0  0  0  0  0  1  0  0  1  0	
 4840.541 -354.641
  0  0 -2 -1 -1 -1 -2 -2 -2  0  1  0  0 *  1 -1 -2 -3 -1  0  0  1  1  1  2  2  0	
  0  0  0  0  0  0  0  0 -1  0  0  0  0 *  0 -1 -1 -1 -1 -1  0  0  1  1  1  1  0	
 4840.541 -354.231
  0 -1  0  1  1  0 -2 -2 -2 -1  0  0  0 *  1 -1 -2 -4 -2 -1  0  0  1  2  2  1  0	
  0  0  1  1  1  0  0  0 -1 -1 -1  0  0 *  0 -1 -1 -1 -1  0  0  0  1  1  1  1  0	
 4840.541 -353.821
  0  1  4  5  3  1 -2 -3 -4 -4 -4 -2  0 * -1  0 -2 -2 -2 -1  0  1  3  3  3  2  1	
  1  1  2  2  2  1  0 -1 -2 -2 -2 -1  0 * -1 -1  0 -1 -1  0  0  1  1  2  1  1  0	
 4840.541 -353.411
  0  2  6  7  4  1 -1 -3 -4 -4 -3 -1  0 *  0 -2 -5 -7 -4 -2  0  1  3  3  2  1  0	
  1  2  3  3  2  1  0 -1 -2 -2 -2 -1  0 * -1 -2 -3 -3 -2 -1  0  0  2  2  1  1  0	
 4840.541 -353.001
  0  0  0  1  0 -1 -2 -3 -2 -1 -1  0  0 *  0 -1 -6 -7 -3 -2  0  1  4  7  8  4  1	
  0  0  1  1  0  0 -1 -1 -1 -1 -1  0  0 *  0 -2 -3 -3 -2 -1  0  1  2  3  3  3  1	
 4840.541 -352.591
  0 -2 -5 -5 -3 -3 -3 -2 -1  0  1  2  0 *  0 -3 -9-12 -6 -3 -1  1  5  8  8  4  1	
  0 -1 -1 -1 -1 -1 -1 -1 -1  0  0  0  0 * -1 -3 -4 -4 -3 -1  0  1  3  3  3  2  0	
 4840.541 -352.181
  0  0 -2 -3 -2 -2 -1 -1  0  2  3  0  0 *  0  0 -8-13 -7 -4  0  2  6 10 10  0  0	
 -1 -1 -1 -1 -1 -1  0  0  1  1  1  1  0 * -3 -4 -5 -4 -3 -1  0  2  4  4  4  3 -1	
 4840.541 -351.771
  0  0 -1 -3 -2 -2 -1  0  2  3  1  0  0 *  0  0 -1 -7 -5 -3 -2  0  3  6  2  0  0	
  0  0 -1 -1 -1 -1  0  0  1  2  1  1  0 *  0 -1 -2 -2 -2 -1  0  0  2  2  2  1  0	
 4840.541 -351.361
 -1  1  4  3  2  1  1  0 -1 -3 -3 -1 -2 *  0 -2 -3 -4 -2 -1  0  0  2  3  3  1  1	
  1  1  1  1  1  0  0  0 -1 -1 -1 -1  0 *  0 -1 -1 -1 -2 -1  0  0  1  1  2  1  1	
 4840.541 -350.951
  0  0 -1  0  0  0  0 -1 -1 -2 -3  0  0 *  0  0  2  0  0  0  0  0  1  1  1  0  0	
  0  1  0  0  0  0  0  0 -1 -1 -1 -1  0 *  0  0  0  0  0  0  0  0  0  1  0  0  0	
 4840.811 -357.716
  0  0  0-14 -4 -1 -1  1  3  6  2  0  0 *  0  0  0  5  2  1  1  1  0 -1  0  0  0	
  0 -1 -4 -4 -2 -1  0  1  2  2  3  1  0 *  0  1  1  1  1  1  0  0  0  0 -1  0  0	
 4840.811 -357.306
  0  0 -1-10 -2  0  0  0  2  5  6  0  0 *  0  0 -1-10 -2  0  1  2  4  5  8  0  0	
  0 -2 -3 -2 -1 -1 -1  0  1  2  2  2  1 * -2 -3 -4 -2 -1  0  1  2  2  2  3  3  0	
 4840.811 -356.896
  0  0  0-12 -2  0  0  0  1  3  7  3  0 *  0  0 -9-15 -5 -2  0  2  5  9 14  9  0	
 -1 -3 -4 -3 -2 -1 -1  0  1  1  2  2  1 * -2 -4 -5 -3 -2 -1  0  2  3  4  6  5  2	
 4840.811 -356.486
  0  0 -3 -5  0  0  0  0  0  1  5  0  0 *  0  0 -8-14 -6 -3 -1  2  5  6  4  0  0	
  0 -1 -2 -1  0  0  0  0  0  0  1  2  1 *  0 -2 -4 -4 -3 -2 -1  1  3  3  2  1  0	
 4840.811 -356.076
  0  2 -1  0  1  1  0 -1 -2 -1  1 -1  0 *  1  3 -4-12 -4 -1  1  3  5  8  7  2 -1	
  0 -1 -1  0  1  1  0  0  0  0  0  0  0 * -1 -2 -4 -3 -2 -1  0  1  3  4  3  2  0	
 4840.811 -355.666
  0  0  0 -3 -1 -2 -4 -5 -5  0  0  0  0 *  0  0  0 -3  1  3  4  4  5  4  1  0  0	
  0  0  0  0  0  0 -1 -1 -1 -1  0  0  0 *  0  0 -1 -1 -1  0  1  2  3  2  1  0  0	
 4840.811 -355.256
  0  0 -1 -2 -1  0 -2 -2 -2  1  1  0  0 *  0  0 -1 -4 -1  0 -2 -2  0  4  1  0  0	
  1  0  0  0  0  0  0  0  0  0  0  0  0 * -1 -1 -1 -1  0  1  0  1  1  2  0  0  0	
 4840.811 -354.846
  0  0 -2 -2 -1 -1 -2 -2 -1  1  1  1  0 *  0 -1 -5 -5 -2 -1  0  1  2  4  3  2  0	
  0  0  0  0  0  0  0  0  0  0  0  0  0 * -1 -2 -2 -2 -2 -1  0  0  1  2  1  1  0	
 4840.811 -354.436
  0  0  1  0  0 -1 -2 -2 -2 -1  0  0  0 *  0 -2 -4 -5 -2 -1  0  1  2  3  3  3  1	
  0  0  1  1  1  1  0  0 -1 -1  0  0  0 * -1 -1 -2 -2 -2 -1  0  0  1  2  1  1  0	
 4840.811 -354.026
  0  1  3  2  1  0 -2 -2 -3 -3 -2 -1  0 *  0 -2 -6 -7 -4 -2 -1  1  3  5  5  3  1	
  1  1  1  1  1  1  0 -1 -1 -2 -1 -1  0 * -1 -2 -2 -2 -2 -1  0  1  2  2  2  2  0	
 4840.811 -353.616
  0  2  6  5  3  1 -1 -2 -4 -4 -4 -2 -1 *  1 -3 -8 -9 -5 -2  0  2  4  6  6  4  1	
  1  2  2  2  1  1  0 -1 -2 -2 -2 -1  0 * -1 -2 -3 -3 -2 -1  0  1  2  3  3  2  1	
 4840.811 -353.206
 -1  2  5  3  1 -1 -2 -3 -5 -4 -4 -3 -1 *  1 -3 -8 -8 -3  0  2  2  4  6  6  4  1	
  0  1  2  2  1  0  0 -1 -2 -2 -2 -2 -1 * -1 -2 -3 -3 -2 -1  0  1  3  3  3  2  1	
 4840.811 -352.796
  0 -1 -2 -3 -2 -2 -3 -3 -3  0  2  2  0 *  0  0 -7 -9 -5 -3 -1  0  4  9 10  3  0	
  0  0  0 -1 -1 -1 -1 -1 -1  0  0  1  0 * -1 -3 -3 -3 -2 -1  0  1  2  3  4  3  1	
 4840.811 -352.386
  1 -3 -6 -5 -3 -2 -2 -2 -1  2  4  3  1 *  1 -3 -7 -8 -5 -3 -1  0  3  5  7  5  1	
  0 -1 -1 -1 -1 -1 -1 -1  0  1  1  1  0 * -1 -2 -3 -3 -2 -1  0  0  2  2  2  2  1	
 4840.811 -351.976
  0 -1 -3 -3 -1 -1 -1 -1  0  1  2  1  0 *  0 -1 -3 -6 -4 -3 -1  0  2  3  3  1  0	
  0 -1 -1 -1  0 -1 -1 -1  0  0  1  1  0 * -1 -1 -2 -2 -2 -1  0  0  1  1  1  1  0	
 4840.811 -351.566
  0  0  1  2  1  0  0  0 -1 -1 -2 -1  0 *  0 -1 -4 -6 -4 -3 -2  0  2  4  4  2  1	
  0  0  1  1  1  0  0  0  0 -1 -1 -1  0 *  0 -1 -2 -2 -2 -1 -1  0  1  2  2  1  1	
 4840.811 -351.156
  0  1  2  1  1  0  0  0  0  0 -1 -2 -1 *  0 -1  0  1  1  1  1  1  1  0  1  0  0	
  0  1  0  0  0  0  0  0  0  0  0  0  0 *  0  0  0  0  0  0  0  0  0  0  0  0  0	
 4841.081 -357.921
  0  0  0  0  0  0  0  0  1  2  0  0  0 *  0  0  0  6  2  1  1  0  0 -1  0  0  0	
  0  0  0  0  0  0  0  0  1  1  1  0  0 *  0  0 -1  1  1  1  0  0  0  0  0  0  0	
 4841.081 -357.511
  0  0  0  5  0  0 -1 -1 -2 -3 -4  0  0 *  0  0  0-12 -3  0  1  3  4  4  1 -2  0	
  1  1  1  1  0  0  0 -1 -2 -2 -2 -1  0 * -1 -2 -3 -3 -2  0  1  3  3  2  1  0 -1	
 4841.081 -357.101
  2  0 -2 -5  0  0  0  0  1  3  8  4  2 *  1  3 -2 -5 -2 -1  1  3  5  7  7  0  0	
 -1 -2 -3 -1  0  0  0  0  1  1  3  3  1 * -1 -1 -2 -1 -1  0  1  2  3  3  2  2  1	
 4841.081 -356.691
  1 -1 -5 -7  0  0  0  0  0  2  9  3  1 *  1 -1 -5-17 -6 -2 -1  2  5  8 10  4  1	
 -1 -3 -3 -2 -1  0  0  0  1  1  3  3  1 * -1 -3 -5 -5 -3 -1  0  1  3  4  4  3  1	
 4841.081 -356.281
  0  1  0  1  1  0  0  0 -1 -1 -1 -1  0 *  3 -2 -8-15 -6 -2  0  3  6  8 10  7  4	
  0  0  0  0  0  0  0  0  0  0  0  0  0 *  0 -3 -5 -4 -3 -2 -1  1  3  4  4  3  1	
 4841.081 -355.871
  0  0  1  0  0  0 -1  0 -1 -2 -1  0  0 *  0  0  3 -5 -1  2  3  4  5  5  3  0  0	
  0  0  1  0  0  0 -1 -1 -1 -1 -1  0  0 *  0 -1 -1 -1 -1  0  1  2  3  2  2  1  0	
 4841.081 -355.461
  0  0  5  2  0  0  0  0  0 -1 -1 -1  0 *  0  0 -6 -1  1  1  0  0  1  2  2  2  0	
  0  1  1  1  0  0  0  0  0  0  0  0  0 *  0 -1 -1  0  0  0  0  1  1  1  1  1  0	
 4841.081 -355.051
  0  0  0  0  0  0 -1 -1 -2 -1  0  1  0 *  0  0 -3 -5 -2 -1  1  2  4  5  2  1  0	
  0  0  1  1  0  0  0  0 -1 -1  0  0  0 * -1 -2 -2 -2 -2 -1  0  1  2  2  2  1  0	
 4841.081 -354.641
  0  0  0  0  0  0 -1 -2 -2 -1  0  1  1 *  0 -3 -5 -5 -2  0  1  2  3  5  4  3  0	
  0  0  1  1  1  0  0  0  0  0  0  0  0 * -1 -2 -3 -3 -2 -1 -1  0  2  2  2  1  0	
 4841.081 -354.231
  1  0  0 -1 -1 -1 -2 -2 -2 -1 -1  0  1 *  1 -2 -5 -6 -3 -1  0  1  3  5  4  3  1	
  0  0  1  1  0  0  0 -1 -1 -1 -1  0  0 * -1 -2 -2 -2 -1  0  0  1  2  2  2  1  0	
 4841.081 -353.821
  0  1  3  2  1  0 -2 -2 -3 -2 -1  0  0 *  0 -2 -4 -6 -4 -2  0  1  3  4  3  1  0	
  0  1  1  1  1  0  0 -1 -1 -1 -1 -1  0 *  0 -1 -2 -2 -1 -1  0  1  2  2  2  1  0	
 4841.081 -353.411
  0  1  2  1  0 -1 -2 -3 -3 -3 -3 -2 -1 *  1 -3 -7 -8 -4 -1  2  2  4  7  9  6  2	
  0  1  1  1  0  0  0 -1 -1 -1 -1 -1  0 *  0 -2 -3 -3 -2 -1  0  1  3  3  3  3  1	
 4841.081 -353.001
  0  0  1 -2 -2 -2 -3 -4 -5 -2  1  0  0 *  0  0  1 -7 -4 -3 -1 -1  3  5  3  0  0	
  0  0  0  0  0 -1 -2 -2 -3 -2 -1  0  0 * -1 -1 -2 -2 -1  0  0  1  2  2  2  1 -1	
 4841.081 -352.591
  0 -2 -3 -3 -2 -2 -2 -2 -2  1  3  3  1 * -1 -4 -8-10 -6 -4 -2  0  3  8 10  6  1	
  0  0 -1 -1 -1 -1 -1 -1 -1  0  1  1  1 * -1 -2 -3 -3 -2 -1  0  1  2  3  3  3  1	
 4841.081 -352.181
  1 -1 -2 -2 -1 -1 -1 -2 -1  1  3  3  2 *  1 -3 -7 -9 -6 -4 -2 -1  3  7  7  5  2	
  0  0  0  0  0  0 -1 -1 -1  0  1  1  1 * -1 -2 -3 -3 -2 -1 -1  0  2  3  3  2  1	
 4841.081 -351.771
  0  0  1  1  0  0 -1 -1 -1  0  0  0  0 *  1 -2 -6 -8 -5 -4 -2 -1  3  5  5  3  1	
  0  0  0  0  0  0  0  0  0  0  0  0  0 *  0 -1 -2 -3 -2 -1 -1  0  1  2  2  2  0	
 4841.081 -351.361
  0  0  0  0  0  0  0  0 -1  0  0  0  0 *  0 -1 -2 -3 -2 -2 -1  0  3  2  1  0  0	
  0  0  0  0  0  0  0  0  0  0  0  0  0 * -1 -1 -1 -1 -1  0  0  0  1  0  0  0  0	
 4841.351 -357.716
 -1  0  8  6  1  0 -1 -1  0 -1 -2 -4 -1 *  0  0  1 -2 -1  0  0  0  0  1  1  0  0	
  1  1  1  2  1  0  0 -1  0  0 -1  0  0 *  0 -1 -1 -1 -1  0  0  0  0  0  0  0  0	
 4841.351 -357.306
  0  0 -4  5  2  1  0 -1  0  0  4  1  0 *  0  0 -1 -8 -4 -1  1  3  6  7  2  0  0	
  0  0  0  2  1  1  0  0  0  0  1  1  1 *  0  0 -1 -2 -2 -1  0  2  3  3  1  1  0	
 4841.351 -356.896
  0 -1 -4  3  1  0  0  0  0  1  4  4 -1 *  1  1 -2-14 -5 -2  0  3  6  9  5  2  0	
  0 -1  0  1  1  1  0  0  0  1  1  1  0 * -2 -3 -4 -4 -3 -1  0  2  4  4  3  2  0	
 4841.351 -356.486
 -2 -1  0  2  1  0  0 -1 -1 -2 -2 -2 -3 *  4 -5-14-22 -8 -3  0  2  7 12 16 12  6	
  0  0  1  1  1  1  0  0 -1 -1 -1 -1  0 * -1 -4 -7 -6 -4 -2 -1  1  4  6  6  6  2	
 4841.351 -356.076
 -7 -1 18 -6 -1 -1 -1  0  0  1 -1-16 -5 *  0  0  4 -6 -2  0  1  3  4  3  2  2  1	
  0  0 -2 -2 -1  0  0  0  0  1  1  0  0 * -1 -1 -2 -2 -2 -1  0  1  2  1  2  1  0	
 4841.351 -355.666
 -1 -1  3  3  1  0  0  0  0 -1 -1 -2 -2 * -1 -1 -2 -2  0  1  1  2  1  2  1 -1 -1	
  0  1  1  1  0  0  0  0  0  0  0  0  0 *  0  0 -1 -1  0  0  0  1  1  1  1  0  0	
 4841.351 -355.256
  1 -1  0  1  0 -1 -2 -3 -4 -3 -1  0  1 *  0 -1 -1 -2  0  1  2  3  4  4  3  1  0	
  0  1  1  1  0  0 -1 -1 -2 -2 -1 -1  0 * -1 -1 -2 -1 -1  0  1  1  2  2  2  1  0	
 4841.351 -354.846
  1  2  2  1  1  0 -1 -2 -3 -2 -2  0  1 * -1 -3 -5 -5 -3 -1  2  3  4  5  4  2  0	
  0  1  2  1  1  0  0 -1 -1 -1 -1 -1  0 *  0 -2 -3 -3 -2 -1 -1  1  2  2  2  1  0	
 4841.351 -354.436
  1  0  0 -1  0  0 -2 -3 -2 -1 -1  0  1 *  0 -2 -4 -4 -1  1  1  1  3  4  4  2  1	
  0  0  1  0  0  0  0 -1 -1 -1 -1 -1  0 * -1 -1 -2 -1  0  0  1  1  2  2  2  1  0	
 4841.351 -354.026
  0  0  0 -1 -1 -1 -2 -2 -2 -1 -1  0  0 *  0 -2 -6 -7 -4 -2 -1  1  3  5  4  3  1	
  0  0  0  0  0  0  0 -1 -1 -1 -1  0  0 * -1 -1 -2 -2 -2 -1  0  1  2  2  2  1  0	
 4841.351 -353.616
 -1  0 -2 -3 -1 -1 -3 -4 -3 -3 -3 -3 -2 *  2 -1 -2 -3 -2 -1 -1  1  4  6  8  6  3	
  0  0  0 -1 -1 -1 -1 -1 -2 -2 -1 -1 -1 *  0 -1 -1  0  0  0  0  1  2  3  3  3  1	
 4841.351 -353.206
  0  0 -2 -1  0 -2 -3 -4 -4 -1  1  0  0 *  0 -1 -5 -5 -2 -1  0  1  4  4  5  1  0	
  0  1  1  1  0  0 -1 -1 -1 -1  0  0  0 * -2 -2 -3 -3 -2 -1  1  2  2  2  2  1 -1	
 4841.351 -352.796
  0  1 -1 -1 -1 -1 -2 -3 -3 -1  1  1  0 *  1  0  0 -6 -4 -3 -1  0  3  6  3  0  1	
  1  1  0  0  0  0 -1 -1 -2 -1  0  0  1 * -1 -1 -2 -2 -1  0  0  1  2  3  2  1  0	
 4841.351 -352.386
  1  1  0  0  0 -1 -1 -2 -2  0  1  1  1 * -1 -3 -6 -8 -5 -3 -2 -1  2  6  7  3 -1	
  0  0  0  0  0  0  0 -1 -1 -1  0  0  0 * -1 -2 -3 -3 -2 -1 -1  0  2  2  2  2  1	
 4841.351 -351.976
  0  1  2  1  1  0 -1 -1 -1 -1 -1 -1  0 *  1 -2 -6 -8 -5 -3 -2 -1  2  5  6  4  2	
  0  1  1  1  1  0  0  0 -1 -1 -1  0  0 *  0 -1 -2 -3 -2 -1 -1  0  1  2  2  2  1	
 4841.351 -351.566
  0  1  1 -1  0 -1 -1 -1  0  0  0  0  0 *  0 -1 -4 -6 -4 -3 -2 -1  2  4  4  2  1	
  0  0  0  0  0  0  0  0  0  0  0  0  0 * -1 -1 -2 -2 -2 -1 -1  0  1  1  1  1  0	
 4841.621 -357.921
 -1  0  7  6  1 -1 -1 -1 -1 -2 -5 -4 -1 *  3  3-19-11 -3  0  1  2  3  4  7  9  4	
  1  1  2  2  1  0  0 -1 -1 -1 -1 -1  0 * -2 -3 -5 -4 -2 -1  0  2  2  2  3  2  1	
 4841.621 -357.511
  0  0 -2  2  1 -1 -1 -2 -2 -1 -1  0  0 *  0  0  1-12 -5 -1  1  3  6  8  1  0  0	
  0  0  0  1  1  0 -1 -1 -1  0  0  0  0 *  0 -1 -2 -4 -3 -1  0  2  4  3  1  0  0	
 4841.621 -357.101
  0  0  1  5  1  0 -1 -1 -1  0  2  0  0 *  0  0  2-15 -6 -2  0  3  7 10  6  0  0	
  0  1  2  2  1  1  0  0 -1  0  0  1  1 * -1 -2 -4 -4 -3 -1  0  2  4  4  3  2  0	
 4841.621 -356.691
 -1  2  3  5  1  0  0 -1 -1 -2 -2 -2 -1 *  1 -2-10-17 -6 -3 -1  2  6  9  9  4  2	
  0  1  2  1  1  1  0  0 -1 -1 -1 -1  0 * -1 -4 -5 -5 -4 -2 -1  1  3  4  4  3  1	
 4841.621 -356.281
 -1  0  2  3  1  0 -1 -1 -2 -4 -5 -1 -1 *  1  0 -8-14 -4  0  1  4  7  9  9  3  1	
  0  1  1  1  1  0  0 -1 -1 -2 -2 -2 -1 * -2 -3 -5 -4 -3 -1  0  2  4  4  4  3  1	
 4841.621 -355.871
  0  0 -4 -1 -1 -1 -1  0  0 -1  0  0  0 *  0  1 -3-14 -4 -1  1  4  6  8  2  2  1	
  0  0  0  0  0  0  0  0  0 -1 -1  0  0 * -1 -2 -4 -4 -2  0  1  2  4  3  2  0 -1	
 4841.621 -355.051
  1  1  2  1  1  0 -1 -2 -3 -3 -3 -1  0 * -3 -7 -9 -8 -4 -1  2  6  8  9  8  5  0	
  0  1  1  1  1  1  0 -1 -1 -2 -2 -1 -1 * -1 -4 -5 -5 -4 -2  0  2  4  5  5  3  1	
 4841.621 -354.641
  0 -1  0  0  1  0 -1 -3 -4 -3 -1  0  1 *  0 -2 -2 -3 -2  0  2  4  5  6  4  2  1	
  0  1  0  1  0  0  0 -1 -2 -2 -1 -1  0 * -1 -2 -2 -2 -2 -1  0  2  3  3  2  1  0	
 4841.621 -354.231
  0 -1 -2 -1  0  0 -1 -2 -2 -1  0  0  0 *  1 -2 -5 -5 -2  0  1  2  4  6  6  4  1	
  0  0  0  0  0  0  0 -1 -1 -1  0  0  0 *  0 -1 -2 -2 -1  0  1  1  2  3  2  2  1	
 4841.621 -353.821
  0 -1 -3 -4 -2 -1 -2 -2  0  0  1  1  0 *  2 -3 -8 -9 -5 -2 -1  1  3  7  8  6  3	
  0  0  0 -1  0  0  0 -1  0  0  0  0  0 *  0 -2 -3 -3 -2 -1  0  1  2  3  3  2  1	
 4841.621 -353.411
  0  0  0 -1 -1 -1 -2 -1 -2 -1 -1 -1  0 *  1 -3 -7 -8 -5 -2  0  1  4  6  7  5  2	
  0  0  0  0  0  0 -1 -1 -1 -1  0  0  0 * -1 -2 -3 -3 -2 -1  0  1  3  3  3  2  1	
 4841.621 -353.001
  0  0  1  1  0  0 -1 -1 -1  0  0  0  0 *  0 -1 -3 -4 -3 -1  0  1  2  2  0  0  0	
  0  1  1  1  1  0  0  0  0  0  0  0  0 * -1 -1 -1 -1 -1  0  0  1  1  1  1  0  0	
 4841.621 -352.591
  2  2  2  2  1  0 -1 -2 -3 -2  0  2  2 * -1 -2 -4 -5 -4 -2 -1  0  2  4  3  0 -1	
  0  1  1  2  1  1  0 -1 -1 -2 -1 -1  0 *  0 -1 -2 -2 -2 -1  0  0  1  2  2  1  0	
 4841.621 -352.181
  1  2  2  2  1  0 -1 -2 -2 -1 -1  0  0 *  1 -2 -4 -6 -4 -3 -2 -1  1  4  4  3  2	
  0  0  1  1  1  1  0  0 -1 -1 -1 -1  0 *  0 -1 -2 -2 -1 -1 -1  0  1  1  1  1  1	
 4841.621 -351.771
  0  1  1  1  1  0 -1 -2 -2 -1  0  0  0 *  2  0 -4 -6 -4 -3 -2 -2  1  4  5  3  2	
  0  0  1  1  1  1  0  0 -1 -1 -1  0  0 *  0 -1 -2 -2 -1 -1 -1  0  1  1  1  1  0	
 4841.621 -351.361
  0  0  1  0  0  0 -1 -2 -1  0  0 -1  0 *  0  0 -2 -4 -3 -2 -2 -1  1  3  2  1  0	
  0  0  1  1  1  0  0  0 -1 -1 -1  0  0 *  0 -1 -1 -1 -1 -1 -1  0  0  1  1  0  0	
 4841.891 -358.126
  0  2 -4 -2 -1 -1 -1 -1 -1  0  2  5  3 *  0 -1 -2 -4 -1  0  1  2  2  2  2  3  1	
  0 -1 -1  0  0  0  0  0  0  0  0  1  0 * -1 -1 -1 -1 -1  0  0  1  1  1  1  1  0	
 4841.891 -357.716
  3  0 -2 -1 -1 -1 -1 -1 -1  0  1  2  2 *  4 -2 -5 -7 -3 -1  1  2  4  4  3  4  4	
  0  0  0  0  0  0  0 -1 -1  0  0  0  0 * -1 -1 -2 -2 -2 -1  0  1  2  2  2  1  0	
 4841.891 -357.306
  0  1  2  3  0 -1 -1 -2 -3 -3 -3 -1  0 *  0  0 -5-10 -5 -2  0  2  5  7  3  2  1	
  0  1  2  1  1  0  0 -1 -2 -2 -2 -1 -1 * -1 -2 -3 -3 -3 -1  0  1  3  3  2  1  0	
 4841.891 -356.896
  1  0  3  3  1  0 -1 -2 -2 -2 -2  0  1 *  0 -3 -7-13 -6 -2  0  2  5  8  6  3  1	
  0  1  2  2  1  1  0  0 -1 -1 -1 -1  0 * -1 -2 -4 -4 -3 -2 -1  1  3  3  3  2  1	
 4841.891 -356.486
  0  0  0 -1  0  0 -1 -1  0  0  0  1  0 *  3 -1 -8-11 -4 -1  0  2  5 10 12  8  4	
  0  0  0  0  0  0  0  0  0  0  0  0  0 *  0 -2 -4 -3 -2 -1  0  2  3  4  5  4  2	
 4841.891 -356.076
  0  0  0 -3 -1 -1 -2 -1  1  1  0 -1 -1 *  0 -1  1 -1 -1  0  0  2  0 -2 -3 -1  0	
  0  0  0  0  0  0  0  0  0  0  0  0  0 *  0  0  0  0  0  0  0  0  0 -1 -1 -1 -1	
 4841.891 -355.666
  0  0 -3 -4 -1 -1 -1  0  2  3  2  3  0 *  0  0-10-14 -4 -1  0  2  6  8  9  3  0	
  0 -1 -1  0  0  0  0  0  1  1  1  1  0 * -2 -3 -4 -3 -2  0  0  1  3  3  4  2  0	
 4841.891 -355.256
  1  2  2  2  1  0 -2 -3 -4 -4 -3 -2  0 *  0 -2 -6 -6 -3  0  4  7 10  9  7  4  0	
  0  1  2  2  2  1  0 -1 -2 -2 -2 -1  0 *  0 -3 -4 -4 -3 -2  0  2  4  5  4  3  1	
 4841.891 -354.846
  0  0  1  2  1  0 -2 -4 -5 -4 -2 -1  0 * -1 -3 -6 -7 -5 -2  2  6  8  8  5  2 -1	
  0  1  1  2  2  1  0 -1 -2 -2 -2 -1  0 * -1 -3 -4 -4 -3 -2  0  2  4  4  3  2  0	
 4841.891 -354.436
  0 -1  0  0  1  0 -2 -4 -4 -1  1  1  0 *  0 -2 -2 -1 -2  0  3  4  6  6  2  1  0	
  0  0  0  1  1  0  0 -1 -1 -1  0  0  0 *  0  0  0 -1 -1  0  0  2  3  3  2  1  0	
 4841.891 -354.026
  1  0  0  1  2  1  0 -3 -3 -1  1  1  1 *  1 -2 -3 -4 -3 -1  1  2  3  5  6  4  1	
  0  1  0  1  1  1  0  0 -1 -1  0  0  0 *  0 -2 -3 -2 -2 -1  0  1  2  2  2  2  1	
 4841.891 -353.616
  1  0 -2 -2  0  0 -1 -3 -2  0  1  2  1 *  1 -2 -6 -7 -4 -1  0  1  3  4  4  3  2	
  0  0  0  0  0  0  0 -1 -1 -1  0  0  0 *  0 -1 -2 -2 -2 -1  0  1  2  2  2  1  0	
 4841.891 -353.206
  1  2  1  1  1  0 -2 -3 -4 -3  1  1  1 * -1 -2 -5 -6 -4 -2 -1  1  3  4  2  1  0	
  0  1  1  1  1  0  0 -1 -2 -2 -2 -1  0 *  0 -1 -2 -2 -2 -1  0  0  1  2  2  1  0	
 4841.891 -352.796
  1  3  4  4  3  1 -1 -4 -5 -5 -3  0  1 * -2 -3 -5 -6 -4 -3 -1  0  3  4  4  1 -2	
  0  1  2  3  2  2  0 -1 -2 -3 -3 -2 -1 *  0 -1 -2 -2 -2 -1 -1  0  1  2  2  2  1	
 4841.891 -352.386
  0  2  3  3  2  1 -1 -2 -3 -3 -2 -1  0 *  0 -2 -4 -5 -4 -2 -2 -1  1  3  4  3  1	
  0  0  1  2  2  1  0 -1 -2 -2 -2 -2 -1 *  0 -1 -1 -2 -1 -1 -1  0  1  1  1  1  0	
 4841.891 -351.976
  0  2  2  2  2  1  0 -2 -3 -2 -1  0  0 *  2  0 -3 -5 -3 -2 -2 -1  1  3  4  3  2	
  0  0  1  1  1  1  0  0 -1 -1 -1 -1 -1 *  0 -1 -1 -1 -1 -1  0  0  0  1  1  1  0	
 4841.891 -351.566
  0  1  1  1  1  1 -1 -2 -2 -1  0  0  0 *  0  0 -2 -3 -2 -2 -2 -2  0  2  2  1  1	
  0  0  1  1  1  1  0  0 -1 -1 -1 -1  0 *  0  0 -1 -1  0  0  0  0  0  0  0  0  0	
 4841.891 -351.156
  0  1  1  0  1  0 -1 -3 -2  0  1  0  0 *  0  0 -1 -2 -1 -1 -1 -2 -1  1  2  1  0	
  0  1  1  1  1  1  1  0 -1 -1 -1 -1  0 *  0  0  0  0  0  0  0 -1  0  0  0  0  0	
 4841.891 -350.746
  0  0  0  0  0  0 -1 -1  0  0  0  0  0 *  0 -1 -1 -1  0  0 -1 -1  0  1  1  0  0	
  0  0  0  1  1  1  0  0  0  0  0  0  0 *  0  0  0  0  0  0  0  0  0  0  0  0  0	
 4842.161 -358.331
  0  0 -1 -1  0  0  0  0  1  1  1  0  0 *  0  0 -1 -3  0  2  2  3  3  4  3  1  0	
  0  0  0  0  0  0  0  0  0  0  0  0  0 * -1 -1 -2 -1  0  1  1  2  2  2  2  1  0	
 4842.161 -357.921
  0 -2 -2 -1 -1 -1 -1 -1 -1  0  1  2  1 *  1 -3 -5 -7 -3  0  1  3  4  5  5  5  1	
  0  0  0 -1  0  0  0  0  0  0  0  0  0 *  0 -2 -3 -3 -2  0  0  2  2  2  2  2  1	
 4842.161 -357.511
  1  0 -1 -1 -1 -1 -1 -1 -2 -1  0  1  1 *  1 -2 -6 -8 -4 -1  1  3  5  5  4  3  2	
  0  0  0  0  0  0 -1 -1 -1 -1  0  0  0 * -1 -2 -3 -3 -2 -1  0  1  2  2  2  1  0	
 4842.161 -357.101
  0  0  1  1  0 -1 -1 -2 -2 -2 -2  0 -1 *  1 -2 -7-10 -5 -2  0  2  5  6  5  3  1	
  0  1  1  1  1  0  0 -1 -1 -1 -1 -1 -1 *  0 -2 -3 -4 -3 -2 -1  1  2  3  3  2  1	
 4842.161 -356.691
  0  1  1  1  1  0 -1 -1 -1 -1 -1  0  0 *  1 -2 -5 -8 -4 -2  0  1  3  5  5  3  1	
  0  0  1  1  1  0  0  0 -1 -1 -1 -1  0 * -1 -2 -3 -3 -2 -1  0  1  2  2  2  2  1	
 4842.161 -356.281
  0  0  1  0  1  0 -2 -3 -1  1  1  1  0 *  2 -2 -7-11 -4 -1  1  3  5  8  9  6  3	
  0  0  1  1  1  1  0  0 -1  0  0  0  0 * -1 -3 -4 -3 -2 -1  0  2  3  3  4  3  1	
 4842.161 -355.871
  0  1  1 -1  1  0 -4 -5 -3  0  3  0  0 *  0 -1 -3 -6 -3 -1  1  2  4  5  3  1  0	
  0  1  2  2  3  2  1 -1 -2 -1  0  0  0 * -1 -1 -2 -2 -2 -1  0  1  2  2  2  1  0	
 4842.161 -355.461
  0  2  3  1  1  0 -3 -5 -4 -1 -1 -1 -1 *  0 -1 -3 -3 -2  0  1  3  6  5  2  1  0	
  0  1  2  2  2  2  1 -1 -2 -1 -1 -1  0 *  0 -1 -2 -2 -1 -1  0  1  2  2  2  1  0	
 4842.161 -355.051
  0  1  1  0  1  0 -2 -3 -4 -2 -1 -1 -1 * -1 -1 -3 -5 -3 -1  1  3  5  5  4  1  0	
  0  1  1  1  2  1  0 -1 -1 -1 -1 -1  0 * -1 -1 -2 -2 -1  0  0  1  2  3  2  1  0	
 4842.161 -354.641
  1  2  3  2  2  0 -2 -3 -5 -3 -1 -1  1 *  0 -1 -3 -5 -4 -1  2  4  6  5  2  1  0	
  1  2  2  2  2  1  0 -1 -2 -2 -1 -1  0 * -1 -2 -2 -3 -2 -1  0  2  3  3  2  1  0	
 4842.161 -354.231
  4  6  7  7  6  3  0 -5 -8 -7 -4 -2  2 * -3 -6 -8 -7 -5 -3  1  5  7  9  9  5  0	
  1  3  4  4  4  3  1 -1 -3 -4 -4 -2 -1 *  0 -3 -4 -4 -3 -2 -1  2  4  5  4  3  2	
 4842.161 -353.821
  1  2  2  2  1  0 -1 -3 -3 -2 -1  0  1 *  0 -5 -6 -6 -1  1  2  3  5  6  6  5  1	
  0  1  1  1  1  0  0  0 -1 -2 -1 -1  0 *  0 -2 -3 -3 -1  1  1  2  3  3  3  2  1	
 4842.161 -353.411
  1  1  1  2  2  1 -1 -2 -3 -3 -1  0  1 *  1 -2 -6 -7 -4 -2 -1  1  3  4  4  3  2	
  0  0  1  1  1  1  0 -1 -2 -2 -2 -1 -1 *  0 -1 -2 -2 -2 -1  0  1  2  2  2  2  1	
 4842.161 -353.001
  1  2  2  3  2  1 -1 -3 -4 -4 -2 -1  1 * -1 -2 -5 -6 -4 -2 -1  0  2  4  4  2  0	
 -1  0  1  2  2  1  1 -1 -2 -2 -2 -2 -1 *  0 -1 -2 -2 -2 -1 -1  0  1  2  2  2  1	
 4842.161 -352.591
  0  2  3  3  3  2  0 -3 -4 -4 -3 -1  0 *  0 -1 -3 -5 -3 -2 -1 -1  1  3  3  2  1	
 -1  0  1  2  2  2  1 -1 -2 -2 -3 -2 -1 *  0 -1 -1 -1 -1 -1 -1  0  1  1  1  1  0	
 4842.161 -352.181
  0  2  3  3  3  2  0 -2 -4 -4 -2 -1  0 *  1  0 -2 -4 -3 -2 -2 -1  0  2  2  2  1	
 -1  0  1  2  2  2  1  0 -1 -2 -2 -2 -1 * -1 -1 -1 -1 -1  0  0  0  0  1  0  0  0	
 4842.161 -351.771
  1  2  2  2  2  1  0 -2 -3 -2 -1  0  1 *  1  1 -1 -3 -2 -1 -2 -2  0  1  2  2  1	
  0  0  1  2  2  1  1  0 -1 -1 -1 -1  0 * -1 -1 -1  0  0  0  0  0  0  0  0  0  0	
 4842.161 -351.361
  2  3  3  3  3  2 -1 -3 -4 -2  0  1  1 *  1  1  0 -1 -1 -1 -1 -2 -2  0  2  1  1	
  0  1  2  2  2  2  1  0 -2 -2 -2 -1  0 *  0  0  0  0  0  0  0 -1 -1 -1 -1 -1 -1	
 4842.161 -350.951
  0  1  1  1  1  1  0 -1 -1  0  0  0  0 *  1  1  0 -1  0  0 -1 -2 -2  0  1  1  1	
  0  0  1  1  1  0  0  0 -1 -1  0  0  0 *  0  0  0  1  1  1  0  0 -1 -1 -1  0  0	
 4842.161 -350.541
  0  0  1  1  1  0  0  0 -1  0  0  0  0 *  0  0  0  0  0  0 -1 -1  1  1  1  0  0	
  0  0  0  0  0  0  0  0  0  0  0  0  0 *  0  0  1  1  1  1  0  0  0  0  0  0  0	
 4842.431 -358.126
  0 -2 -2 -1 -1  0  0  0  0  1  2  0  0 *  0 -1 -3 -5 -1  2  3  4  5  5  4  1  0	
 -1 -1 -1 -1  0  0  0  0  0  0  1  1  0 * -1 -2 -2 -2 -1  1  1  2  3  3  2  2  0	
 4842.431 -357.716
  0  0  0 -1 -1 -1 -1 -1 -1  0  1  1  1 *  1 -3 -7 -9 -4 -1  2  4  6  7  6  5  2	
  0  0  0  0  0  0  0  0  0  0  0  0  0 *  0 -2 -4 -4 -3 -1  0  2  3  3  3  2  1	
 4842.431 -357.306
  0  0  1  0  0 -1 -2 -2 -2 -2 -1 -1  0 *  1 -3 -8-10 -5 -2  1  4  6  8  7  5  2	
  0  0  1  0  0  0  0 -1 -1 -1 -1 -1 -1 *  0 -2 -4 -4 -3 -2  0  2  3  4  3  3  1	
 4842.431 -356.896
 -1  1  3  2  1 -1 -2 -3 -3 -3 -2 -2 -1 *  0 -3 -6 -9 -6 -2  0  3  4  6  4  2  1	
  0  1  2  2  1  1  0 -1 -2 -2 -2 -1 -1 *  0 -2 -3 -4 -3 -2 -1  1  2  3  3  2  1	
 4842.431 -356.486
  0  0  2  1  0 -1 -2 -3 -3 -2 -1 -1 -1 *  1 -1 -1 -2 -1  0  1  2  3  4  4  3  1	
 -1  0  1  1  1  1  0 -1 -1 -2 -2 -1 -1 *  0 -1 -1 -1 -1  0  0  1  1  1  1  1  0	
 4842.431 -356.076
  0  1  3  2  2  0 -3 -5 -5 -2 -1 -1 -1 *  0 -2 -4 -6 -3 -1  1  3  5  5  3  2  0	
  0  1  2  2  2  2  0 -1 -2 -2 -2 -1 -1 *  0 -2 -2 -2 -2 -1  0  1  2  2  2  1  0	
 4842.431 -355.666
  0  2  4  3  3  1 -2 -6 -7 -5 -3 -2 -1 *  0 -2 -3 -4 -3 -1  1  3  6  6  3  2  1	
 -1  1  2  2  2  1  0 -2 -3 -3 -3 -2 -1 *  0 -1 -2 -2 -2 -1  0  1  2  3  2  2  1	
 4842.431 -355.256
  0  2  2  2  2  0 -2 -4 -4 -3 -2 -1  0 * -1 -1 -3 -4 -2 -1  1  2  5  5  4  2  0	
  0  1  1  2  1  1  0 -1 -2 -2 -1 -1  0 * -1 -2 -2 -2 -1  0  0  1  2  2  2  1  0	
 4842.431 -354.846
  1  2  3  4  4  3  0 -3 -5 -2  1  0  0 * -1 -1 -2 -5 -4 -2 -1  2  3  2  0 -1 -1	
 -1  1  2  3  3  2  1 -1 -2 -2 -1 -1 -1 * -1 -1 -1 -2 -1 -1  0  1  1  1  1  1  0	
 4842.431 -354.436
  1  3  4  3  4  2  0 -2 -2 -2 -3 -2  1 *  1  0 -1 -2 -1  0  1  3  2  2  3  4  1	
  0  1  2  3  3  2  1  0 -1 -1 -1 -1  0 *  0 -1 -1 -1 -1  0  0  1  2  2  1  0  0	
 4842.431 -354.026
  0  3  6  5  4  2 -2 -4 -5 -5 -3 -2  0 * -1 -3 -4 -4 -2  0  2  4  6  7  6  3  0	
  0  1  3  3  4  3  1 -1 -2 -3 -3 -2 -1 *  0 -1 -2 -2 -1  0  1  2  4  4  4  3  1	
 4842.431 -353.616
  0  2  4  4  4  2  0 -2 -4 -4 -3 -2  0 *  1 -3 -7 -7 -4 -2  0  1  4  6  5  4  2	
 -1  0  1  2  3  2  1  0 -2 -2 -2 -2 -1 *  0 -1 -2 -3 -2 -1  0  1  2  3  3  2  1	
 4842.431 -353.206
  0  2  4  4  4  2  0 -3 -5 -5 -4 -3 -1 *  0 -2 -5 -6 -4 -2 -1  0  3  4  4  3  1	
 -1  0  1  2  3  2  1  0 -2 -3 -3 -3 -2 *  0 -1 -2 -2 -2 -1 -1  0  1  2  2  2  1	
 4842.431 -352.796
  0  2  4  5  4  3  0 -3 -5 -6 -5 -3 -1 *  0 -1 -4 -5 -3 -2 -1  0  1  3  3  2  1	
 -1  0  2  3  3  2  1  0 -2 -3 -3 -3 -2 *  0 -1 -1 -1 -1 -1 -1  0  1  1  1  1  0	
 4842.431 -352.386
  0  2  4  4  4  3  0 -3 -5 -5 -4 -2 -1 *  0 -1 -3 -4 -3 -2 -2 -1  1  2  2  1  0	
 -1  0  1  2  3  2  1  0 -2 -3 -3 -3 -2 *  0 -1 -1 -1 -1 -1 -1  0  0  1  1  1  0	
 4842.431 -351.976
  1  3  4  4  4  3  0 -3 -5 -5 -3 -1  0 *  0  0 -2 -3 -2 -1 -2 -2 -1  1  1  1  0	
 -1  0  1  2  3  2  1  0 -1 -2 -3 -3 -2 * -1 -1 -1 -1  0  0  0  0  0  0  0  0 -1	
 4842.431 -351.566
  2  3  4  4  4  3  0 -3 -4 -4 -2  0  1 *  1  1  0 -1  0  0 -1 -2 -2 -1  0  0  0	
 -1  1  2  2  3  2  1  0 -1 -2 -3 -2 -1 * -1 -1  0  0  0  1  0  0  0 -1 -1 -1 -1	
 4842.431 -351.156
  2  3  4  4  4  2  0 -2 -4 -3 -1  1  2 *  1  1  1  0  1  1 -1 -2 -3 -1  1  1  1	
  0  1  2  2  2  2  1  0 -1 -2 -2 -1 -1 * -1  0  0  1  1  1  1  0 -1 -1 -1 -1 -1	
 4842.431 -350.746
  1  1  3  4  3  2  0 -2 -2  0  1  1  1 *  1  2  2  2  3  2 -1 -3 -3  1  3  2  1	
  1  1  2  2  2  1  1 -1 -2 -2 -1  0  1 *  1  1  2  2  2  2  1  0 -2 -2 -1  0  1	
 4842.431 -350.336
  0  1  1  0 -1  0 -1 -1 -1  0  0  0  0 *  0 -1  0  0  1  1  1  1  1  0  0  0  0	
  0  0  0  0  0  0 -1 -1 -1 -1  0  0  0 *  0  0  0  0  0  1  1  1  1  1  0  0  0	
 4842.701 -355.871
 -1  2  3  3  3  1 -2 -4 -6 -5 -3 -2 -1 *  0 -1 -3 -5 -4 -2  0  2  4  5  3  1  0	
 -1  0  2  2  2  1  0 -1 -2 -3 -3 -3 -2 *  0 -1 -2 -2 -2 -1  0  1  2  2  2  1  1	
 4842.701 -355.461
 -1  2  5  5  5  2 -2 -5 -7 -6 -4 -3 -2 *  0 -1 -2 -4 -3 -1  0  2  3  4  2  1  1	
 -1  1  2  3  3  2  1 -1 -3 -4 -4 -3 -2 *  0 -1 -1 -2 -1 -1  0  1  1  2  2  1  1	
 4842.701 -355.051
 -1  2  3  4  4  2 -2 -5 -6 -6 -4 -3 -2 * -1 -3 -5 -7 -5 -3  0  3  5  5  3  1 -1	
 -1  0  2  3  3  2  1 -1 -2 -3 -3 -3 -2 * -1 -2 -2 -3 -3 -2 -1  1  2  2  2  1  0	
 4842.701 -354.641
 -1  1  3  5  4  2 -1 -5 -6 -5 -3 -2 -2 * -2 -2 -2 -2 -1 -1  0  2  3  2  0 -1 -1	
 -2  0  1  3  3  2  1 -1 -2 -3 -3 -3 -2 * -1 -1 -1 -1 -1  0  0  1  1  1  1  0  0	
 4842.701 -354.231
 -1  2  4  5  5  3  0 -4 -6 -6 -5 -3 -2 *  1 -1 -2 -3 -2 -1  0  2  3  4  4  3  1	
 -2  0  2  3  3  3  1  0 -2 -3 -3 -3 -2 *  1  0 -1 -1 -1  0  0  1  2  2  2  2  1	
 4842.701 -353.821
 -1  2  5  6  5  3  0 -3 -6 -6 -6 -4 -2 *  1 -2 -4 -5 -3 -1  0  2  4  6  5  4  2	
 -1  0  2  3  4  3  2  0 -2 -3 -4 -3 -2 *  1 -1 -2 -2 -2 -1  0  1  2  3  3  2  1	
 4842.701 -353.411
 -1  1  4  5  4  2  0 -3 -5 -6 -5 -4 -2 *  1 -2 -5 -6 -4 -2 -1  1  3  5  4  3  1	
 -1  0  2  3  3  3  2  0 -1 -3 -3 -3 -2 *  0 -1 -2 -2 -2 -1  0  0  1  2  2  2  1	
 4842.701 -353.001
 -1  2  5  5  5  3  0 -3 -6 -7 -6 -4 -2 *  0 -2 -4 -5 -4 -2 -1  0  2  4  4  2  1	
 -2  0  2  3  3  3  2  0 -2 -3 -4 -3 -3 *  0 -1 -1 -2 -2 -1 -1  0  1  1  2  1  1	
 4842.701 -352.591
 -1  2  5  5  5  4  1 -3 -6 -7 -6 -4 -2 *  0 -2 -4 -5 -3 -2 -2 -1  1  2  2  1  0	
 -2  0  2  3  4  3  2  0 -2 -3 -4 -3 -3 *  0 -1 -1 -1 -1 -1 -1  0  0  1  1  1  0	
 4842.701 -352.181
  0  2  5  5  5  3  1 -3 -6 -7 -5 -3 -1 * -1 -1 -3 -3 -2 -2 -2 -1  0  1  1  0  0	
 -2  0  2  3  3  3  2  0 -2 -3 -4 -3 -3 * -1 -1 -1 -1 -1  0  0  0  0  0  0  0 -1	
 4842.701 -351.771
  0  3  5  5  5  3  1 -3 -6 -6 -5 -2  0 * -1 -1 -2 -2 -1 -1 -1 -2 -1  0  0  0 -1	
 -1  0  2  3  3  3  2  0 -2 -3 -3 -3 -2 * -1 -1 -1  0  0  0  0  0  0  0  0 -1 -1	
 4842.701 -351.361
  2  4  5  5  5  3  1 -3 -5 -6 -4 -1  1 *  0  0  0 -1  0  0 -1 -2 -2 -2 -1 -1  0	
 -1  1  2  3  3  3  2  0 -2 -3 -3 -3 -2 * -1 -1  0  0  1  1  0  0  0 -1 -1 -1 -1	
 4842.701 -350.951
  3  4  5  6  5  4  1 -3 -5 -5 -2  0  2 *  1  2  2  1  2  1  0 -2 -3 -2 -1  0  1	
  0  1  2  3  3  3  2  0 -2 -3 -3 -2 -1 * -1  0  1  1  2  1  1  0 -1 -1 -2 -2 -1	
 4842.701 -350.541
  3  4  5  5  5  3  1 -3 -5 -3  0  2  3 *  3  4  4  4  4  3  0 -3 -4 -1  2  3  3	
  1  2  2  3  3  3  1  0 -2 -3 -3 -2  0 *  1  2  2  3  3  2  1  0 -2 -2 -2 -1  0	
 4842.971 -356.076
 -1  1  3  3  2  0 -2 -4 -6 -5 -3 -2 -1 *  1 -2 -6 -8 -5 -3  0  4  6  6  5  4  2	
 -1  0  2  2  2  1  0 -1 -2 -3 -3 -2 -2 *  0 -1 -3 -3 -3 -2 -1  1  3  3  3  2  1	
 4842.971 -355.666
 -2  2  6  7  5  2 -2 -6 -8 -7 -6 -4 -2 *  1 -2 -6 -9 -6 -3  0  4  6  7  6  4  2	
 -1  1  3  4  4  2  1 -1 -3 -4 -4 -3 -2 *  0 -1 -3 -4 -3 -2 -1  1  3  3  3  3  1	
 4842.971 -355.256
 -2  1  6  8  6  2 -2 -6 -8 -7 -6 -5 -3 *  1 -2 -5 -7 -5 -3  0  3  5  6  4  3  1	
 -2  0  2  4  4  3  1 -1 -3 -4 -4 -4 -3 *  0 -1 -2 -3 -3 -2 -1  0  2  3  3  2  1	
 4842.971 -354.846
 -4  1  6  7  5  2 -2 -6 -8 -9 -8 -7 -5 *  0 -1 -2 -3 -2 -1  1  2  4  4  3  2  0	
 -3  0  2  4  4  3  1 -1 -3 -4 -5 -5 -4 *  0 -1 -1 -2 -2 -1 -1  0  1  2  2  2  1	
 4842.971 -354.436
 -3  0  4  5  4  1 -2 -5 -7 -7 -7 -6 -4 *  0 -2 -3 -3 -2 -1  0  2  4  5  4  2  1	
 -2  0  2  3  3  3  1 -1 -2 -3 -4 -4 -3 *  0 -1 -2 -2 -1 -1  0  0  2  2  2  2  1	
 4842.971 -354.026
 -3  1  4  4  3  1 -1 -3 -6 -7 -6 -5 -3 *  0 -2 -4 -4 -2 -1  0  1  3  5  5  3  1	
 -2  0  2  3  3  2  1  0 -2 -3 -4 -3 -3 *  0 -1 -1 -2 -1 -1  0  1  2  2  2  2  1	
 4842.971 -353.616
 -2  1  4  6  5  3  0 -3 -6 -7 -6 -5 -3 *  0 -2 -5 -6 -4 -2 -1  1  3  5  5  3  1	
 -2  0  2  3  3  3  1  0 -2 -3 -4 -3 -3 *  0 -1 -2 -2 -2 -1  0  0  1  2  2  2  1	
 4842.971 -353.206
 -2  1  4  6  5  4  0 -3 -6 -7 -7 -5 -3 *  0 -2 -4 -5 -4 -2 -1  0  2  4  4  2  1	
 -2  0  2  3  4  3  2  0 -2 -3 -4 -4 -3 *  0 -1 -1 -2 -1 -1  0  0  1  2  2  1  1	
 4842.971 -352.796
 -2  1  5  6  6  4  0 -4 -7 -8 -7 -5 -3 * -1 -2 -4 -5 -3 -2 -2 -1  1  3  3  1  0	
 -2  0  2  3  4  3  2  0 -2 -3 -4 -4 -3 *  0 -1 -1 -1 -1 -1 -1  0  1  1  1  1  0	
 4842.971 -352.386
 -2  2  5  6  6  4  1 -4 -7 -8 -7 -5 -3 * -1 -2 -4 -4 -3 -2 -2 -1  1  2  1  0 -1	
 -2  0  2  4  4  3  2  0 -2 -4 -4 -4 -3 * -1 -1 -1 -1 -1 -1  0  0  0  1  1  0  0	
 4842.971 -351.976
 -1  2  5  6  6  4  1 -3 -6 -7 -6 -5 -2 * -1 -2 -3 -3 -2 -2 -2 -1  0  1  0 -1 -1	
 -2  0  2  3  4  3  2  0 -2 -3 -4 -4 -3 * -1 -1 -1 -1 -1  0  0  0  0  0  0  0 -1	
 4842.971 -351.566
  0  3  5  6  6  4  1 -3 -6 -7 -6 -4 -1 * -1 -1 -1 -2 -1 -1 -1 -2 -1 -1 -1 -1 -1	
 -2  0  2  3  4  3  2  0 -2 -3 -4 -4 -3 * -1 -1 -1  0  0  0  0  0  0  0 -1 -1 -1	
 4842.971 -351.156
  1  4  6  7  6  4  1 -3 -6 -7 -5 -3  0 * -1  0  0  0  0  0 -1 -2 -2 -2 -2 -2 -1	
 -1  1  2  4  4  3  2  0 -2 -3 -4 -4 -2 * -2 -1  0  0  1  1  0  0  0 -1 -1 -2 -2	
 4842.971 -350.746
  2  5  6  7  7  5  2 -3 -6 -7 -4 -1  1 *  1  2  2  2  2  1  0 -2 -3 -3 -2 -1  0	
 -1  1  3  4  4  4  2  0 -2 -3 -4 -3 -2 * -1  0  1  1  2  2  1  0 -1 -2 -2 -2 -2	
 4842.971 -350.336
  5  7  8  9  8  6  2 -3 -7 -5 -2  2  4 *  2  3  4  4  4  3  1 -2 -4 -4 -2  1  2	
  1  2  4  5  5  4  3  0 -2 -4 -4 -2 -1 *  0  1  2  3  3  3  2  0 -1 -2 -3 -2 -1	
 4843.241 -355.871
 -3  1  7  7  5  1 -3 -6 -8 -9 -7 -6 -4 *  2 -2 -8-10 -7 -4  0  5  7  8  7  5  3	
 -2  0  3  4  4  2  1 -2 -3 -4 -4 -4 -3 *  1 -1 -3 -4 -4 -3 -1  1  3  4  4  3  2	
 4843.241 -355.461
 -4  1  7  8  5  1 -3 -7-10-11-10 -8 -5 *  2 -1 -6 -8 -6 -3  0  4  7  7  6  5  3	
 -2  0  3  5  4  3  1 -2 -4 -5 -6 -5 -4 *  1 -1 -2 -4 -4 -2 -1  1  3  3  4  3  2	
 4843.241 -355.051
 -4  1  6  6  4  1 -3 -7-10-11-10 -8 -5 *  0 -1 -3 -4 -3 -1  0  2  5  5  4  3  1	
 -3  0  3  4  4  3  1 -2 -4 -5 -6 -5 -4 *  0 -1 -1 -2 -2 -1 -1  0  2  2  3  2  1	
 4843.241 -354.641
 -4  1  5  5  4  1 -2 -5 -8 -9 -8 -7 -5 *  0 -2 -3 -4 -3 -2 -1  2  4  6  5  3  1	
 -2  0  2  3  3  2  0 -2 -3 -4 -4 -4 -3 *  0 -1 -2 -2 -2 -1 -1  0  2  3  3  2  1	
 4843.241 -354.231
 -3  0  4  5  5  3  0 -4 -6 -7 -6 -5 -3 *  0 -2 -5 -5 -4 -3 -1  1  4  6  5  4  1	
 -2  0  2  3  3  2  1 -1 -2 -3 -3 -3 -3 *  0 -1 -2 -2 -2 -1 -1  0  2  2  3  2  1	
 4843.241 -353.821
 -2  0  4  6  5  3  0 -4 -6 -6 -6 -5 -3 *  0 -3 -5 -7 -5 -3 -2  1  4  6  5  3  1	
 -2  0  2  3  3  3  1  0 -2 -3 -3 -3 -2 *  0 -1 -2 -2 -2 -1 -1  0  1  2  2  2  1	
 4843.241 -353.411
 -2  1  4  5  5  3  0 -4 -6 -7 -6 -5 -3 *  0 -3 -6 -7 -4 -3 -2  0  3  5  5  3  1	
 -2  0  2  3  3  3  2  0 -2 -3 -3 -3 -3 *  0 -1 -2 -2 -2 -1 -1  0  1  2  2  2  1	
 4843.241 -353.001
 -3  1  5  6  6  4  0 -4 -7 -8 -8 -6 -4 * -1 -3 -6 -7 -5 -3 -2  0  2  4  4  2  0	
 -2  0  2  4  4  3  2  0 -2 -4 -4 -4 -3 *  0 -1 -2 -2 -2 -1 -1  0  1  2  2  2  1	
 4843.241 -352.591
 -3  1  5  7  6  4  1 -4 -7 -8 -8 -6 -4 * -1 -3 -5 -6 -4 -3 -2 -1  1  3  3  1 -1	
 -2  0  2  4  4  3  2  0 -2 -4 -5 -4 -3 * -1 -1 -2 -2 -1 -1 -1  0  1  1  1  1  0	
 4843.241 -352.181
 -3  1  5  7  7  4  1 -3 -7 -8 -8 -6 -4 * -1 -2 -3 -4 -3 -2 -2 -1  0  2  1  0 -1	
 -2  0  2  4  4  3  2  0 -2 -4 -4 -4 -3 * -1 -1 -1 -1 -1 -1  0  0  0  1  1  0  0	
 4843.241 -351.771
 -2  1  5  7  7  5  1 -3 -7 -8 -8 -6 -3 * -2 -2 -3 -3 -2 -2 -2 -2  0  0  0 -1 -2	
 -2  0  2  4  4  3  2  0 -2 -4 -4 -4 -3 * -1 -1 -1 -1 -1  0  0  0  0  0  0  0 -1	
 4843.241 -351.361
 -2  2  6  8  7  5  2 -3 -7 -8 -8 -6 -3 * -2 -2 -2 -2 -1 -1 -1 -2 -1 -1 -1 -2 -2	
 -2  0  2  4  5  4  2  0 -2 -4 -5 -4 -3 * -2 -1 -1  0  0  0  0  0  0  0 -1 -1 -2	
 4843.241 -350.951
 -2  3  6  8  8  6  2 -3 -7 -9 -8 -6 -3 * -2 -1  0  0  0  0 -1 -2 -2 -2 -3 -3 -2	
 -2  0  3  4  5  4  3  0 -2 -4 -5 -5 -3 * -2 -1  0  0  1  1  0  0  0 -1 -2 -2 -2	
 4843.241 -350.541
  0  5  8  9  9  6  2 -3 -7 -9 -7 -4 -1 * -1  0  1  1  2  1  0 -2 -3 -4 -4 -3 -2	
 -2  1  3  5  5  5  3  0 -2 -4 -5 -4 -3 * -2 -1  0  1  2  1  1  0 -1 -2 -3 -3 -3	
 4843.511 -356.076
 -3  2  7  8  5  1 -4 -8-10-11 -9 -8 -5 *  4 -3-11-14-10 -5  1  7 11 13 12  9  6	
 -2  1  3  5  4  2  0 -2 -4 -5 -5 -5 -3 *  2 -1 -5 -6 -6 -4 -2  1  5  6  6  6  4	
 4843.511 -355.666
 -4  2  7  7  5  1 -4 -8-11-12-11 -8 -5 *  3 -3-10-12 -9 -5  0  6 10 12 11  8  5	
 -2  1  3  4  4  2  0 -2 -4 -5 -6 -5 -4 *  2 -1 -4 -6 -5 -4 -2  1  4  5  6  5  3	
 4843.511 -355.256
 -2  3  5  6  4  1 -3 -7-10-11 -9 -6 -3 *  2 -3 -9-11 -9 -5 -1  4  9 12 10  7  3	
 -2  2  3  4  4  2  0 -3 -4 -5 -5 -5 -3 *  1 -2 -4 -5 -5 -4 -2  1  4  5  6  5  3	
 4843.511 -354.846
 -2  1  4  6  5  3 -2 -6 -8 -8 -7 -5 -3 *  1 -3 -7 -9 -7 -5 -2  3  7 10  9  6  3	
 -1  1  2  3  3  2  0 -1 -3 -4 -4 -3 -2 *  1 -1 -3 -4 -4 -3 -2  0  3  4  5  4  2	
 4843.511 -354.436
 -3  1  6  8  7  4 -1 -5 -7 -8 -7 -6 -4 *  1 -3 -6 -7 -6 -4 -2  1  6  8  8  6  2	
 -2  0  3  4  4  3  1 -1 -2 -4 -4 -4 -3 *  1 -1 -2 -3 -3 -2 -1  0  2  3  4  3  2	
 4843.511 -354.026
 -3  0  4  6  5  3 -1 -4 -6 -7 -6 -5 -4 *  0 -3 -6 -7 -5 -3 -2  1  4  6  6  4  1	
 -2  0  2  3  3  3  1  0 -2 -3 -3 -3 -2 *  0 -1 -2 -2 -2 -2 -1  0  1  2  3  2  1	
 4843.511 -353.616
 -3  0  4  5  5  3  0 -3 -6 -7 -6 -5 -3 *  0 -3 -5 -6 -4 -3 -2  0  3  5  5  3  1	
 -2  0  2  3  3  2  1  0 -2 -3 -3 -3 -2 *  0 -1 -2 -2 -2 -1 -1  0  1  2  2  2  1	
 4843.511 -353.206
 -3  1  5  7  6  4  1 -4 -7 -8 -8 -7 -4 *  0 -2 -4 -6 -4 -3 -2  0  2  4  4  2  0	
 -2  0  2  4  4  3  2  0 -2 -4 -4 -4 -3 *  0 -1 -2 -2 -1 -1 -1  0  1  2  2  2  1	
 4843.511 -352.796
 -4  1  6  8  7  5  1 -3 -7 -9 -9 -7 -5 *  0 -2 -4 -6 -4 -3 -2 -1  2  4  3  2  0	
 -2  0  2  4  4  4  2  0 -3 -4 -5 -5 -4 *  0 -1 -2 -2 -2 -1 -1  0  1  2  2  1  1	
 4843.511 -352.386
 -4  1  6  8  8  5  2 -3 -7 -9 -9 -8 -5 * -1 -2 -4 -5 -4 -3 -2 -1  1  3  2  1 -1	
 -2  0  3  4  5  4  2  0 -3 -4 -5 -5 -4 * -1 -1 -1 -2 -1 -1 -1  0  1  1  1  1  0	
 4843.511 -351.976
 -4  1  6  8  8  6  2 -3 -7 -9 -9 -8 -5 * -2 -2 -3 -4 -3 -2 -2 -2  0  1  1  0 -1	
 -2  0  2  4  5  4  2  0 -2 -4 -5 -5 -4 * -1 -1 -1 -1 -1 -1  0  0  0  1  1  0 -1	
 4843.511 -351.566
 -4  1  6  8  8  6  2 -2 -7 -9 -9 -8 -5 * -2 -2 -2 -3 -2 -2 -2 -2 -1  0 -1 -2 -2	
 -3  0  2  4  5  4  2  0 -2 -4 -5 -5 -4 * -2 -1 -1 -1  0  0  0  0  0  0  0 -1 -1	
 4843.511 -351.156
 -4  1  6  9  9  6  3 -2 -7-10-10 -8 -5 * -2 -2 -2 -2 -1 -1 -2 -2 -2 -1 -2 -2 -2	
 -3  0  3  5  5  4  3  0 -3 -5 -5 -5 -4 * -2 -2 -1  0  0  0  0  0  0  0 -1 -2 -2	
 4843.511 -350.746
 -3  2  7  9  9  7  3 -2 -7-10-10 -8 -5 * -3 -2 -1 -1  0  0 -1 -2 -2 -3 -3 -3 -3	
 -3  0  3  5  5  5  3  0 -2 -5 -6 -6 -4 * -2 -2 -1  0  1  1  0  0 -1 -1 -2 -3 -2	
 4843.511 -350.336
 -3  3  7 10 10  7  3 -2 -7-10-10 -8 -4 * -2 -1  0  0  1  0 -1 -2 -3 -3 -4 -3 -2	
 -2  0  3  5  6  5  3  1 -2 -5 -6 -6 -4 * -2 -1  0  0  1  1  0  0 -1 -1 -2 -3 -3	
 4843.781 -355.871
 -1  2  5  5  3  0 -4 -7 -8 -7 -6 -4 -2 *  2 -3 -8-11 -9 -5 -1  4  8 10  8  6  3	
 -1  1  3  4  3  2  0 -2 -4 -4 -3 -3 -2 *  1 -1 -4 -5 -5 -4 -2  0  3  4  5  4  2	
 4843.781 -355.461
 -2  3  7  8  6  1 -4 -8-10-10 -8 -6 -3 *  2 -3 -9-11 -9 -6 -1  4  9 11 10  7  4	
 -1  2  4  5  4  3  0 -2 -4 -5 -5 -4 -2 *  1 -1 -4 -5 -5 -4 -2  0  3  5  5  5  3	
 4843.781 -355.051
 -5  2  9 11  9  4 -2 -8-12-13-13-10 -6 *  3 -2 -7 -9 -8 -5 -1  3  8 10 10  7  4	
 -2  1  4  6  6  4  2 -2 -4 -6 -7 -6 -4 *  2 -1 -3 -4 -4 -3 -2  0  3  5  5  4  3	
 4843.781 -354.641
 -6  2 10 11  9  5 -1 -7-12-14-13-11 -7 *  3 -2 -7 -9 -7 -5 -2  3  7 10 10  8  4	
 -3  1  4  6  6  4  2 -1 -4 -6 -7 -7 -5 *  1 -1 -3 -4 -4 -3 -2  0  2  4  5  4  3	
 4843.781 -354.231
 -4  1  5  6  5  3 -1 -5 -8 -8 -8 -6 -4 *  1 -2 -5 -6 -4 -3 -2  1  4  6  6  4  2	
 -2  0  2  4  4  3  1 -1 -3 -4 -4 -4 -3 *  0 -1 -2 -2 -2 -2 -1  0  2  3  3  2  1	
 4843.781 -353.821
 -3  0  4  6  5  3  0 -3 -6 -7 -6 -5 -4 *  0 -2 -5 -6 -4 -3 -2  0  3  5  5  3  1	
 -2  0  2  3  3  3  1  0 -2 -3 -4 -3 -3 *  0 -1 -2 -2 -2 -2 -1  0  1  2  2  2  1	
 4843.781 -353.411
 -3  1  5  7  7  4  1 -3 -7 -9 -8 -7 -5 *  1 -2 -5 -7 -5 -3 -2  0  3  6  5  4  1	
 -2  0  2  4  4  3  2  0 -2 -4 -5 -4 -3 *  0 -1 -2 -2 -2 -2 -1  0  2  3  3  2  1	
 4843.781 -353.001
 -4  1  6  8  7  5  1 -3 -7 -9 -9 -8 -5 *  0 -2 -4 -6 -4 -3 -2 -1  2  4  4  2  1	
 -2  0  3  4  5  4  2  0 -3 -4 -5 -5 -4 *  0 -1 -2 -2 -2 -1 -1  0  1  2  2  2  1	
 4843.781 -352.591
 -5  0  6  8  8  6  2 -3 -7-10-10 -9 -6 * -1 -2 -4 -5 -4 -3 -2 -1  1  3  2  1  0	
 -3  0  3  5  5  4  2  0 -3 -5 -5 -5 -4 *  0 -1 -1 -2 -1 -1 -1  0  1  1  1  1  0	
 4843.781 -352.181
 -5  0  6  8  8  6  3 -2 -7 -9-10 -9 -6 * -1 -2 -3 -4 -3 -2 -2 -2  0  1  1  0 -1	
 -3  0  2  4  5  4  2  0 -3 -5 -5 -5 -4 * -1 -1 -1 -1 -1 -1 -1  0  0  1  1  0  0	
 4843.781 -351.771
 -5  0  6  9  9  7  3 -2 -7-10-10 -9 -6 * -1 -2 -3 -4 -3 -2 -2 -2  0  1  0  0 -1	
 -3  0  3  5  5  4  3  0 -3 -5 -6 -5 -4 * -1 -1 -1 -1 -1 -1  0  0  0  0  0  0 -1	
 4843.781 -351.361
 -5  0  6  9  9  7  4 -2 -7-10-11-10 -7 * -2 -2 -2 -3 -2 -2 -2 -2 -1  0 -1 -1 -2	
 -3  0  3  5  5  5  3  0 -2 -5 -6 -6 -5 * -1 -1 -1 -1  0  0  0  0  0  0  0 -1 -1	
 4843.781 -350.951
 -5  0  7 10 10  8  4 -1 -7-10-11-10 -7 * -2 -2 -2 -2 -2 -1 -2 -2 -1 -1 -1 -2 -2	
 -3  0  3  5  6  5  3  0 -2 -5 -6 -6 -5 * -2 -1 -1  0  0  0  0  0  0  0 -1 -1 -1	
 4843.781 -350.541
 -6  0  7 10 10  8  5 -1 -7-11-12-10 -7 * -2 -2 -2 -2 -1 -1 -2 -2 -1 -1 -1 -1 -1	
 -3  0  3  5  6  5  3  1 -2 -5 -6 -6 -5 * -2 -1 -1  0  0  0  0  0  0  0 -1 -1 -1	
 4844.051 -356.076
 -3  2  6  6  4  0 -4 -8 -9 -9 -7 -6 -4 *  1 -2 -6 -8 -7 -4 -1  3  6  7  6  4  2	
 -1  1  3  4  4  2  0 -2 -4 -5 -4 -4 -2 *  1 -1 -3 -4 -4 -3 -2  0  2  3  3  3  2	
 4844.051 -355.666
 -3  2  6  7  5  1 -3 -7 -9 -9 -8 -6 -4 *  2 -1 -5 -7 -7 -5 -2  3  7  8  7  5  3	
 -1  1  3  4  4  2  1 -2 -4 -4 -4 -4 -3 *  1 -1 -2 -3 -3 -3 -2  0  2  3  4  3  2	
 4844.051 -355.256
 -5  2  9 11  9  4 -2 -8-12-13-12-10 -7 *  3 -1 -6 -8 -8 -5 -2  2  7  9  8  6  4	
 -2  1  4  6  6  4  2 -1 -4 -6 -7 -6 -4 *  2  0 -3 -4 -4 -3 -2  0  2  4  4  4  3	
 4844.051 -354.846
 -5  1  8 11  9  5 -1 -7-11-13-12-11 -7 *  3 -2 -6 -8 -7 -5 -3  1  6  9  9  7  4	
 -3  1  4  6  6  4  2 -1 -4 -6 -7 -6 -4 *  1  0 -2 -4 -4 -3 -2  0  2  4  5  4  3	
 4844.051 -354.436
 -6  1  9 12 11  6  0 -6-11-13-13-11 -7 *  2 -2 -6 -8 -7 -5 -3  1  6  9  8  7  3	
 -3  1  4  6  7  5  3  0 -4 -6 -7 -6 -5 *  1 -1 -3 -4 -4 -3 -2  0  2  4  4  4  2	
 4844.051 -354.026
 -4  1  5  8  8  5  1 -4 -7 -8 -8 -7 -5 *  1 -2 -5 -6 -5 -4 -2  0  4  6  6  4  2	
 -2  0  3  4  4  4  2  0 -2 -4 -5 -4 -3 *  0 -1 -2 -3 -3 -2 -1  0  1  2  3  2  1	
 4844.051 -353.616
 -2  0  3  5  5  3  1 -2 -5 -6 -5 -4 -3 *  0 -2 -4 -5 -4 -3 -2  0  3  5  5  3  1	
 -1  0  2  3  3  2  1  0 -2 -3 -3 -3 -2 *  0 -1 -2 -2 -2 -1 -1  0  1  2  2  2  1	
 4844.051 -353.206
 -4  0  6  8  8  6  2 -3 -7 -9 -9 -8 -5 *  0 -2 -5 -6 -5 -4 -3 -1  2  4  4  3  1	
 -2  0  3  4  5  4  2  0 -2 -4 -5 -5 -3 *  0 -1 -2 -2 -2 -2 -1  0  1  2  2  2  1	
 4844.051 -352.796
 -5  0  6  9  9  7  3 -2 -7-10-10 -9 -6 *  0 -2 -5 -6 -5 -4 -3 -2  2  4  4  3  1	
 -3  0  3  5  5  4  3  0 -3 -5 -6 -5 -4 *  0 -1 -2 -2 -2 -2 -1  0  1  2  2  2  1	
 4844.051 -352.386
 -6  0  6 10 10  8  4 -1 -7-10-11-10 -7 *  0 -2 -5 -6 -5 -4 -3 -2  1  3  3  2  1	
 -3  0  3  5  6  5  3  0 -3 -5 -6 -6 -5 *  0 -1 -2 -2 -2 -2 -1  0  1  2  2  2  1	
 4844.051 -351.976
 -6 -1  6  9 10  8  4 -1 -7-10-11-10 -8 * -1 -2 -3 -4 -3 -3 -2 -2  0  1  1  0 -1	
 -3 -1  3  5  6  5  3  0 -2 -5 -6 -6 -5 * -1 -1 -1 -1 -1 -1 -1  0  0  1  1  0  0	
 4844.051 -351.566
 -7 -1  6 10 11  9  5 -1 -6-10-12-11 -8 * -1 -2 -3 -4 -3 -2 -2 -2  0  1  1  0 -1	
 -3 -1  3  5  6  5  3  1 -2 -5 -6 -6 -5 * -1 -1 -1 -1 -1 -1 -1  0  0  0  0  0  0	
 4844.051 -351.156
 -7 -1  6 10 11  9  5  0 -6-10-12-11 -8 * -1 -2 -2 -3 -2 -2 -2 -2 -1  0  0 -1 -1	
 -3 -1  3  5  6  5  3  1 -2 -5 -6 -6 -5 * -1 -1 -1 -1 -1  0  0  0  0  0  0  0 -1	
 4844.051 -350.746
 -7 -1  6 10 11  9  6  0 -6-10-12-11 -8 * -1 -2 -2 -3 -2 -2 -2 -2 -1  0  0  0  0	
 -4 -1  3  5  6  5  4  1 -2 -5 -6 -6 -5 * -1 -1 -1 -1 -1 -1 -1  0  0  0  0  0 -1	
 4844.051 -350.336
 -8 -1  6 11 12 10  6  0 -6-11-13-12 -9 * -1 -1 -2 -2 -2 -1 -2 -2 -1  0  0  0  0	
 -4 -1  3  5  6  6  4  1 -2 -5 -7 -7 -6 * -1 -1 -1 -1  0  0  0  0  0  0  0 -1 -1	
 4844.321 -355.871
 -2  2  7  8  7  2 -3 -7 -9 -8 -7 -5 -3 *  2 -2 -6 -9 -8 -5 -2  2  6  8  7  5  3	
 -1  1  4  5  5  3  1 -1 -3 -4 -4 -3 -2 *  1 -1 -3 -4 -4 -3 -2  0  2  3  4  3  2	
 4844.321 -355.461
 -4  2  8 10  9  4 -2 -7-10-11-10 -8 -5 *  3  0 -5 -8 -8 -6 -3  1  6  8  8  6  4	
 -2  1  4  6  6  5  2 -1 -4 -5 -5 -5 -3 *  2  0 -2 -3 -4 -3 -2 -1  2  3  4  4  3	
 4844.321 -355.051
 -5  1  9 12 11  5 -1 -7-11-12-11 -9 -6 *  3 -1 -6 -8 -8 -6 -3  1  6  9  9  7  5	
 -2  1  4  6  7  5  3  0 -4 -5 -6 -5 -4 *  2  0 -2 -4 -4 -3 -2 -1  2  4  4  4  3	
 4844.321 -354.641
 -7  1 11 14 13  8  1 -7-13-15-15-13 -9 *  3 -1 -5 -8 -7 -6 -4  1  5  8  8  6  4	
 -3  1  5  8  8  7  4  0 -4 -7 -8 -8 -6 *  1  0 -2 -4 -4 -3 -2 -1  2  3  4  4  3	
 4844.321 -354.231
 -6  1  8 12 11  7  1 -5-10-12-11-10 -7 *  2 -2 -5 -7 -6 -5 -3  0  5  7  7  5  3	
 -3  0  4  6  6  5  3  0 -3 -5 -6 -6 -4 *  1 -1 -2 -3 -3 -3 -2  0  2  3  3  3  2	
 4844.321 -353.821
 -4  0  5  7  7  5  2 -2 -6 -7 -7 -6 -4 *  1 -2 -5 -6 -5 -4 -3  0  3  6  6  4  2	
 -2  0  2  4  4  3  2  0 -2 -4 -4 -4 -3 *  1 -1 -2 -2 -2 -2 -1  0  1  2  3  2  1	
 4844.321 -353.411
 -4  0  5  8  8  6  3 -2 -6 -8 -8 -7 -5 *  1 -1 -3 -5 -4 -3 -3 -2  2  4  4  3  1	
 -2  0  2  4  4  4  2  0 -2 -4 -5 -4 -3 *  0  0 -1 -2 -2 -1 -1  0  1  2  2  2  1	
 4844.321 -353.001
 -5  0  5  9 10  8  4 -1 -7 -9-10 -9 -7 *  1 -1 -3 -5 -4 -4 -3 -2  1  3  3  2  1	
 -3  0  3  5  5  5  3  1 -2 -4 -5 -5 -4 *  0  0 -1 -2 -2 -1 -1  0  1  1  2  2  1	
 4844.321 -352.591
 -6 -1  6 10 11  9  5 -1 -7-10-11-10 -8 *  1 -1 -3 -5 -5 -4 -3 -2  1  3  3  3  1	
 -3  0  3  5  6  5  3  1 -2 -5 -6 -6 -5 *  0  0 -1 -2 -2 -1 -1  0  1  1  2  2  1	
 4844.321 -352.181
 -8 -1  6 12 13 11  6  0 -7-11-13-12 -9 *  0 -1 -3 -5 -5 -4 -3 -2  1  3  3  2  1	
 -4  0  3  6  7  6  4  1 -2 -5 -7 -7 -5 *  0 -1 -1 -2 -2 -2 -1 -1  0  1  1  1  1	
 4844.321 -351.771
 -7 -1  6 11 12 10  6  0 -6-10-12-12 -9 *  0 -2 -3 -4 -4 -3 -3 -2  0  2  2  1  0	
 -4 -1  3  5  6  6  4  1 -2 -5 -6 -6 -5 *  0 -1 -1 -1 -1 -1 -1  0  0  1  1  1  0	
 4844.321 -351.361
 -7 -2  5 10 11  9  6  0 -6-10-11-11 -8 *  0 -1 -3 -4 -3 -3 -3 -2  0  1  2  1  0	
 -3 -1  2  5  6  5  4  1 -2 -4 -6 -6 -5 *  0 -1 -1 -1 -1 -1 -1  0  0  1  1  0  0	
 4844.321 -350.951
 -8 -2  5 10 12 10  6  1 -6-10-12-12 -9 *  0 -1 -2 -3 -3 -2 -2 -2 -1  1  1  1  0	
 -4 -1  2  5  6  5  4  1 -2 -5 -6 -6 -5 * -1 -1 -1 -1 -1 -1 -1  0  0  0  0  0  0	
 4844.321 -350.541
 -8 -2  5 10 12 10  6  1 -6-10-13-12-10 *  0 -1 -2 -2 -2 -2 -2 -2 -1  1  1  1  0	
 -4 -1  2  5  6  5  4  1 -2 -5 -6 -7 -6 * -1 -1 -1 -1 -1  0  0  0  0  0  0  0  0	
 4844.591 -356.076
 -3  1  6  9  8  3 -3 -8-10 -9 -8 -6 -4 *  2 -1 -4 -6 -6 -4 -2  1  4  6  5  4  3	
 -2  1  3  5  5  4  2 -1 -3 -5 -5 -4 -3 *  1  0 -2 -3 -3 -3 -2 -1  1  2  3  2  2	
 4844.591 -355.666
 -3  1  7 10  9  4 -1 -6 -9 -9 -8 -7 -4 *  2  0 -4 -6 -6 -5 -3  0  4  6  5  4  3	
 -2  1  3  5  6  5  2  0 -3 -5 -5 -4 -3 *  1  0 -1 -2 -3 -3 -2 -1  1  2  3  3  2	
 4844.591 -355.256
 -4  1  7 10 10  5 -1 -6-10-10 -9 -8 -5 *  2  0 -2 -5 -5 -5 -3 -1  3  5  5  4  3	
 -2  1  4  5  6  5  3  0 -3 -5 -5 -5 -3 *  1  0 -1 -2 -2 -2 -2 -1  1  2  3  3  2	
 4844.591 -354.846
 -7  0  9 13 13  8  1 -6-11-14-13-12 -8 *  3 -1 -4 -6 -6 -6 -4  0  4  7  7  6  4	
 -3  0  4  7  8  6  4  1 -3 -6 -7 -7 -5 *  2  0 -2 -3 -3 -3 -2 -1  1  3  4  3  2	
 4844.591 -354.436
 -7  0  9 14 14  9  3 -5-11-14-14-13 -9 *  2 -1 -5 -6 -6 -6 -4 -1  4  7  7  6  3	
 -4  0  4  7  8  7  4  1 -3 -6 -8 -7 -6 *  1  0 -2 -3 -3 -3 -2 -1  1  3  4  3  2	
 4844.591 -354.026
 -5 -1  6 10 10  7  3 -2 -7-10-10 -9 -7 *  2 -1 -5 -6 -6 -5 -3  0  4  7  7  5  3	
 -3  0  3  5  5  5  3  1 -2 -4 -5 -5 -4 *  1 -1 -2 -3 -3 -2 -1  0  1  3  3  3  2	
 4844.591 -353.616
 -6 -1  5  9 10  8  4 -1 -6 -9-10 -9 -7 *  2 -1 -4 -6 -5 -4 -3 -1  3  5  6  4  2	
 -3  0  2  4  5  5  3  1 -2 -4 -5 -5 -4 *  1  0 -1 -2 -2 -2 -1  0  1  2  3  2  2	
 4844.591 -353.206
 -6 -2  5  9 10  8  4 -1 -6 -9-10-10 -7 *  1 -1 -3 -5 -4 -4 -3 -2  1  3  4  3  1	
 -3 -1  2  4  5  5  3  1 -2 -4 -5 -5 -4 *  0  0 -1 -2 -2 -1 -1  0  1  1  2  2  1	
 4844.591 -352.796
 -7 -2  5 10 11  9  5  0 -6-10-11-11 -8 *  1 -1 -3 -4 -4 -3 -3 -2  0  2  3  2  1	
 -3 -1  2  5  6  5  4  1 -2 -4 -6 -6 -5 *  0  0 -1 -1 -1 -1 -1  0  0  1  1  1  1	
 4844.591 -352.386
 -8 -2  5 11 12 10  6  0 -6-11-12-12 -9 *  1 -1 -3 -5 -5 -4 -4 -2  0  3  3  2  1	
 -4 -1  3  5  6  6  4  1 -2 -5 -6 -6 -5 *  0  0 -1 -2 -2 -2 -1  0  0  1  1  1  1	
 4844.591 -351.976
 -9 -2  6 12 14 12  7  1 -7-12-13-13-11 *  0 -1 -3 -4 -4 -3 -3 -2  0  2  2  2  1	
 -4 -1  3  6  7  6  5  2 -2 -5 -7 -7 -6 *  0 -1 -1 -1 -2 -1 -1 -1  0  1  1  1  0	
 4844.591 -351.566
 -9 -3  5 11 13 11  7  1 -6-10-12-12-10 *  0 -1 -3 -4 -4 -3 -3 -2  0  2  2  2  1	
 -4 -1  2  5  6  6  4  2 -2 -5 -6 -6 -5 *  0 -1 -1 -1 -1 -1 -1  0  0  1  1  1  0	
 4844.591 -351.156
 -9 -3  5 11 13 11  7  1 -5-10-13-13-10 *  0 -1 -2 -3 -3 -3 -3 -2  0  1  2  1  1	
 -4 -1  2  5  6  6  4  2 -2 -5 -6 -6 -5 *  0 -1 -1 -1 -1 -1 -1  0  0  1  1  1  0	
 4844.591 -350.746
 -9 -3  4 10 12 11  7  2 -5-10-12-13-10 *  1 -1 -2 -3 -3 -3 -2 -2  0  1  2  2  1	
 -4 -1  2  5  6  6  4  2 -2 -4 -6 -6 -5 *  0 -1 -1 -1 -1 -1 -1  0  0  1  1  1  0	
 4844.591 -350.336
-10 -4  5 11 13 12  8  2 -5-11-13-14-11 *  1  0 -2 -3 -3 -2 -2 -2  0  1  2  2  1	
 -4 -1  2  5  6  6  4  2 -2 -5 -6 -7 -6 *  0  0 -1 -1 -1 -1 -1  0  0  0  1  1  0	
 4844.861 -355.871
 -6  0  6 10 10  5 -1 -6-11-12-11 -9 -7 *  2  0 -4 -6 -7 -6 -3  0  3  5  5  4  2	
 -3  0  3  5  6  5  3  0 -3 -5 -6 -6 -4 *  1  0 -2 -3 -3 -3 -2 -1  1  2  2  2  2	
 4844.861 -355.461
 -6 -1  6 11 10  6  1 -5-10-12-11-10 -7 *  2  0 -3 -5 -6 -6 -4 -1  3  5  5  4  3	
 -3  0  3  5  6  5  3  1 -3 -5 -6 -6 -4 *  1  0 -1 -2 -2 -2 -2 -1  1  2  3  3  2	
 4844.861 -355.051
 -7 -1  7 13 13  8  2 -5-11-13-13-12 -9 *  2  0 -2 -4 -5 -5 -4 -2  2  4  4  4  3	
 -4  0  3  6  7  6  4  1 -3 -6 -7 -7 -5 *  1  0 -1 -1 -2 -2 -1 -1  0  2  2  2  2	
 4844.861 -354.641
 -8 -1  8 14 14 10  3 -4-11-14-14-13-10 *  2  0 -3 -5 -5 -5 -4 -1  3  5  6  5  3	
 -4  0  4  7  8  7  5  1 -3 -6 -8 -7 -6 *  1  0 -1 -2 -2 -2 -2 -1  1  2  3  3  2	
 4844.861 -354.231
 -8 -1  7 13 14 10  4 -3 -9-13-14-13 -9 *  3 -1 -4 -6 -6 -6 -4 -1  3  6  7  6  4	
 -4  0  3  6  7  6  4  1 -2 -5 -7 -7 -6 *  1  0 -2 -3 -3 -2 -2 -1  1  3  3  3  2	
 4844.861 -353.821
 -7 -2  6 11 12 10  5 -1 -7-11-12-11 -9 *  3 -1 -4 -6 -6 -5 -4 -2  2  6  6  5  3	
 -3 -1  2  5  6  6  4  2 -2 -4 -6 -6 -5 *  1  0 -1 -2 -3 -2 -2  0  1  2  3  3  2	
 4844.861 -353.411
 -7 -2  5 11 12 10  6  0 -6-10-11-11 -9 *  2 -1 -3 -5 -5 -5 -4 -2  1  4  5  4  2	
 -3 -1  2  5  6  6  4  2 -1 -4 -6 -6 -5 *  1  0 -1 -2 -2 -2 -1  0  1  2  2  2  1	
 4844.861 -353.001
 -8 -3  5 11 13 11  6  1 -6-10-12-12 -9 *  1 -1 -3 -5 -4 -4 -4 -2  1  3  4  3  2	
 -4 -1  2  5  6  6  4  2 -1 -4 -6 -6 -5 *  0  0 -1 -2 -2 -1 -1  0  1  1  2  2  1	
 4844.861 -352.591
 -9 -3  5 11 13 11  7  1 -6-11-13-13-10 *  0 -1 -2 -3 -3 -3 -3 -2  0  2  2  2  1	
 -4 -1  2  5  7  6  5  2 -1 -4 -6 -7 -5 *  0  0 -1 -1 -1 -1 -1  0  0  1  1  1  0	
 4844.861 -352.181
-10 -3  5 12 14 12  8  1 -6-11-13-13-11 *  0 -1 -2 -3 -3 -3 -3 -2  0  1  2  1  1	
 -4 -1  3  6  7  7  5  2 -1 -5 -7 -7 -6 *  0  0 -1 -1 -1 -1 -1  0  0  1  1  1  0	
 4844.861 -351.771
-10 -3  5 12 14 12  8  2 -6-11-13-14-11 *  1 -1 -2 -4 -4 -3 -3 -2  0  2  3  2  1	
 -4 -1  2  5  7  6  5  2 -1 -5 -7 -7 -6 *  0  0 -1 -1 -1 -1 -1  0  0  1  1  1  1	
 4844.861 -351.361
 -9 -4  4 11 13 12  8  2 -5-10-13-13-11 *  1 -1 -2 -3 -3 -3 -3 -2  0  2  2  2  1	
 -4 -1  2  5  6  6  4  2 -1 -4 -6 -7 -6 *  0  0 -1 -1 -1 -1 -1  0  0  1  1  1  1	
 4844.861 -350.951
-10 -4  4 11 13 12  8  2 -5-10-13-14-11 *  1  0 -2 -3 -3 -3 -2 -2  0  1  2  2  1	
 -4 -2  2  5  6  6  4  2 -1 -4 -6 -7 -6 *  0  0 -1 -1 -1 -1 -1  0  0  1  1  1  0	
 4844.861 -350.541
-11 -4  4 11 13 12  8  2 -5-11-14-14-12 *  1  0 -2 -3 -2 -2 -2 -2  0  1  2  1  1	
 -5 -2  2  5  6  6  4  2 -2 -5 -7 -7 -6 *  0  0 -1 -1 -1 -1  0  0  0  0  1  1  0	
 4845.131 -356.076
 -8 -2  6 11 11  7  1 -5-11-13-13-12 -9 *  2  0 -4 -6 -7 -6 -4 -1  3  5  5  4  3	
 -4 -1  2  5  6  6  4  1 -2 -5 -7 -7 -5 *  1  0 -2 -3 -3 -3 -2 -1  0  2  2  2  2	
 4845.131 -355.666
 -8 -2  6 11 11  8  2 -4-10-13-13-12 -9 *  2  0 -3 -5 -6 -6 -4 -1  2  4  5  4  3	
 -4 -1  2  5  6  6  4  1 -2 -5 -6 -7 -5 *  1  0 -1 -2 -2 -2 -2 -1  0  2  2  2  2	
 4845.131 -355.256
 -9 -2  6 12 13  9  4 -3-10-13-13-13-10 *  2  0 -2 -4 -5 -6 -5 -2  1  4  4  4  3	
 -4 -1  2  5  7  6  5  2 -2 -5 -7 -7 -6 *  1  0 -1 -2 -2 -2 -2 -1  0  1  2  2  2	
 4845.131 -354.846
 -9 -2  7 13 14 11  5 -2-10-14-15-14-11 *  2  0 -2 -4 -5 -5 -5 -3  1  4  5  4  3	
 -4 -1  3  6  7  7  5  2 -2 -5 -7 -8 -6 *  1  0 -1 -2 -2 -2 -1 -1  0  1  2  2  2	
 4845.131 -354.436
 -9 -2  7 13 14 11  6 -1 -9-13-14-14-11 *  2  0 -3 -5 -5 -5 -4 -2  2  5  5  5  3	
 -4 -1  3  6  7  7  5  2 -2 -5 -7 -7 -6 *  1  0 -1 -2 -2 -2 -1 -1  1  2  3  3  2	
 4845.131 -354.026
 -8 -2  6 12 14 11  6 -1 -8-12-13-12-10 *  3  0 -3 -6 -6 -6 -5 -2  2  5  6  5  3	
 -4 -1  3  6  7  6  5  2 -2 -5 -6 -7 -5 *  1  0 -1 -2 -2 -2 -2 -1  1  2  3  3  2	
 4845.131 -353.616
 -8 -2  5 12 13 11  6  0 -6-11-12-12-10 *  2  0 -3 -5 -5 -5 -4 -2  1  4  5  4  3	
 -4 -1  2  5  6  6  5  2 -1 -4 -6 -6 -5 *  1  0 -1 -2 -2 -2 -1  0  1  2  2  2  2	
 4845.131 -353.206
 -9 -3  5 11 13 11  7  1 -6-10-12-12-10 *  2  0 -3 -4 -4 -4 -4 -2  1  3  4  3  2	
 -4 -1  2  5  6  6  5  2 -1 -4 -6 -6 -5 *  1  0 -1 -2 -2 -1 -1  0  1  1  2  2  1	
 4845.131 -352.796
-10 -3  6 12 14 13  8  2 -6-11-14-14-11 *  1  0 -3 -4 -4 -4 -4 -3  0  2  3  3  2	
 -4 -1  3  6  7  7  5  2 -1 -4 -6 -7 -6 *  0  0 -1 -1 -2 -1 -1  0  0  1  1  1  1	
 4845.131 -352.386
-10 -3  5 12 15 13  9  2 -5-11-14-14-11 *  1 -1 -2 -4 -4 -3 -4 -3  0  2  2  2  1	
 -4 -1  3  6  7  7  5  2 -1 -4 -7 -7 -6 *  0  0 -1 -1 -1 -1 -1  0  0  1  1  1  1	
 4845.131 -351.976
-10 -3  5 12 14 12  8  2 -5-11-13-13-11 *  1 -1 -2 -3 -3 -3 -3 -2  0  2  2  2  1	
 -4 -1  2  5  7  6  5  2 -1 -4 -6 -7 -6 *  0  0 -1 -1 -1 -1 -1  0  0  1  1  1  0	
 4845.131 -351.566
-10 -3  5 12 14 12  8  3 -5-10-13-13-11 *  1  0 -2 -3 -3 -3 -3 -2  0  2  3  2  2	
 -4 -1  2  5  7  6  5  2 -1 -4 -6 -7 -6 *  0  0 -1 -1 -1 -1 -1  0  0  1  1  1  1	
 4845.131 -351.156
-10 -4  5 11 13 12  8  2 -5-10-13-13-11 *  1  0 -2 -3 -3 -3 -3 -2  0  2  2  2  1	
 -4 -1  2  5  6  6  5  2 -1 -4 -6 -7 -6 *  0  0 -1 -1 -1 -1 -1  0  0  1  1  1  1	
 4845.131 -350.746
-10 -4  5 12 14 12  9  3 -5-11-13-14-12 *  1  0 -2 -3 -3 -3 -3 -2  0  2  2  2  2	
 -4 -1  2  5  7  6  5  2 -1 -4 -6 -7 -6 *  0  0 -1 -1 -1 -1 -1  0  0  1  1  1  1	
 4845.131 -350.336
-11 -5  5 12 15 13  9  3 -5-11-14-15-13 *  1  0 -2 -3 -3 -2 -2 -2  0  1  2  2  1	
 -5 -2  2  6  7  7  5  2 -2 -5 -7 -8 -7 *  0  0 -1 -1 -1 -1  0  0  0  1  1  1  0	
 4845.401 -355.871
 -9 -3  5 12 12 10  4 -3-10-13-14-13-10 *  2  0 -4 -6 -7 -7 -5 -2  2  5  5  4  3	
 -4 -1  2  5  7  7  5  2 -2 -5 -7 -7 -6 *  1  0 -1 -2 -3 -3 -3 -2  0  1  2  2  2	
 4845.401 -355.461
-10 -3  6 12 14 11  6 -2 -9-14-15-14-11 *  2  0 -3 -5 -6 -7 -6 -3  1  4  5  4  3	
 -5 -1  2  6  7  7  5  2 -2 -5 -7 -8 -6 *  1  0 -1 -2 -2 -2 -2 -1  0  1  2  2  2	
 4845.401 -355.051
-10 -3  6 13 14 11  6 -1 -9-14-15-14-11 *  2  0 -3 -5 -5 -6 -5 -3  1  4  5  4  3	
 -5 -1  2  6  7  7  5  2 -2 -5 -7 -8 -6 *  1  0 -1 -2 -2 -2 -2 -1  0  1  2  2  2	
 4845.401 -354.641
 -9 -3  6 13 14 12  7  0 -8-13-15-14-11 *  2  0 -3 -5 -5 -6 -5 -3  1  4  5  4  3	
 -4 -1  3  6  7  7  5  2 -2 -5 -7 -7 -6 *  1  0 -1 -2 -2 -2 -1 -1  0  2  2  2  2	
 4845.401 -354.231
 -9 -3  6 13 14 12  8  1 -7-12-14-13-10 *  2  0 -3 -5 -5 -5 -5 -3  1  4  5  4  3	
 -4 -1  3  6  7  7  5  2 -1 -5 -7 -7 -6 *  1  0 -1 -2 -2 -2 -1 -1  1  2  2  2  1	
 4845.401 -353.821
 -9 -2  6 12 14 12  8  1 -6-11-13-13-10 *  2  0 -3 -5 -5 -5 -5 -3  0  4  5  4  3	
 -4 -1  3  6  7  7  5  2 -1 -4 -6 -7 -6 *  1  0 -1 -2 -2 -2 -1 -1  1  2  2  2  1	
 4845.401 -353.411
 -9 -3  6 12 14 12  8  2 -6-11-13-13-10 *  2  0 -3 -5 -4 -5 -4 -3  0  3  4  4  2	
 -4 -1  3  5  7  7  5  2 -1 -4 -6 -7 -6 *  1  0 -1 -2 -2 -1 -1  0  1  1  2  2  1	
 4845.401 -353.001
 -9 -3  6 12 14 13  9  2 -5-11-13-13-10 *  1 -1 -3 -4 -4 -4 -4 -3  0  2  3  3  2	
 -4 -1  3  6  7  7  5  2 -1 -4 -6 -7 -6 *  0  0 -1 -1 -2 -1 -1  0  1  1  1  1  1	
 4845.401 -352.591
-10 -3  6 13 15 14 10  3 -5-12-14-14-12 *  1 -1 -2 -4 -4 -4 -4 -3 -1  2  2  2  1	
 -4 -1  3  6  8  7  6  3 -1 -5 -7 -7 -6 *  0  0 -1 -1 -1 -1 -1  0  0  1  1  1  1	
 4845.401 -352.181
 -9 -3  6 12 14 13  9  3 -5-11-13-13-10 *  1 -1 -2 -4 -3 -3 -3 -3  0  2  2  2  1	
 -4 -1  3  6  7  7  5  2 -1 -4 -6 -7 -6 *  0  0 -1 -1 -1 -1 -1  0  0  1  1  1  0	
 4845.401 -351.771
 -9 -3  6 12 14 13  9  3 -4-10-12-13-10 *  1  0 -2 -4 -4 -3 -3 -3  0  2  3  2  2	
 -4 -1  3  5  7  6  5  2 -1 -4 -6 -7 -5 *  0  0 -1 -1 -1 -1 -1  0  0  1  1  1  1	
 4845.401 -351.361
 -9 -3  5 12 14 13  9  3 -4-10-12-12-10 *  1  0 -2 -3 -3 -3 -3 -2  0  2  2  2  1	
 -4 -1  3  5  7  6  5  2 -1 -4 -6 -6 -5 *  0  0 -1 -1 -1 -1 -1  0  0  1  1  1  0	
 4845.401 -350.951
 -9 -3  5 11 13 12  9  3 -4-10-12-12-10 *  1  0 -2 -3 -3 -2 -2 -2  0  1  2  2  1	
 -4 -1  2  5  7  6  5  2 -1 -4 -6 -6 -5 *  0  0 -1 -1 -1 -1  0  0  0  1  1  1  0	
 4845.401 -350.541
-10 -3  5 12 14 13  9  3 -4-10-13-13-11 *  2  0 -2 -3 -3 -2 -2 -2  0  2  3  3  2	
 -4 -1  3  6  7  7  5  2 -1 -5 -6 -7 -6 *  1  0  0 -1 -1 -1  0  0  0  1  1  1  1	
 4845.671 -356.076
-10 -3  6 13 15 13  7 -1 -9-14-16-15-12 *  3  0 -4 -6 -8 -8 -6 -3  1  5  6  5  3	
 -5 -2  2  6  8  8  6  2 -2 -5 -7 -8 -7 *  1  0 -2 -3 -3 -3 -3 -2  0  1  2  3  2	
 4845.671 -355.666
-10 -3  6 12 14 13  8  0 -8-13-15-14-11 *  2  0 -3 -5 -7 -7 -6 -3  1  4  5  4  3	
 -5 -2  2  5  7  7  5  2 -1 -5 -7 -7 -6 *  1  0 -1 -2 -2 -2 -2 -2  0  1  2  2  2	
 4845.671 -355.256
-10 -3  6 13 15 13  8  1 -8-13-15-15-12 *  2  0 -3 -5 -6 -6 -6 -4  0  3  4  4  3	
 -5 -1  2  6  7  7  6  3 -1 -5 -7 -8 -7 *  1  0 -1 -2 -2 -2 -2 -1  0  1  2  2  1	
 4845.671 -354.846
-10 -3  6 13 15 13  9  1 -7-13-15-14-11 *  2  0 -3 -5 -5 -6 -6 -4  0  3  4  4  2	
 -5 -1  2  6  7  7  6  3 -1 -5 -7 -7 -6 *  1  0 -1 -2 -2 -2 -1 -1  0  1  2  2  1	
 4845.671 -354.436
 -9 -3  6 13 14 13  9  2 -6-12-14-14-11 *  2  0 -3 -4 -5 -5 -5 -3  0  3  4  4  2	
 -4 -1  3  6  7  7  5  3 -1 -4 -7 -7 -6 *  1  0 -1 -2 -2 -2 -1 -1  0  1  2  2  1	
 4845.671 -354.026
 -9 -2  6 12 14 13  9  2 -6-11-14-13-10 *  2  0 -3 -4 -5 -5 -5 -3  0  3  4  4  2	
 -4 -1  3  6  7  7  5  3 -1 -4 -6 -7 -6 *  1  0 -1 -2 -2 -1 -1 -1  0  1  2  2  1	
 4845.671 -353.616
 -9 -2  6 12 14 13  9  3 -5-11-13-13-10 *  1  0 -3 -4 -4 -4 -4 -3  0  3  3  3  2	
 -4 -1  3  6  7  7  5  3 -1 -4 -6 -7 -6 *  0  0 -1 -1 -2 -1 -1  0  1  1  2  2  1	
 4845.671 -353.206
 -9 -2  6 13 15 14 10  3 -5-11-13-13-11 *  1  0 -2 -4 -4 -4 -4 -3 -1  2  3  3  2	
 -4 -1  3  6  7  7  6  3 -1 -4 -6 -7 -6 *  0  0 -1 -1 -1 -1 -1  0  0  1  1  1  1	
 4845.671 -352.796
 -9 -3  7 13 16 14 10  4 -5-11-14-14-11 *  1  0 -2 -4 -3 -4 -4 -3 -1  2  3  2  1	
 -4 -1  3  6  8  7  6  3 -1 -4 -7 -7 -6 *  0  0 -1 -1 -1 -1 -1  0  0  1  1  1  1	
 4845.671 -352.386
 -8 -2  6 12 14 14 10  4 -4-10-12-12-10 *  1  0 -2 -3 -3 -3 -3 -3 -1  2  2  2  1	
 -4 -1  3  6  7  7  5  3 -1 -4 -6 -7 -5 *  0  0 -1 -1 -1 -1 -1  0  0  1  1  1  0	
 4845.671 -351.976
 -8 -2  6 12 14 13  9  4 -4-10-12-12-10 *  1  0 -2 -3 -3 -3 -3 -3  0  2  3  2  2	
 -4 -1  3  5  7  6  5  2 -1 -4 -6 -6 -5 *  0  0 -1 -1 -1 -1 -1  0  0  1  1  1  1	
 4845.671 -351.566
 -9 -3  6 12 14 13 10  4 -4-10-13-13-10 *  1  0 -2 -3 -3 -2 -3 -2 -1  1  2  2  1	
 -4 -1  3  5  7  7  5  2 -1 -4 -6 -7 -6 *  0  0 -1 -1 -1 -1  0  0  0  1  1  1  0	
 4845.671 -351.156
 -9 -3  5 12 14 13 10  4 -4-10-12-12-10 *  0 -1 -1 -2 -2 -2 -2 -2 -1  1  1  1  1	
 -4 -1  2  5  7  7  5  2 -1 -4 -6 -7 -6 *  0  0  0  0  0  0  0  0  0  1  0  0  0	
 4845.671 -350.746
-10 -3  5 12 14 13 10  4 -4-10-13-13-11 *  0  0 -1 -1 -1 -1 -1 -2 -1  0  1  1  0	
 -4 -1  3  6  7  7  5  3 -1 -4 -6 -7 -6 *  0  0  0  0  0  0  0  0  0  0  0  0  0	
 4845.671 -350.336
-11 -4  6 13 15 14 10  4 -4-11-14-14-12 *  0  0 -1 -1 -1 -1 -1 -2 -1  0  1  1  0	
 -5 -1  3  6  8  7  5  3 -1 -5 -7 -7 -6 *  0  0  0  0  0  0  0  0  0  0  0  0  0	
