Roscoff                  	
 4848.224 -325.990
 12  9  6 -9 -3 -1  0  0  0  2  6 18 12 *  7  6  4 -6 -1  0  1  1  2  3  5 10  7	
  1 -3 -3 -2 -2 -1  0  0  1  1  2  3  3 *  0 -2 -3 -2 -1  0  0  1  1  2  2  3  2	
 4848.224 -325.350
  0  0 -1 -2 -2 -1  0  0  1  0  0  1  0 *  0  0 -3 -3 -2  0  0  0  0  1  3  3  0	
  0  0 -1 -1 -1 -1  0  0  1  0  0  0  0 *  0 -1 -1 -2 -1  0  0  1  1  1  1  1  0	
 4848.224 -324.709
  0  0  0  0 -1 -2 -2 -3 -3 -3 -2  1  0 *  0  0  0 -2 -1 -1  0  0  1  2  2  0  0	
  0  0  0  0  0 -1 -1 -1 -2 -2 -1 -1  0 *  0  0 -1 -1 -1  0  0  0  1  2  1  1  0	
 4848.224 -324.069
  1  0 -2 -2 -1 -1 -1 -2 -2 -2  0  5  1 *  0  0  2 -3 -1 -1 -1 -1 -1  0  1  2  0	
  0 -1 -1  0  0  0  0 -1 -1 -1 -1  0  0 *  0 -1 -1 -1 -1  0  0  0  0  0  0  1  1	
 4848.224 -323.429
  6  3 -5 -2  0  0  0  0 -1  0  0  5  7 *  6  3-10 -3  0  0  0 -1 -1  0  1  6  6	
  0  0  0  0  0  0  0  0  0  0  0  0  0 *  0 -1  0  0  0  0  0  0  0  0  0  0  0	
 4848.624 -325.670
  0  0 -2 -4 -3 -1  0  0  0  1  2  1  0 *  0  0 -4 -2  1  2  2  3  3  5  6  4  0	
  0  0 -1 -2 -2 -1  0  0  0  0  1  1  0 *  0 -1 -2 -1  0  1  1  2  2  3  3  2  1	
 4848.624 -325.029
 -1  1 -1 -2 -2 -1  0 -1 -2 -2 -1 -1 -1 *  1 -1 -3 -7 -5 -3 -1  1  3  5  5  2  1	
  0  0  0 -1 -1 -1 -1 -1 -1 -2 -1 -1  0 *  0 -1 -2 -3 -3 -2 -1  0  2  3  2  2  1	
 4848.624 -324.390
  0  0 -1  5  5  4  2  0 -3 -5 -5 -1  0 *  0  0  0 -5 -5 -5 -3 -2  1  2  4  1  0	
  0  1  2  3  2  2  1 -1 -2 -3 -4 -2 -1 *  0 -1 -2 -3 -3 -2 -2 -1  1  1  1  1  1	
 4848.624 -323.749
 -9 -2  9  5  3  3  2  0 -1 -1 -2 -6 -8 *  5  1-11 -7 -3 -2 -1 -2 -1  0  3  8  5	
  0  1  2  2  2  1  1  0 -1 -1  0 -1 -1 *  0 -2 -2 -2 -1 -1 -1 -1  0  0  1  1  1	
 4849.024 -327.270
  0 -1  0  0  0 -1 -2 -2 -1  0  1  1  0 *  1  0  1  1  0  0  0  0 -1 -1  0  1  1	
  0  0  0  0  0  0 -1 -1 -1 -1  0  1  1 *  0  0  0  0  0  0  0  0  0  0  0  0  0	
 4849.024 -325.350
 -2  0  0  2  4  3  2  1 -1 -2 -3 -2 -2 *  4 -1 -7 -9 -5 -3  0  4  9 12 11  7  5	
 -1  0  0  1  2  2  1  1  0 -2 -2 -2 -1 *  1 -2 -4 -4 -2 -1  0  2  5  6  6  5  3	
 4849.024 -324.710
 -4  0  3  8 10  9  6  1 -4 -8 -8 -6 -5 *  0  0 -2 -6 -6 -5 -3 -1  1  3  3  2  0	
 -2  0  3  5  5  5  3  1 -2 -4 -5 -5 -3 *  0 -1 -2 -3 -3 -3 -2 -1  1  1  1  1  0	
 4849.024 -324.069
 -1  1  6  9 10  9  6  2 -2 -6 -6 -5 -2 *  0 -1 -6 -5 -3 -2 -2 -1 -1  0  1  4  1	
 -1  1  4  5  5  5  3  1 -1 -3 -4 -3 -2 *  0 -1 -1 -2 -1 -1 -1 -1  0  0  0  0  0	
 4849.024 -323.430
  0  0  0 12 16 15 10  4 -4 -9 -8 -2  0 *  0  0  0  0  4  5  3  0 -1  0  3  3  0	
 -1  2  5  8  9  8  6  2 -2 -6 -6 -4 -2 *  0 -1  1  1  2  3  2  0 -1  0  0  2  1	
 4849.424 -327.590
  3  4  5  2 -2 -5 -7 -7 -7 -4  1  3  2 * -1 -3 -4 -3 -1  2  4  4  4  1 -1 -1 -1	
  2  3  3  2  0 -2 -3 -4 -4 -4 -2  0  1 * -1 -2 -2 -2 -1  0  2  2  3  2  1  0 -1	
 4849.424 -326.950
  3  4  6  5  1 -3 -5 -7 -7 -2  3  3  3 *  1  1  0 -1 -2 -1 -1 -1  0 -1  0  1  1	
  2  3  4  3  2  0 -2 -4 -4 -3 -1  1  2 *  0  0  0  0 -1 -1  0  0  0 -1 -1  0  0	
 4849.424 -326.310
  2  5  9  9  6  1 -3 -7 -8  0  4  2  2 *  0 -1 -2 -2 -3 -3 -2 -1  0  0  2  1  1	
  3  5  6  6  4  2 -1 -4 -5 -3  2  3  3 *  0  0 -1 -1 -1 -1 -1  0  0  0  0  1  1	
 4849.424 -325.670
 -3  3 11 14 13  9  3 -5-11-14-11 -8 -5 *  6  0 -5 -6 -7 -6 -4 -1  6 14 14 10  7	
  0  4  7  9  7  5  2 -2 -6 -8 -8 -5 -3 *  3  0 -2 -3 -3 -3 -2  0  3  6  9  8  5	
 4849.424 -325.030
 -9 -1 11 15 16 13  8  0 -9-16-17-15-11 *  5  0 -8-12-11-10 -6 -2  5 10 11  9  6	
 -5  1  7  9  9  7  5  1 -4 -9-11-10 -7 *  2  0 -4 -6 -6 -5 -3 -1  3  5  6  5  4	
 4849.424 -324.390
 -8 -1 11 16 18 16 10  2 -7-14-15-13 -9 * -1 -1 -3 -6 -6 -6 -4 -3 -1  0  0 -1 -1	
 -4  0  7 10 10  9  6  2 -3 -8 -9 -9 -6 * -1 -1 -2 -3 -3 -3 -2 -1 -1  0 -1 -1 -1	
 4849.424 -323.750
 -4  0  7 13 17 16 12  4 -3 -9 -9 -6 -4 * -3 -1  4  5  5  4  2  0 -2 -4 -4 -4 -4	
 -2  1  5  9  9  9  6  3 -1 -5 -6 -5 -4 * -2 -1  2  3  3  3  2  0 -1 -2 -3 -3 -2	
 4849.424 -323.109
 -2  3  7 12 16 16 12  5 -2 -8 -7 -6 -3 *  2 -2 -3  4  7  6  5  2  0 -1  0  2  2	
 -2  2  5  8  9  9  7  3 -1 -5 -5 -4 -3 *  0  0  0  3  4  3  3  1  1  0 -1  0  0	
 4849.824 -327.910
  2  3  3 -1 -4 -4 -5 -6 -7 -5 -2  0  1 * -1 -2 -4 -2  2  4  5  6  6  4  1 -1 -1	
  1  2  2  0 -2 -3 -3 -4 -4 -4 -3 -1  0 * -1 -2 -3 -2  0  2  3  3  4  3  2  1 -1	
 4849.824 -327.270
  5  7 10  8  4  0 -5 -9-11-11 -4  2  4 * -2 -3 -5 -6 -6 -3  0  2  3  1 -1 -2 -2	
  3  6  6  5  4  1 -2 -5 -7 -7 -6 -3  1 * -2 -2 -3 -4 -4 -3 -1  1  2  2  0 -1 -2	
 4849.824 -326.630
  3  5  6  7  6  3 -1 -5 -8 -8 -2  3  3 *  2  1 -1 -3 -5 -5 -4 -2 -1  0  0  2  2	
  3  4  5  4  4  3  0 -2 -4 -5 -4 -1  2 *  0  0  0 -1 -2 -2 -2 -1 -1  0  0 -1  0	
 4849.824 -325.990
 -2  3  8 11 11  8  3 -2 -8-13-11 -7 -4 *  4  1 -2 -4 -5 -6 -5 -2  2  7 11  9  5	
  1  4  6  7  6  5  3 -1 -4 -6 -7 -6 -2 *  3  0 -1 -2 -2 -2 -2 -1  1  3  5  6  5	
 4849.824 -325.350
 -7  0  9 13 14 11  6 -1 -8-14-15-12 -8 *  5  2 -3 -6 -7 -7 -6 -2  4 10 11  8  5	
 -3  2  6  8  8  6  4  0 -4 -7 -9 -8 -6 *  4  2 -2 -3 -4 -3 -2 -1  1  5  6  6  5	
 4849.824 -324.710
 -3  2  9 13 14 12  8  0 -7-11-10 -7 -4 * -1 -3 -8-12-13-13 -9 -3  4  4  3  2 -1	
 -1  2  6  8  8  7  4  1 -3 -6 -6 -5 -3 * -1 -2 -4 -7 -7 -6 -4 -2  2  2  1  0  0	
 4849.824 -324.070
 -4  0  5  8  9  8  5 -2 -6-10 -9 -8 -5 * -6 -1  0 -2 -3 -3 -4 -5 -8 -9-10 -8 -7	
 -3  1  6  5  5  5  3  0 -3 -6 -6 -6 -4 * -4  0  2 -1 -1 -2 -2 -3 -5 -6 -7 -6 -5	
 4849.824 -323.430
 -3  0  4  8 12 11  8  2 -3 -6 -5 -4 -3 * -3 -1  3  8  9  7  4  0 -3 -4 -5 -4 -3	
 -2  0  3  6  7  6  5  2 -1 -3 -4 -3 -2 * -2 -1  3  5  5  5  3  1 -1 -3 -4 -3 -3	
 4850.224 -328.230
 -1  2  6  9  7  3  0 -3 -7 -8 -7 -4 -2 * -1 -4 -6 -5  0  3  4  8  9  8  5  1 -1	
 -1  2  4  5  5  3  1 -2 -4 -5 -5 -4 -2 * -1 -3 -4 -4 -2  1  3  4  5  5  4  3  0	
 4850.224 -327.590
  0  4  8 11 11  7  2 -3 -8-10 -8 -4 -1 * -2 -2 -4 -6 -6 -4 -1  2  3  3  1 -1 -2	
  1  3  5  6  7  5  2 -1 -4 -6 -6 -4 -1 * -1 -2 -3 -3 -3 -3 -1  0  1  2  1  0 -1	
 4850.224 -326.950
  0  4  8 11 12 10  5 -1 -7-10 -8 -5 -1 *  1 -1 -2 -4 -6 -5 -4 -2  1  1  2  1  1	
  1  4  6  6  7  6  4  1 -3 -5 -5 -3 -1 * -1 -1 -2 -2 -2 -2 -2 -1  0  1  0  0  0	
 4850.224 -326.310
 -4  2  8 11 13 12  7  1 -6 -8 -9 -9 -5 *  6  3  0 -2 -4 -5 -5 -4 -1  2  6  8  6	
 -1  3  6  7  7  6  4  1 -2 -5 -4 -4 -3 *  3  2  0 -1 -1 -2 -2 -2 -1  0  1  3  4	
 4850.224 -325.670
 -2  1  9 13 15 13  8  1 -6 -3 -5 -5 -2 *  2  4  3  0 -2 -4 -5 -4 -2  4  5  3  2	
 -1  3  7  8  8  7  5  1 -3 -4 -1 -1 -2 *  5  5  2  0  0 -1 -1 -2 -1  0  3  3  5	
 4850.224 -325.030
  1  3  6 10 11 10  6  1 -2  1  0  0  0 * -2 -1  1 -1 -2 -4 -4 -3  0  2 -2 -2 -2	
  1  2  4  6  6  5  4  1 -2  0  1  2  1 * -1  2  2  0 -1 -1 -1 -1  0  1  0 -2 -1	
 4850.224 -323.750
 -4 -1  1 -4 -5 -4 -4 -4 -6 -9 -8 -7 -5 * -1 -1  0  1 -2 -3 -3 -3 -3 -1 -1  0 -1	
 -3  0  1 -2 -3 -2 -2 -3 -4 -5 -6 -5 -4 * -1  0  0  0 -1 -1 -2 -2 -1 -1 -1 -1 -1	
 4850.224 -323.110
 -4 -1  3  2  3  3  1 -2 -5 -7 -7 -6 -4 * -2 -1  1  5  8  6  2 -1 -2 -3 -3 -3 -3	
 -2  0  2  2  2  1  1 -1 -3 -5 -5 -4 -3 * -2 -1  1  3  4  4  3  2  0 -2 -2 -2 -2	
 4850.624 -328.550
-10 -2  9 20 27 23 14  2 -9-18-20-16-12 * -1 -2 -3 -3 -4 -3 -2  0  4  5  2  0 -1	
 -6 -1  5 10 14 13 10  4 -3 -8-12-12 -9 * -1 -2 -2 -1 -2 -2 -1  0  2  3  2  1  0	
 4850.624 -327.910
 -7 -1  7 17 25 23 16  6 -4-13-15-12 -8 * -2 -2 -3 -3 -3 -2 -1  1  2  2  0 -2 -2	
 -4  0  5  9 12 13 10  5  0 -6 -9 -9 -7 * -2 -2 -2 -2 -2 -1 -1  0  1  1  1  0 -2	
 4850.624 -327.270
 -6  0  8 15 22 21 15  7 -3-11-13 -9 -7 *  0 -1 -1 -1 -1 -2 -2 -1 -1 -1 -3 -1  0	
 -3  1  5  8 10 11  9  5  0 -4 -8 -8 -5 * -2 -2 -2 -1  0 -1 -1 -1  0  0 -1 -2 -2	
 4850.624 -326.630
 -2  1  8 14 20 19 14  6 -3-11 -9 -4 -3 *  1  1  1  1  1  0 -2 -2 -2 -3 -2  1  1	
  0  3  6  8  9 10  8  5  0 -4 -7 -6 -2 *  1  1  1  1  1  1  0  0 -1 -1 -2 -2  0	
 4850.624 -325.990
  3  3 10 16 21 20 15  6 -4-10  1  3  2 *  1  3  4  3  3  1 -1 -2 -2 -3  2  2  1	
  2  3  7  9 10 10  8  4 -1 -5 -5 -1  3 *  4  4  3  2  2  2  1  0 -1 -2 -2  0  3	
 4850.624 -325.350
  3  5 10 16 19 18 13  5 -5 -9  1  2  3 *  0  2  7  8  8  6  2 -1 -4 -3  1  0  0	
  3  4  7 10 10  9  7  3 -2 -6 -5  0  3 *  2  4  6  5  5  4  3  1 -1 -3 -2  1  2	
 4850.624 -324.710
  3  5 13 22 24 22 15  3 -9 -4  4  3  3 *  2  2  3  6  9  8  5  2 -2  1  3  2  2	
  3  4  9 13 14 12  8  2 -4 -5  0  3  3 *  1  2  4  4  4  5  4  2 -1 -1  1  2  2	
 4850.625 -324.070
 -7  0 10 14 11  8  5 -1-10-14-14-12 -9 *  9  1 -6 -2  1  2  2  3  7 13 15 15 11	
 -4  1  6  9  8  5  1 -2 -6 -9 -9 -8 -6 *  5  0 -3 -2 -1  1  2  2  4  8  9  9  7	
 4850.625 -323.430
 -6 -2  6  9  3 -1 -2 -6 -9-12-12 -9 -6 *  2 -1 -3  0  1 -1 -1 -1  0  3  3  3  2	
 -4  0  4  5  4  2 -2 -4 -6 -7 -8 -7 -5 *  0  0 -1 -1  0  1  1  0  1  2  2  2  1	
 4851.024 -328.870
-17 -8  5 20 31 30 22 11 -2-15-23-23-19 * -2 -3 -3 -1 -3 -3 -2 -1  0  1  0 -2 -2	
 -9 -3  3  9 15 16 13  7  1 -5-11-13-11 * -1 -2 -2 -1 -1 -1 -1 -1  0  1  1  0 -1	
 4851.024 -328.230
-16 -8  5 19 30 29 22 12  0-13-21-21-18 * -3 -3 -3 -1 -2 -2 -1 -1  1  1 -1 -3 -3	
 -8 -3  3  9 13 15 12  8  2 -4-10-12-10 * -2 -2 -2 -1  0 -1 -1  0  0  1  0 -1 -2	
 4851.024 -327.590
-14 -7  4 17 27 27 21 12  1-12-19-19-16 * -4 -3 -3  0  1  0  0  0  0 -1 -4 -4 -4	
 -8 -3  3  8 12 14 12  8  3 -3 -9-11-10 * -3 -3 -2 -1  1  0  0  0  0  0 -1 -2 -3	
 4851.024 -326.950
-12 -6  4 15 24 25 20 11  1-12-18-17-14 * -4 -2 -1  2  4  3  2  0 -1 -3 -6 -5 -4	
 -7 -3  3  8 11 12 11  7  2 -4 -9-10 -9 * -3 -2 -1  1  2  2  2  1  0 -1 -2 -4 -3	
 4851.024 -326.310
-11 -4  6 16 23 24 19 11  0-13-18-16-12 * -3 -1  2  4  7  6  3  1 -1 -4 -6 -5 -3	
 -6 -1  4  8 11 12 10  7  2 -4 -9-11 -9 * -2  0  1  2  3  4  3  2  0 -1 -4 -4 -3	
 4851.024 -325.670
 -9 -1 10 18 24 24 18  9 -3-17-19-15-11 *  0  2  5  7  9  8  5  2 -1 -4 -2 -1  0	
 -4  3  7 11 12 12 10  6  0 -7-11-11 -7 *  1  3  4  4  4  5  4  2  1 -2 -3 -2  0	
 4851.024 -325.030
-12 -3 11 19 23 24 18  8 -6-20-21-17-13 *  3  3  3  4  6  6  4  2  1  1  4  4  3	
 -6  1  7 11 12 12  9  5 -2 -9-13-12 -9 *  3  3  3  3  3  3  3  2  1  0  1  3  3	
 4851.024 -324.390
-15 -3 16 28 32 31 22  9-10-23-24-21-17 *  1  2  2  5  7  8  6  4  2  3  4  3  1	
 -7  0 10 16 18 16 12  6 -3-12-15-14-10 *  2  2  2  3  3  4  4  3  2  1  2  2  2	
 4851.024 -323.750
-12 -4 12 24 26 25 18  6-11-19-20-18-14 *  2  1 -1  1  5  7  6  5  2  4  4  3  2	
 -7 -1  7 14 15 14 10  4 -5-11-12-12 -9 *  1  1  0  0  1  2  3  3  2  2  2  2  2	
 4851.024 -323.110
 -8 -3  7 17 18 14 10  1-10-14-13-12 -9 *  1 -1 -3 -2  3  5  4  2  2  3  2  2  2	
 -5 -1  4 10 11 10  6  1 -4 -8 -9 -8 -6 *  0  0 -1 -1  0  1  2  2  2  2  2  1  1	
