Roscoff                  	
 4843.370 -358.780
  0  0  0  0  0  0  0  0  0  0  0  0  0 *  0  0  0 -1  0  0  0  0  0  0  0  0  0	
  0  0  0  0  0  0  0  0  0  0  0  0  0 *  0  0  0  0  0  0  0  0  0  0  0  0  0	
 4843.456 -358.845
  0  0  0 -1  0  0  0  0  0  1  0  0  0 *  0  0  0  1  0  0  0  0  0  0  0  0  0	
  0  0  0  0  0  0  0  0  0  1  1  0  0 *  0  0  1  0  0  0  0  0  0  0  0  0  0	
 4843.456 -358.715
  0  0  0 -4 -1 -1  0  0  1  2  2  0  0 *  1  1  0  0  1  1  0  0  0  2  4  0  0	
  0 -2 -2 -2 -1  0  0  0  0  1  2  1  0 *  0 -2 -1  0  1  0  0  0  0  1  1  2  0	
 4843.456 -358.585
  0  0  0 -3 -2 -1  0  0  0  1  0  0  0 *  0  0  0 -4 -2 -1  0  0  1  2  0  0  0	
  0  0  0 -2 -1 -1  0  0  0  1  0  0  0 *  0  0 -1 -2 -1 -1  0  0  0  1  1  0  0	
 4843.542 -358.910
  0  0  0  0  0  0  0  0  0  0  0  0  0 *  0  0  0  0  0  0  0  0  0  0  0  0  0	
  0  0  0  0  0  0  0  0  0  0  0  0  0 *  0  0  0  0  0  0  0  0  0  0  0  0  0	
 4843.542 -358.780
  0  0 -2  0  0  0  0  0  0  1  3  0  0 *  0  0  2  1  1  0  0  0  0  0  0  0  0	
 -1 -1  0  0  0  0  0  0  0  0  0  1  0 *  0  0  1  1  1  0  0  0  0  0  0  0  0	
 4843.542 -358.650
  1  1 -1  2  2  1  0  0  1  2  4  1  1 *  0  0 -1 -4 -1  0  1  1  2  4  3  1  0	
  0  0  0  1  1  1  0  0  1  1  1  1  0 * -1 -1 -2 -2 -1  0  0  1  1  2  2  1  0	
 4843.542 -358.520
  0  0  0  1  1  1  0  0  0 -1  0  0  0 *  0  0  0 -3 -2 -2  0  1  1  3  2  0  0	
  0  0  1  1  1  0  0  0  0  0  0  0  0 *  0 -1 -1 -1 -1 -1  0  0  1  1  1  1  0	
 4843.542 -358.390
  0  0  0 -1 -1 -1 -1  0  0 -1 -1  0  0 *  0  0 -1 -1 -1  0  0  0  0  2  2  0  0	
  0  0 -1 -1 -1 -1 -1  0 -1 -1 -1 -1  0 *  0 -1 -1 -1 -1  0  0  0  1  1  1  1  0	
 4843.542 -358.130
  0  0  0  0  0  0 -1 -1 -1  0  1  0  0 *  0  1  0  0  3  4  2  1 -1 -3 -2  0  0	
  0  0  0  0  0  0  0 -1 -1 -1  0  0  0 * -1 -1  0  1  2  3  3  3  1 -1 -1 -1 -1	
 4843.628 -358.975
  0  0  4 12 11  8  3 -6-11-11 -7 -1  0 *  0  0  0 -1 -1 -1 -1  0  0  1 -1  0  0	
  2  5  7  8  7  5  1 -5 -8 -7 -6 -4 -2 *  0  0 -1 -1  0  0  0  0  0  0  0  0  0	
 4843.628 -358.845
  0  0 11 20 16 11  3 -9-17-17-13  0  0 *  0  0  3  0  0  0  0  1  1  1 -2  0  0	
  6 11 13 13 10  7  2 -7-12-12-11 -8 -3 *  1  1  0  0  0  0  0  0  1  0  0 -1  0	
 4843.628 -358.715
  0  0  3 13 11  8  1 -7-13-12 -6  0  0 *  0  0  0 -3 -1  0  1  0  1  1  1  0  0	
  3  6  9  9  7  5  1 -5 -9 -8 -7 -5 -2 *  0 -1 -1 -1 -1  0  0  0  0  1  1  0  0	
 4843.628 -358.585
  0  0  0  9  8  6  0 -5-10 -7 -2  1  0 *  0  0 -2 -1  0  0  0 -1 -1  0  1  1  0	
  1  4  5  6  5  3  0 -4 -6 -5 -4 -2 -1 *  0  0  0  0  0  0  0 -1 -1  0  0  0  0	
 4843.628 -358.455
  0  0  0  7  7  4 -1 -4 -8 -6 -1  1  0 *  0  0 -1  0  1  1  1  0  0  1  1  1  0	
  1  2  4  5  4  3  0 -3 -5 -4 -2 -1  0 *  0  0  0  1  1  1  1  0  0  1  1  0  0	
 4843.628 -358.325
  0  0 -3  7  6  3 -1 -5 -8 -6  0  0  0 *  0  0 -1  2  1  1 -1 -3 -5 -4  0  0  0	
  1  2  3  5  4  2 -1 -3 -5 -4 -3 -1  0 *  1  1  1  2  1  1  0 -2 -3 -3 -1  0  0	
 4843.713 -359.040
  0  0  1 17 19 16  8 -9-18-16 -1  0  0 *  0  0 -3 -3 -2 -1  0  1  1  1 -1  0  0	
  2  5  9 11 11  8  3 -6-11-10 -5 -1  0 * -1 -2 -2 -2 -1 -1  0  1  1  0  0 -1 -1	
 4843.713 -358.910
  0  0  0 20 20 16  7-10-19-18 -7  0  0 *  0  0 -1 -1  0  0  1  0  0  0 -3  0  0	
  2  5 10 13 12  8  3 -7-13-12 -8 -4 -1 *  1  0 -1  0  0  0  0  0  0  0  0 -2 -1	
 4843.713 -358.780
  0  0 -2 14 16 13  6 -9-17-15 -5  0  0 *  0  0 -1  1  1  2  2  0  0  0  0  0  0	
  1  4  5 10  9  7  2 -6-11-10 -6 -3 -1 *  0  0  1  1  1  1  1  0  0  0 -1  0  0	
 4843.713 -358.650
  0  0 -1 12 14 12  5 -9-15-13 -6  0  0 *  0  0  0 -2  0  1  2  0  0  1  2  0  0	
  2  4  5  8  8  6  2 -6-10 -9 -6 -4 -1 * -1 -1 -1 -1  0  0  1  0  0  0  1  1  0	
 4843.713 -358.520
  0  0 -2  8 12 10  3 -9-14-10 -3  1  0 *  0 -1 -3 -1  1  1  2  0 -1  0  1  1  0	
  1  2  5  7  7  5  1 -5 -8 -7 -5 -3 -1 *  0  0  0  0  0  1  1 -1 -1 -1 -1  0  0	
 4843.713 -358.390
  0  0 -3  8 11  8  1-10-14 -9 -1  3  0 *  0  1  0  2  2  2  1  0  0  0  0  0  0	
  2  3  5  7  7  5  1 -6 -8 -7 -5 -2  0 *  0  1  2  1  1  1  1  0  0  0  0  0  0	
 4843.713 -358.260
  0  0 -1  7 10  6 -1-11-13 -7  0  1  0 *  0 -1 -4  1  1  2  0  2  2  1  0  0  0	
  2  3  4  6  6  4  0 -7 -8 -6 -3 -1  0 * -1 -1 -1  0  1  1  0  2  1  1  1  0  0	
 4843.713 -358.130
  1  1  0  4  7  3 -2 -8-10 -6 -1  1  0 * -1 -2 -2 -1  3  3  4  5  4  0 -3 -2 -1	
  1  2  3  4  5  3 -1 -4 -5 -4 -3 -1  0 * -2 -2 -2  0  1  2  2  3  3  2  0 -1 -1	
 4843.799 -358.975
  0  0  2 20 20 17  9 -9-18-16 -6  0  0 *  3  0  1  6  5  4  3  0  0  0  2  1  3	
  1  6 11 13 12  9  4 -6-11-10 -8 -5 -1 *  0  4  5  4  3  2  1  0 -1 -1  0  0  0	
 4843.799 -358.845
  0  0  3 18 19 16  8-10-17-13 -7  0  0 *  0  0 -1  1  1  2  2  1  1  2  2  0  0	
  2  4  9 12 11  8  3 -6-10 -9 -7 -4 -2 * -1 -1  0  1  1  1  1  1  1  1  0  1  1	
 4843.799 -358.715
  0  0  1 13 15 13  6 -9-14 -8 -2  0  0 *  0  0  1  1  2  3  3  1  1  1  1  0  0	
  1  3  6  9  9  6  2 -5 -7 -5 -3 -2  0 *  0  0  0  1  1  1  1  0  0  0  1  1  0	
 4843.799 -358.585
  0  0  2 10 14 12  5-11-17-11 -3  0  0 *  0  0 -2 -1  0  2  3  2  2  2  5  0  0	
  1  2  3  7  8  6  2 -6 -9 -6 -2 -2  0 * -1 -2 -1 -1  0  0  1  1  1  2  2  2  1	
 4843.799 -358.455
  0  0  1  4 11 10  4 -9-13 -8 -2  0  0 *  0  0 -3  2  2  3  4  1  0  0  2  1  0	
  0  1  1  3  5  4  1 -5 -7 -5 -3 -2 -1 * -1  1  1  1  1  1  1  0  0  0  0  0  0	
 4843.799 -358.325
  0  1  2  3  9  8  1 -8-10 -6 -2 -1  0 *  0  0 -2  1  1  2  3  3  3  2  1  0  0	
  1  2  2  3  4  3  1 -4 -5 -4 -3 -2 -1 * -1 -2 -1  0  0  0  1  2  2  2  1  1  0	
 4843.799 -358.195
  1  1  4  7  9  8 -1-11-14-10 -3  0  1 * -1 -1 -2 -2  1  3  3  5  5  2  0 -1  0	
  1  5  6  5  5  3  0 -6 -8 -7 -5 -3 -1 * -1 -2 -3  0  0  1  1  4  3  3  2  0  0	
