Roscoff                  	
 4845.690 -336.353
  1  1  1  1  0 -1 -1 -1 -2  0  1  1  1 * -1  0  2  4  7  7  5  3  0 -2 -3 -3 -2	
  1  1  0  0  0 -1 -1 -1 -1  0  1  1  1 * -2  0  2  3  4  4  3  2  0 -2 -3 -3 -2	
 4845.690 -336.143
  1  2  2  2  0 -1 -2 -2 -2  0  1  0  0 * -1  0  1  3  5  5  4  2  0 -2 -2 -2 -1	
  1  0  0  0  0 -1 -1 -1 -1  0  1  1  1 * -1  0  1  2  3  3  2  1  0 -1 -2 -2 -1	
 4845.690 -335.933
  1  2  3  2  0 -1 -2 -2 -2 -1  1  0  0 *  0  0  1  3  4  4  4  2  0 -1 -1 -1  0	
  0  0  1  0  0 -1 -1 -1 -1  0  1  0  0 *  0  1  1  2  2  2  2  1  0 -1 -1  0  0	
 4845.690 -335.723
  0  2  3  3  1  0 -1 -1 -1 -1  0 -1  0 *  0  1  2  3  4  4  4  2  0 -1 -1 -1 -1	
  0  0  1  1  0  0  0  0 -1  0  0  0  0 *  0  1  1  2  2  2  2  1  0 -1 -1  0  0	
 4845.690 -335.513
  0  2  3  2  2  1  0  0 -1 -2 -1 -1 -1 * -1  1  2  3  4  5  4  2 -1 -3 -3 -2 -1	
  0  0  1  1  1  0  0  0 -1 -1  0  0  0 *  0  1  1  2  2  2  2  1  0 -1 -2 -1 -1	
 4845.690 -335.303
 -1  1  2  2  2  1  0 -1 -1 -1 -1 -1 -1 * -1  1  2  3  4  5  4  1 -1 -3 -2 -1 -1	
  0  0  1  1  1  1  0  0 -1 -1  0  0  0 *  0  0  1  2  2  2  1  1 -1 -2 -2 -1 -1	
 4845.690 -335.093
  0  1  2  1  1  0  0 -1 -1  0 -1 -1 -1 *  0  0  1  2  2  1  0  0 -2 -1 -1 -1  0	
  0  0  1  1  1  0  0  0 -1  0  0  0  0 *  0  0  1  1  1  1  0  0 -1 -1 -1  0  0	
 4845.690 -334.883
  0  1  1  1  1  0 -1 -1 -1 -1 -1 -1 -1 *  0  0  1  1  1  0 -1 -1 -1 -1 -1 -1  0	
  0  0  0  0  0  0  0  0  0  0  0  0  0 *  0  0  1  1  1  0  0 -1 -1 -1  0  0  0	
 4845.830 -336.248
  1  1  1 -1 -2 -3 -3 -2 -2  1  2  1  1 *  0  0  2  6  8  8  7  4  0 -2 -2 -1 -1	
  1  0 -1 -1 -1 -2 -2 -1 -1  1  2  1  1 * -1  0  2  4  4  4  4  2  0 -2 -3 -3 -2	
 4845.830 -336.038
  0  2  2  1  0 -2 -2 -2 -2  0  0 -1  0 *  0  1  1  3  5  5  4  2  0 -1  0 -1  0	
  0  0  0  0  0 -1 -1 -1 -1  0  0 -1 -1 *  0  1  1  2  3  3  2  1  0 -1  0  0  0	
 4845.830 -335.828
  0  1  1  1  0 -1 -1 -1 -1  1  1  0  0 *  0  0  1  2  4  4  3  2  0 -1 -1 -1  0	
  0  0  0  0  0  0 -1 -1  0  0  0  0  0 *  0  1  1  2  2  2  2  1  0 -1 -1 -1  0	
 4845.830 -335.618
  0  1  2  2  1  0  0  0 -1  1  1  0  0 *  0  1  2  3  4  4  3  2  0 -1 -1 -1 -1	
  1  0  1  1  0  0  0  0  0  0  1  1  1 *  0  1  1  1  2  2  1  1  0 -1 -1 -1  0	
 4845.830 -335.408
  0  1  2  2  2  1  1  0  0  0 -1 -1  0 * -1  1  2  4  5  5  4  2 -2 -5 -4 -2 -1	
  0  0  1  1  1  1  0  0  0  0  0  0  0 *  0  1  1  2  2  2  2  1 -1 -2 -3 -2 -1	
 4845.830 -335.198
  0  1  1  1  1  1  1  1  1  0 -1 -1 -1 *  0  1  2  3  4  4  3  1 -1 -1 -1 -1 -1	
  0  0  0  0  0  0  0  0  0  1  0  0  0 *  0  1  1  2  2  2  1  0 -1 -1 -1 -1  0	
 4845.830 -334.988
  0  0  1  1  0  0  0  0  0  0  0 -1  0 *  0  0  1  2  1 -1 -1 -1 -1  0  0 -1  0	
  0  0  0  0  0  0  0  0  0  0  0  0  0 *  0  1  1  1  1  0  0 -1 -1 -1  0  0  0	
 4845.830 -334.778
  0  0  0  0  0  1  0  0  0  0  0  0  0 *  0  0  1  1  1  0 -1 -1 -2 -1 -1 -1 -1	
  0  0  0  0  0  0  0  0  0  0  0  0  0 *  0  0  1  1  1  0  0  0 -1 -1  0  0  0	
 4845.970 -336.353
  1  1  1  0 -1 -2 -2 -1 -1  1  1  1  1 *  1  1  2  5  7  8  6  3  0 -2 -1  0  1	
  1  1  0  0  0 -1 -1 -1 -1  0  1  1  1 * -1  1  2  3  4  4  3  2  0 -2 -2 -2 -1	
 4845.970 -336.143
  0  1  0 -1 -3 -4 -4 -2 -1  1  1  0  0 *  1  0  1  4  7  7  6  3  0 -1  0  1  1	
  0  0  0 -1 -2 -2 -2 -1 -1  1  1  1  1 *  0  1  1  2  4  4  3  2  0 -1 -1  0  0	
 4845.970 -335.933
  0  1  1 -2 -3 -4 -4 -2 -1  1  1  0  0 *  0  0  1  3  5  5  4  2  0 -1 -1  0  0	
  1  0 -1 -1 -2 -2 -2 -1  0  1  2  1  1 *  0  1  2  2  3  3  2  1  0 -1 -1 -1 -1	
 4845.970 -335.303
  0  0  0 -2 -3 -2 -1  0  2  0  0 -1  0 * -1  1  3  6  8  7  5  2 -3 -3 -1 -1 -1	
  0 -1 -1 -1 -1 -1 -1  0  1  1  0  0  0 *  0  1  2  3  4  4  2  1 -1 -2 -2 -1  0	
 4845.970 -335.093
  0  1  0 -1 -1  0  1  1  1  0  0  0  0 * -1  1  2  2  2  2  1  0  0  0  0  0 -1	
  0 -1  0 -1 -1  0  0  0  1  0  0  0  0 *  0  0  1  1  1  1  1  0  0  0  0  0  0	
 4845.970 -334.883
  0  0  0 -1 -1  0  1  1  1  0  0  0  0 *  0  0  0  1  1  0 -1 -1 -1  0  0  0  0	
  0  0  0  0  0  0  0  0  0  0  0  0  0 *  0  0  1  1  1  0  0  0 -1  0  0  0  0	
 4846.109 -336.248
  0  0  0  0 -2 -2 -2 -2  0  1  0  0  0 *  1  1  2  3  6  6  5  2 -1  0  0  1  1	
  0  0  0  0 -1 -1 -1 -1  0  1  1  1  0 *  1  1  2  2  3  3  2  1  0 -1 -1  0  0	
 4846.109 -335.408
  0 -1 -3 -6 -8 -8 -6 -3  0  0  0 -2  0 *  0  0  6 12 16 15 11  3 -7 -7 -6 -4  0	
 -1 -2 -3 -3 -4 -4 -3 -1  0  1  1  0  0 *  1  4  5  7  8  8  5  2 -3 -5 -4 -3  0	
 4846.250 -336.353
 -1  0  1  2  1  1  0  0 -2 -5 -4 -2 -1 *  1  3  5  8 11 10  8  3 -3 -6 -4 -1  1	
 -1  0  1  1  1  0  0  0 -1 -2 -3 -2 -1 *  0  2  4  5  6  5  4  2 -1 -4 -4 -3 -1	
 4846.250 -335.723
 -2  3  1 -6 -6 -5 -4 -3 -1  1  0 -4 -3 *  1 -3 -1  4  5  4  3  2  0 -1  0  3  2	
  0 -2 -3 -4 -4 -4 -3 -2  0  2  2  1  0 *  1  2  2  3  3  3  2  1  0 -1 -1 -1  0	
 4846.250 -335.513
 -2  3  2 -2 -3 -3 -3 -2 -1  1  0 -2 -2 *  0  2  2  4  8  9  7  3 -2 -1  0 -1 -1	
  0  0 -1 -2 -2 -2 -1 -1  0  1  0  0  0 *  0  0  1  2  3  4  3  1  0  0  0  0  0	
 4846.390 -336.248
  0  3  5  7  6  6  4  1 -4 -7 -6 -4 -1 *  0  2  5  8 11 10  8  3 -2 -4 -3 -2  0	
  0  2  3  3  3  3  2  0 -2 -4 -4 -3 -1 *  0  2  3  4  5  5  4  2 -1 -2 -2 -2 -1	
 4846.390 -336.038
  0  2  5  4  2  1  0 -1 -4 -6 -6 -3 -1 *  0  0  0  2  2  1  1  0 -1 -2 -1  0  0	
  0  2  2  1  1  0  0 -1 -2 -3 -4 -3 -1 *  0  0  1  1  1  1  1  0  0 -1 -1 -1  0	
 4846.390 -335.828
  1  2  4  2  0 -1 -1 -1 -3 -4 -4 -2  0 *  0  1  2  2  4  3  2  1 -1 -3 -2  0  0	
  0  1  1  1  0 -1 -1 -1 -2 -2 -3 -2 -1 *  0  1  1  2  2  2  1  1 -1 -2 -2 -1  0	
 4846.390 -335.618
  0  0  4  1 -1 -1 -1 -1 -2 -1 -1 -1  0 *  0  0  2  3  4  6  5  2 -3 -3 -1  1  0	
  0  1  0  0 -1 -1 -1 -1 -1  0  0  0  0 *  0  1  1  0  0  1  1  0 -2 -2 -2 -1  0	
 4846.390 -335.408
  0  0  0 -2 -1  1  1  0 -1  1  0  0  0 *  0  0  0  1  8  9  6  0 -6 -1  0  0  0	
  0  0  0 -1 -2 -2 -1  0  0  0  0  0  0 *  0  0  0  0  1  2  2 -1 -2  0  0  0  0	
 4846.390 -335.198
  0  0  0  2  4  1  0 -1 -1 -1 -2  0  0 *  0  0  0  4  4  1 -1 -3 -5 -5 -1  0  0	
  0  0  1  1  1  1  1  0 -1 -1 -1 -1  0 *  0  0  2  2  3  2  1 -1 -3 -3 -1 -1  0	
