Cherbourg                 	
 4929.434 -115.321
 -2 -1  0  2  3  3  1 -1 -2 -3 -4 -3 -2 *  3  2  0 -4 -6 -5 -1  1  2  5  6  6  3	
 -2 -1  0  1  2  2  1  1  0 -1 -2 -2 -2 *  2  1  0 -2 -3 -3 -2 -1  0  2  3  3  3	
 4929.434 -113.961
 -3 -3 -2  1  4  4  2  0 -1 -3 -4 -4 -4 *  6  5  3 -4 -9 -8 -3  0  1  5  8  9  6	
 -2 -2 -1  1  2  2  2  1  0 -1 -2 -2 -2 *  4  3  1 -2 -3 -4 -3 -2 -1  2  3  4  4	
 4929.434 -112.601
 -5 -4 -3  1  4  4  1  0 -2 -3 -5 -5 -5 *  7  7  4 -3-10 -9 -4 -1  1  5  9 10  8	
 -3 -2 -1  0  2  2  2  1  0 -1 -2 -2 -3 *  5  3  1 -2 -3 -4 -4 -3 -1  2  3  4  5	
 4929.434 -111.241
 -5 -4 -3  0  3  3  1 -1 -2 -4 -5 -5 -5 *  8  7  5 -3-11-10 -4 -1  1  6 10 11  9	
 -2 -2 -1  0  2  2  2  1  0 -1 -2 -2 -3 *  5  4  1 -2 -4 -5 -4 -3 -1  2  4  5  5	
 4929.434 -109.881
 -5 -4 -3  0  3  3  1 -1 -3 -5 -5 -5 -5 *  8  7  4 -5-12-11 -5 -2  0  6 11 12  9	
 -3 -2 -1  1  2  2  2  1  0 -1 -2 -3 -3 *  5  4  1 -2 -4 -5 -4 -3 -1  2  4  5  5	
 4929.434 -108.521
 -3 -3 -2  1  3  3  2  0 -2 -4 -4 -3 -4 *  7  6  4 -5-12-11 -5 -2 -1  5 10 11  8	
 -2 -2 -1  1  2  2  2  1  0 -1 -2 -2 -2 *  4  3  0 -3 -4 -5 -4 -3 -1  2  4  5  5	
 4929.434 -107.161
 -5 -4 -3  1  5  5  4  1 -1 -4 -6 -6 -6 *  8  7  4 -4-12-12 -7 -4 -2  4 10 12  8	
 -3 -3 -1  1  2  3  3  2  1 -1 -2 -3 -3 *  5  3  1 -2 -4 -5 -5 -3 -1  1  3  5  5	
 4929.434 -105.801
 -8 -6 -4  1  6  8  6  3 -1 -5 -7 -8 -8 *  9  7  5 -4-11-12 -8 -4 -3  4  9 12  9	
 -4 -4 -2  1  3  4  4  3  1 -1 -3 -4 -4 *  5  4  1 -2 -4 -5 -5 -3 -2  1  3  5  5	
 4929.434 -104.441
 -8 -7 -4  0  7 10  8  5  0 -4 -6 -8 -9 *  9  7  5 -3-10-12 -9 -5 -3  3  7 11 10	
 -4 -4 -2  0  3  4  4  3  1 -1 -3 -4 -4 *  5  4  1 -2 -4 -5 -5 -4 -2  1  3  5  5	
 4930.324 -116.001
 -1 -1  0  2  3  2  0 -1 -2 -3 -3 -3 -2 *  3  2  1 -4 -7 -5 -1  2  3  5  7  6  4	
 -1 -1  0  1  2  2  1  1  0 -1 -2 -2 -2 *  3  2  0 -2 -3 -3 -2 -1  0  2  3  3  3	
 4930.324 -114.641
 -3 -2 -2  1  3  2  0 -1 -2 -3 -4 -4 -3 *  6  5  3 -4-10 -8 -3  0  2  6  9 10  7	
 -2 -2 -1  0  1  2  1  1  0 -1 -1 -2 -2 *  4  3  1 -2 -4 -4 -4 -2  0  2  3  4  5	
 4930.324 -113.281
 -3 -3 -2  0  2  2  0 -1 -2 -3 -4 -4 -4 *  7  7  4 -3-10 -8 -3  0  1  6 10 11  8	
 -2 -2 -1  0  1  1  1  1  0 -1 -1 -2 -2 *  5  3  1 -2 -4 -4 -4 -2 -1  2  4  4  5	
 4930.324 -111.921
 -4 -3 -2  0  2  1  0 -2 -3 -4 -4 -4 -4 *  8  8  5 -4-11-10 -4 -1  1  6 11 12  9	
 -2 -2 -1  0  1  2  1  1  0 -1 -2 -2 -2 *  5  4  1 -2 -4 -5 -4 -3 -1  2  4  5  5	
 4930.324 -110.561
 -3 -2 -2  0  2  1  0 -2 -3 -4 -4 -3 -3 *  8  7  4 -5-13-11 -5 -2  0  6 12 13  9	
 -2 -2 -1  0  1  2  1  1  0 -1 -2 -2 -2 *  5  4  1 -3 -5 -5 -5 -3 -1  2  4  5  6	
 4930.324 -109.201
 -3 -2 -1  1  2  2  1 -1 -3 -4 -4 -3 -3 *  8  7  4 -6-14-13 -7 -3 -1  6 11 13  9	
 -2 -2 -1  1  2  2  2  1  0 -1 -2 -2 -2 *  5  3  0 -3 -5 -6 -5 -3 -1  2  4  5  6	
 4930.324 -107.841
 -5 -4 -2  1  5  5  3  1 -2 -4 -5 -5 -5 * 10  9  5 -5-15-15 -8 -4 -2  5 12 14 11	
 -3 -2 -1  1  2  3  3  2  1 -1 -2 -3 -3 *  6  4  1 -3 -5 -6 -6 -4 -2  2  4  6  6	
 4930.324 -106.481
 -6 -5 -3  1  5  6  4  1 -2 -5 -6 -7 -7 *  9  8  5 -4-13-14 -8 -4 -2  5 11 13 10	
 -4 -3 -2  1  3  3  3  2  1 -1 -2 -3 -4 *  6  4  1 -2 -4 -5 -5 -4 -2  2  4  5  6	
 4930.324 -105.121
 -8 -6 -4  1  6  7  5  2 -1 -5 -7 -8 -8 *  9  8  5 -4-13-14 -8 -5 -3  4 10 13 10	
 -4 -3 -2  1  3  4  4  3  1 -1 -3 -4 -4 *  6  4  1 -2 -4 -6 -5 -4 -2  2  4  5  6	
 4930.324 -103.761
 -8 -6 -4  1  7  8  6  3 -1 -5 -7 -8 -8 *  9  8  5 -4-12-14 -9 -5 -4  3  9 12 10	
 -4 -4 -2  1  3  4  4  3  1 -1 -3 -4 -5 *  6  4  1 -2 -4 -5 -5 -4 -2  2  4  5  6	
 4931.214 -116.681
 -1 -1  0  1  1  1 -1 -1 -2 -2 -2 -1 -1 *  2  2  0 -4 -6 -4  0  2  3  4  6  5  3	
 -1 -1  0  1  1  1  1  0  0 -1 -1 -1 -1 *  2  1  0 -2 -3 -3 -2 -1  0  2  3  3  3	
 4931.214 -115.321
 -2 -1 -1  0  1  0 -1 -1 -2 -2 -2 -2 -2 *  6  5  3 -3 -8 -6 -1  1  3  6  8  9  6	
 -1 -1 -1  0  1  1  1  0  0 -1 -1 -1 -1 *  4  3  1 -2 -3 -3 -3 -2  0  2  3  4  4	
 4931.214 -113.961
 -3 -2 -2  0  1  0 -1 -2 -3 -3 -3 -2 -3 *  8  7  4 -3-10 -8 -2  1  2  7 10 11  8	
 -1 -1 -1  0  1  1  1  0  0 -1 -1 -1 -1 *  5  3  1 -2 -4 -4 -4 -2  0  2  4  5  5	
 4931.214 -112.601
 -2 -1 -1  0 -1 -2 -2 -3 -3 -3 -2 -1 -2 *  8  8  4 -5-12-10 -4  0  2  7 12 13  9	
 -1 -1 -1  0  1  0  0  0 -1 -1 -1 -1 -1 *  5  4  1 -3 -5 -5 -4 -3  0  3  4  5  5	
 4931.214 -111.241
 -2 -1  0  0  0 -1 -2 -2 -4 -3 -2 -1 -2 *  9  8  5 -6-15-14 -6 -2  1  8 14 15 10	
 -1 -1  0  0  1  1  0  0 -1 -1 -1 -1 -1 *  6  4  0 -3 -6 -6 -5 -4 -1  3  5  6  6	
 4931.214 -109.881
 -3 -2 -1  1  3  2  0 -1 -3 -4 -4 -3 -3 *  8  7  4 -6-14-13 -7 -3  0  6 12 13  9	
 -2 -2 -1  1  2  2  2  1  0 -1 -2 -2 -2 *  5  3  0 -3 -5 -6 -5 -4 -1  2  4  6  6	
 4931.214 -108.521
 -4 -3 -2  1  4  3  2  0 -2 -4 -5 -5 -5 *  9  8  5 -5-15-14 -8 -4 -1  6 12 14 10	
 -3 -2 -1  0  2  2  2  1  0 -1 -2 -3 -3 *  6  4  1 -3 -5 -6 -6 -4 -2  2  4  6  6	
 4931.214 -107.161
 -5 -4 -3  1  4  4  3  0 -2 -5 -6 -6 -6 * 10  9  6 -5-15-15 -8 -4 -2  6 12 15 11	
 -3 -2 -1  1  2  3  3  2  1 -1 -2 -3 -3 *  6  4  1 -2 -5 -6 -6 -4 -2  2  4  6  6	
 4931.214 -105.801
 -6 -5 -3  1  5  5  3  1 -2 -5 -7 -7 -7 * 10  9  6 -5-16-16 -9 -5 -3  5 13 15 11	
 -4 -3 -1  1  3  3  3  2  1 -1 -3 -3 -4 *  6  4  1 -3 -5 -6 -6 -4 -2  2  4  6  6	
 4931.214 -104.441
 -7 -6 -4  1  7  7  5  2 -1 -5 -8 -8 -8 * 10  9  6 -5-15-16 -9 -6 -4  4 12 15 11	
 -4 -3 -2  1  3  4  4  3  1 -1 -3 -4 -4 *  6  5  1 -2 -5 -6 -6 -4 -2  2  4  6  6	
 4932.104 -117.361
 -1  0  0  0  0 -1 -1 -1 -1 -1 -1 -1 -1 *  2  2  1 -3 -4 -2  1  2  3  4  5  5  3	
 -1  0  0  0  0  0  0  0  0  0 -1 -1 -1 *  2  1  0 -1 -2 -2 -1  0  1  2  2  2  2	
 4932.104 -116.001
 -1 -1 -1 -1 -1 -2 -2 -1 -1 -1 -1  0 -1 *  5  4  2 -3 -7 -4  1  3  3  6  8  8  5	
  0 -1 -1  0  0  0  0  0  0  0  0  0  0 *  3  2  0 -2 -3 -3 -2 -1  1  2  3  4  4	
 4932.104 -114.641
 -1 -1 -1 -1 -2 -3 -2 -2 -2 -1  0  0 -1 *  7  6  4 -3 -9 -7 -1  2  3  7 10 10  8	
  0  0 -1  0  0  0  0 -1 -1 -1  0  0  0 *  5  3  1 -2 -4 -4 -3 -2  0  3  4  5  5	
 4932.104 -113.281
  0  0  0 -1 -3 -5 -3 -3 -3 -2  0  1  0 *  8  7  4 -5-12 -9 -3  1  3  8 12 13  9	
  0  0  0  0  0 -1 -1 -1 -1 -1  0  0  0 *  5  3  0 -3 -5 -5 -4 -2  0  3  5  5  5	
 4932.104 -111.921
  0  0  0  0 -2 -3 -3 -3 -3 -2  0  1  0 *  9  8  4 -7-16-14 -6 -1  1  8 14 15 10	
  0  0  0  0  0  0  0 -1 -1 -1 -1  0  0 *  6  4  0 -4 -6 -7 -6 -4 -1  3  5  6  6	
 4932.104 -110.561
 -3 -2 -1  1  2  0 -1 -2 -3 -4 -3 -2 -3 *  9  8  4 -6-16-14 -7 -3  0  8 14 15 10	
 -2 -1  0  1  1  1  1  1  0 -1 -2 -2 -2 *  6  4  1 -3 -6 -7 -6 -4 -1  2  5  6  7	
 4932.104 -109.201
 -4 -3 -2  1  3  2  1 -1 -3 -4 -4 -4 -4 * 11 10  6 -6-16-16 -9 -4 -1  7 14 16 12	
 -2 -2 -1  1  2  2  2  1  0 -1 -2 -2 -3 *  7  5  1 -3 -6 -7 -6 -4 -2  2  5  7  7	
 4932.104 -107.841
 -4 -3 -2  1  3  3  2  0 -3 -4 -5 -5 -5 * 12 11  6 -6-18-17-10 -5 -2  7 15 17 13	
 -2 -2 -1  1  2  2  2  1  0 -1 -2 -2 -3 *  7  5  1 -3 -6 -7 -7 -5 -2  2  5  7  7	
 4932.104 -106.481
 -5 -4 -2  1  4  4  2  0 -3 -5 -6 -5 -5 * 11 10  6 -6-17-17-10 -5 -3  6 14 16 12	
 -3 -2 -1  1  2  3  3  2  1 -1 -2 -3 -3 *  7  5  1 -3 -6 -7 -6 -5 -2  2  5  7  7	
 4932.104 -105.121
 -6 -5 -3  2  6  6  4  2 -1 -5 -7 -7 -7 * 11 10  6 -5-17-17-10 -6 -4  5 13 16 12	
 -4 -3 -1  1  3  4  4  3  1 -1 -3 -4 -4 *  7  5  1 -3 -6 -7 -6 -5 -2  2  5  6  7	
 4932.104 -103.761
 -8 -6 -4  2  8  8  6  3 -1 -6 -8 -9 -8 * 11 10  7 -5-16-17-11 -7 -5  4 13 16 12	
 -5 -4 -2  1  3  4  5  3  2 -1 -3 -4 -5 *  7  5  1 -2 -5 -7 -6 -5 -2  2  4  6  7	
 4932.994 -118.041
  0  0  0 -1 -1 -1  0  0  0  0  0  1  0 *  2  1  0 -2 -3  0  2  2  2  3  4  3  2	
  0  0  0  0  0  0  0  0  0  0  0  0  0 *  1  1  0 -1 -2 -1 -1  0  1  2  2  2  2	
 4932.994 -116.681
  0  1  0 -2 -3 -3 -1  0  0  0  1  2  1 *  3  3  1 -3 -4 -1  3  3  4  5  6  6  4	
  0  0  0 -1 -1 -1 -1 -1  0  0  0  1  1 *  3  2  0 -1 -2 -2 -1  0  1  2  3  3  3	
 4932.994 -115.321
  1  1  0 -2 -5 -5 -3 -1 -1  1  3  3  1 *  6  5  3 -4 -7 -4  1  3  4  7  9  9  7	
  1  0  0 -1 -1 -2 -2 -1 -1  0  1  1  1 *  4  3  0 -2 -3 -3 -2 -1  1  3  4  4  4	
 4932.994 -113.961
  2  2  1 -2 -6 -6 -3 -2 -1  1  3  4  2 *  8  7  4 -5-11 -8 -1  3  4  8 12 12  9	
  1  1  0 -1 -2 -2 -2 -2 -1  0  1  1  1 *  5  3  0 -3 -5 -5 -4 -2  1  3  5  5  5	
 4932.994 -112.601
  2  2  1 -2 -5 -6 -3 -2 -2  0  2  4  2 *  8  7  4 -7-15-12 -4  1  3  9 14 14  9	
  1  1  0 -1 -1 -1 -1 -1 -1  0  0  1  1 *  5  3  0 -4 -6 -6 -5 -3  0  3  5  6  6	
 4932.994 -111.241
 -1  0  0  0 -1 -3 -2 -2 -3 -2 -1  0 -1 * 10  8  4 -7-17-15 -7 -2  1  9 15 16 11	
  0  0  0  0  0  0  0  0 -1 -1 -1 -1 -1 *  7  4  1 -3 -6 -7 -6 -4 -1  3  5  7  7	
 4932.994 -109.881
 -3 -2 -1  1  1  0  0 -1 -3 -4 -3 -3 -3 * 11 10  5 -7-18-17 -9 -4  0  9 16 17 12	
 -2 -1 -1  0  1  1  1  1  0 -1 -2 -2 -2 *  7  5  1 -3 -6 -7 -7 -5 -2  3  5  7  8	
 4932.994 -108.521
 -4 -3 -2  1  3  2  1 -1 -3 -4 -4 -4 -4 * 12 10  6 -6-18-18-10 -5 -2  8 15 17 13	
 -2 -2 -1  1  2  2  2  1  0 -1 -2 -2 -2 *  7  5  1 -3 -6 -7 -7 -5 -2  2  5  7  8	
 4932.994 -107.161
 -5 -4 -2  1  4  4  2  0 -3 -5 -5 -5 -5 * 11 10  6 -6-17-17-10 -5 -3  7 14 17 12	
 -3 -2 -1  1  2  3  3  2  1 -1 -2 -3 -3 *  7  5  1 -3 -6 -7 -7 -5 -2  2  5  7  7	
 4932.994 -105.801
 -7 -5 -3  2  6  6  4  2 -2 -5 -7 -7 -7 * 11 10  6 -5-16-17-10 -6 -4  5 13 16 12	
 -4 -3 -1  1  3  4  4  3  1 -1 -3 -4 -4 *  7  5  1 -3 -5 -7 -6 -5 -2  2  4  6  7	
 4932.994 -104.441
 -7 -6 -3  2  7  7  5  3 -1 -5 -8 -8 -8 * 10  9  6 -5-15-16-10 -6 -4  4 12 15 11	
 -4 -3 -2  1  3  4  4  3  1 -1 -3 -4 -4 *  6  5  1 -2 -5 -6 -6 -5 -2  2  4  6  7	
 4933.884 -117.361
  1  1  0 -2 -3 -2  1  1  1  2  3  3  1 *  2  1  1 -2 -1  1  3  3  3  3  4  3  2	
  1  0  0 -1 -1 -1 -1  0  0  1  1  1  1 *  1  1  0 -1 -1 -1  0  1  1  2  2  2  2	
 4933.884 -116.001
  3  2  1 -4 -6 -3  1  2  2  4  5  5  3 *  3  3  1 -2 -3  1  4  4  4  5  6  5  3	
  2  1  0 -2 -2 -2 -2 -1  1  2  2  2  2 *  2  1  0 -1 -2 -2 -1  1  2  2  3  3  3	
 4933.884 -114.641
  4  4  2 -4 -9 -7 -2  1  1  4  7  8  5 *  6  5  3 -5 -8 -4  2  4  5  8 10 10  7	
  3  2  0 -2 -3 -3 -3 -2  0  2  3  3  3 *  4  2  0 -3 -4 -4 -2  0  2  4  4  5  4	
 4933.884 -113.281
  4  4  2 -3 -9 -8 -3  0  0  3  6  7  4 *  8  7  3 -7-14-10 -2  3  5 10 13 13  8	
  2  1  0 -1 -2 -3 -3 -2 -1  1  2  2  3 *  5  3  0 -4 -5 -6 -5 -2  0  4  5  6  5	
 4933.884 -111.921
  1  1  1 -1 -4 -4 -2 -1 -2  0  2  3  1 *  9  8  4 -7-16-14 -5  0  3 10 15 15 10	
  1  0  0 -1 -1 -1 -1 -1 -1  0  0  1  1 *  6  4  0 -4 -6 -7 -6 -4 -1  3  5  7  7	
 4933.884 -110.561
 -1  0  0 -1 -2 -2 -1 -2 -3 -2  0  1 -1 * 11 10  5 -7-18-18 -9 -3  1  9 16 17 12	
  0 -1 -1  0  0  0  0  0  0  0  0  0  0 *  7  5  1 -4 -6 -8 -7 -5 -2  3  6  7  8	
 4933.884 -109.201
 -3 -2 -1  0  1  1  0 -1 -3 -4 -3 -2 -3 * 13 11  6 -7-19-19-10 -4 -1  9 17 19 14	
 -2 -2 -1  0  1  2  1  1  0 -1 -1 -2 -2 *  8  6  1 -3 -7 -8 -8 -6 -2  3  6  8  8	
 4933.884 -107.841
 -5 -4 -2  1  4  3  2  0 -3 -5 -5 -5 -5 * 13 11  6 -7-19-19-11 -6 -2  8 17 19 14	
 -3 -2 -1  1  2  3  2  2  0 -1 -2 -3 -3 *  8  5  1 -3 -7 -8 -8 -6 -2  2  6  8  8	
 4933.884 -106.481
 -6 -5 -3  2  5  5  4  1 -2 -5 -6 -7 -6 * 13 11  7 -6-19-19-12 -7 -4  7 16 19 14	
 -4 -3 -1  1  3  3  3  2  1 -1 -2 -3 -4 *  8  6  1 -3 -6 -8 -7 -6 -3  2  5  7  8	
 4933.884 -105.121
 -7 -6 -3  2  7  7  5  2 -1 -6 -7 -8 -8 * 13 11  7 -6-19-20-12 -8 -5  5 15 18 14	
 -4 -3 -2  1  3  4  4  3  1 -1 -3 -4 -4 *  8  6  2 -3 -6 -8 -7 -6 -3  2  5  7  8	
 4933.884 -103.761
 -9 -7 -4  2  8  9  7  4  0 -6 -9 -9 -9 * 12 11  7 -5-18-19-12 -8 -6  4 14 17 13	
 -5 -4 -2  1  3  5  5  4  2 -1 -3 -4 -5 *  7  5  2 -3 -6 -7 -7 -6 -3  1  5  7  8	
 4934.774 -116.681
  2  2  0 -3 -2  2  4  4  3  4  6  5  2 * -1 -1  0  1  1  1  0  0  0  0 -1 -1 -1	
  2  1 -1 -2 -1 -1  1  2  2  3  3  3  2 *  0  0  0  0  0  0  0  0  0  0  0  0  0	
 4934.774 -115.321
  5  4  1 -6 -5  2  6  6  5  8 10  9  5 *  5  4  1 -6 -4  4  8  7  6  9 11  9  5	
  4  2 -1 -3 -3 -2  0  2  3  4  5  4  4 *  4  2 -1 -4 -4 -2  0  3  4  5  5  5  4	
 4934.774 -113.961
  7  6  3 -7-10 -4  3  6  5  8 12 12  7 *  7  6  2 -8-11 -5  5  7  7 11 13 12  7	
  5  3  0 -4 -5 -4 -2  0  2  4  5  5  5 *  5  3 -1 -4 -5 -5 -3  0  3  5  6  6  5	
 4934.774 -112.601
  4  3  2 -3 -8 -5 -1  1  1  4  7  7  4 * 11  9  4 -9-18-14 -3  3  6 13 18 17 12	
  2  1  0 -2 -2 -3 -2 -1  0  2  2  3  3 *  7  5  0 -4 -7 -8 -6 -3  0  5  7  8  8	
 4934.774 -111.241
  1  1  1 -2 -5 -3 -1  0 -1  1  3  4  2 * 13 11  6 -9-21-19 -8 -1  3 12 19 20 14	
  1  0  0 -1 -1 -1 -1 -1  0  0  1  1  1 *  8  6  1 -4 -8 -9 -8 -5 -1  4  7  9  9	
 4934.774 -109.881
 -1 -1  0  0 -1 -1  0 -1 -2 -2  0  1 -1 * 14 12  6 -8-23-22-11 -4  1 12 20 21 15	
  0 -1 -1  0  0  0  0  0  0  0  0  0 -1 *  9  6  1 -4 -8-10 -9 -6 -2  3  7  9  9	
 4934.774 -108.521
 -4 -3 -2  1  3  3  2  0 -3 -4 -4 -4 -5 * 14 12  7 -7-21-21-12 -6 -2 10 19 21 16	
 -3 -2 -1  0  2  2  2  1  0 -1 -2 -2 -3 *  9  6  2 -4 -7 -9 -8 -6 -3  3  6  9  9	
 4934.774 -107.161
 -6 -5 -3  2  5  6  4  1 -2 -5 -7 -7 -7 * 14 12  7 -7-21-21-13 -7 -3  8 18 20 15	
 -4 -3 -2  1  3  3  3  2  1 -1 -2 -3 -4 *  9  6  2 -4 -7 -9 -8 -6 -3  2  6  8  9	
 4934.774 -105.801
 -7 -6 -3  2  7  7  5  2 -1 -6 -8 -8 -8 * 13 12  7 -6-20-21-13 -8 -5  6 16 19 14	
 -4 -3 -2  1  3  4  4  3  1 -1 -3 -4 -4 *  8  6  2 -3 -7 -8 -8 -6 -3  2  5  8  8	
 4934.774 -104.441
 -9 -7 -4  2  8  9  7  4  0 -6 -9 -9 -9 * 13 11  7 -5-18-20-13 -9 -6  5 14 18 14	
 -5 -4 -2  1  3  5  5  4  2 -1 -3 -5 -5 *  8  6  2 -3 -6 -8 -7 -6 -3  1  5  7  8	
 4935.664 -114.641
  5  4  1-10 -9  0  7  7  6  9 11 10  5 *  7  6  1 -7 -2  4  9  9  8 11 14 12  7	
  4  2 -2 -5 -6 -4 -1  2  4  5  5  5  4 *  5  3 -1 -4 -3 -1  1  3  5  6  7  6  6	
 4935.664 -113.281
  3  3  1 -6 -7 -1  5  6  5  8 10  8  4 * 10  8  3-11-16 -9  3  8  9 15 18 16 10	
  3  1 -1 -3 -4 -3 -1  1  3  4  4  4  3 *  7  4 -1 -6 -8 -7 -5 -1  3  7  8  8  8	
 4935.664 -111.921
  4  3  2 -3 -7 -4  1  2  2  5  7  8  4 * 17 14  7-13-27-21 -6  4  8 19 27 26 18	
  3  2  0 -2 -3 -3 -2 -1  0  2  3  3  3 * 11  7  1 -7-11-12 -9 -5  0  7 11 12 12	
 4935.664 -110.561
  0  0  0  0 -1 -1  0  0 -1  0  2  2  1 * 18 15  8-11-28-25-11 -2  4 17 26 27 20	
  0  0  0  0  0  0  0  0  0  0  0  0  0 * 11  8  1 -6-10-12-11 -7 -2  5  9 12 12	
 4935.664 -109.201
 -4 -3 -1  1  3  3  1  0 -2 -4 -3 -3 -4 * 17 14  8 -9-25-24-13 -5  0 13 23 24 18	
 -2 -2 -1  1  2  2  2  1  0 -1 -1 -2 -2 * 10  7  2 -4 -9-11-10 -7 -3  4  8 10 11	
 4935.664 -107.841
 -6 -5 -3  2  5  5  3  0 -3 -6 -6 -6 -6 * 17 14  8 -8-24-24-14 -7 -3 11 21 24 18	
 -3 -3 -1  1  3  3  3  2  1 -1 -2 -3 -4 * 10  7  2 -4 -8-10-10 -7 -3  3  7 10 11	
 4935.664 -106.481
 -8 -7 -4  2  8  8  5  2 -2 -6 -8 -9 -8 * 16 14  8 -7-22-24-15 -9 -5  8 19 22 17	
 -5 -4 -2  1  3  4  4  3  1 -1 -3 -4 -5 * 10  7  2 -3 -7-10 -9 -7 -4  2  6  9 10	
 4935.664 -105.121
-10 -8 -5  2  9 10  7  4 -1 -6 -9-10-10 * 14 13  8 -6-20-22-15-10 -6  6 16 20 15	
 -5 -4 -2  1  4  5  5  4  2 -1 -3 -5 -6 *  9  6  2 -3 -7 -9 -8 -7 -4  2  5  8  9	
 4935.664 -103.761
-11 -9 -6  2 10 12  9  5  1 -6-10-12-12 * 13 12  7 -5-19-21-14-10 -7  4 14 18 14	
 -6 -5 -3  1  4  6  6  5  2 -1 -3 -5 -6 *  8  6  2 -3 -6 -8 -8 -6 -3  1  5  7  8	
 4936.554 -112.601
  5  4  2 -4 -4 -2  1  4  3  6  8  9  5 * 17 14  4-21-29-16  4 13 15 26 32 28 18	
  3  2  1 -2 -2 -1 -1  0  1  3  4  4  4 * 12  7 -2-11-14-13 -8 -2  5 12 14 14 13	
 4936.554 -111.241
  0  0  1  2  1  0  0 -1 -1 -1  1  2  1 * 18 15  7-14-31-24 -7  3  9 21 29 28 20	
  0  0  1  1  1  1  1  0  0  0  0  0  0 * 12  8  1 -7-12-13-11 -6  0  7 11 13 13	
 4936.554 -109.881
 -3 -3 -1  2  4  3  1 -1 -3 -4 -4 -3 -3 * 20 17  9-11-29-27-12 -3  3 18 28 29 21	
 -2 -1  0  1  2  2  2  1  0 -1 -2 -2 -2 * 12  8  2 -5-11-13-11 -8 -2  5 10 12 13	
 4936.554 -108.521
 -6 -5 -3  2  7  6  3  0 -3 -6 -7 -7 -7 * 19 16  9 -9-26-26-15 -7 -1 14 24 27 20	
 -4 -3 -1  1  3  4  4  2  1 -2 -3 -4 -4 * 11  8  2 -4 -9-11-11 -8 -3  4  8 11 12	
 4936.554 -107.161
 -9 -8 -4  3  9  9  6  2 -2 -7 -9-10-10 * 17 15  9 -7-24-25-16-10 -5 10 21 24 19	
 -5 -4 -2  1  4  5  5  4  1 -2 -3 -5 -5 * 11  8  2 -4 -8-10-10 -8 -4  2  7 10 11	
 4936.554 -105.801
-11 -9 -5  2 10 11  8  4 -1 -7-10-12-11 * 16 14  8 -6-22-24-16-11 -6  7 18 22 17	
 -6 -5 -2  1  4  6  6  4  2 -1 -4 -5 -6 * 10  7  2 -3 -7-10 -9 -7 -4  2  6  9 10	
 4936.554 -104.441
-12-10 -6  2 10 12  9  5  1 -7-11-13-12 * 15 13  8 -6-20-23-16-11 -8  5 16 20 16	
 -6 -5 -3  1  4  6  6  5  2 -1 -4 -6 -7 *  9  7  2 -3 -7 -9 -9 -7 -4  1  5  8  9	
 4937.444 -113.281
  1  0  2  4  3  0 -3 -3 -2 -2 -2  0  1 *  5  5 -5-19-22 -9 10 12 13 19 20 12  5	
  0  1  2  2  2  1  0 -1 -2 -2 -2 -1 -1 *  5  0 -7-12-12-10 -5  1  8 10 10  8  7	
 4937.444 -111.921
 -2 -2  0  4  6  2 -2 -3 -4 -5 -4 -3 -3 * 21 17  7-19-33-21 -1 10 15 28 35 32 23	
 -2 -1  1  2  3  3  2  0 -1 -2 -3 -2 -2 * 14  9  0-10-15-15-11 -5  3 11 15 16 16	
 4937.444 -110.561
 -5 -5 -2  3  6  4  1 -1 -3 -6 -7 -6 -6 * 22 18 10-11-30-27-11  0  6 21 31 31 23	
 -3 -2 -1  1  3  3  3  1 -1 -2 -3 -3 -3 * 13  9  2 -6-11-14-12 -8 -2  6 11 14 14	
 4937.444 -109.201
 -8 -7 -4  3  8  7  3  0 -3 -7 -9 -9 -9 * 20 17  9 -9-27-27-15 -6  0 15 26 28 22	
 -5 -4 -1  1  4  5  4  2  0 -2 -4 -5 -5 * 12  9  3 -4-10-12-11 -8 -3  4  9 12 13	
 4937.444 -107.841
-10 -8 -5  3 10 10  6  2 -2 -8-10-11-10 * 18 15  9 -7-24-26-17 -9 -4 11 22 25 19	
 -6 -4 -2  1  4  5  5  4  1 -2 -4 -5 -6 * 11  8  3 -3 -8-11-10 -8 -4  3  7 10 11	
 4937.444 -106.481
-12-10 -6  3 11 12  8  4  0 -7-11-13-12 * 18 15  9 -7-23-26-17-11 -6  8 20 24 19	
 -6 -5 -2  1  4  6  6  4  2 -2 -4 -6 -7 * 10  8  3 -3 -8-10-10 -8 -4  2  6  9 11	
 4937.444 -105.121
-12-11 -6  3 11 13 10  6  1 -7-12-13-13 * 16 14  9 -6-21-24-17-12 -8  6 17 22 17	
 -7 -6 -3  1  5  6  7  5  2 -1 -4 -6 -7 * 10  7  2 -3 -7 -9 -9 -8 -4  2  5  8 10	
 4937.444 -103.761
-14-12 -7  2 12 15 12  8  2 -6-12-15-14 * 15 13  8 -5-20-22-16-12 -9  4 15 20 16	
 -8 -6 -3  1  5  7  7  6  3 -1 -4 -7 -8 *  9  7  2 -3 -6 -9 -9 -7 -4  1  5  8  9	
 4938.334 -113.961
 -2 -2  1  3  3 -1 -4 -3 -3 -4 -4 -3 -2 *  1  2 -5-12-10  0 12 11 10 13 12  6  2	
 -1  0  1  2  2  1  0 -2 -3 -3 -3 -2 -2 *  3  0 -5 -8 -7 -5 -1  4  8  8  7  6  4	
 4938.334 -112.601
 -7 -6 -3  5  6  2 -3 -5 -6 -9-10 -9 -7 * 14 12  3-17-24-12  4 12 15 24 27 22 15	
 -4 -3 -1  2  4  3  1 -1 -3 -4 -5 -5 -5 * 10  6 -2 -9-13-12 -7 -1  5 11 13 13 12	
 4938.334 -111.241
 -8 -6 -3  3  7  4  1 -2 -4 -8 -9 -9 -8 * 21 18  9-12-30-25 -9  2  9 23 31 31 23	
 -4 -3 -1  1  3  4  3  1 -1 -3 -4 -5 -5 * 13  9  2 -6-12-14-12 -7 -1  7 11 14 14	
 4938.334 -109.881
-10 -8 -5  3 10  8  4  0 -3 -9-11-12-10 * 21 18 10-10-28-28-15 -6  2 18 28 30 23	
 -6 -4 -2  1  4  5  4  2  0 -3 -5 -6 -6 * 13  9  3 -5-10-13-12 -9 -3  5 10 13 14	
 4938.334 -108.521
-12-10 -5  3 11 11  7  3 -2 -9-12-13-12 * 20 17 10 -8-26-29-18-10 -3 13 25 28 22	
 -6 -5 -2  1  5  6  5  4  1 -3 -5 -6 -7 * 12  9  3 -4 -9-12-12 -9 -4  3  8 12 13	
 4938.334 -107.161
-13-11 -6  3 12 13  9  5  0 -8-12-14-13 * 19 16 10 -7-24-28-19-12 -7  9 21 25 20	
 -7 -6 -3  1  5  6  6  5  2 -2 -5 -6 -7 * 11  8  3 -3 -8-11-11 -9 -5  2  7 10 11	
 4938.334 -105.801
-14-12 -7  3 13 15 11  7  2 -7-13-15-15 * 18 15  9 -6-23-26-19-13 -9  6 19 24 19	
 -8 -6 -3  1  5  7  7  6  3 -2 -5 -7 -8 * 10  8  3 -3 -8-10-10 -8 -5  2  6  9 11	
 4938.334 -104.441
-15-12 -8  3 13 15 12  8  3 -7-13-16-15 * 16 14  9 -5-21-24-18-13 -9  4 17 22 17	
 -8 -6 -3  1  5  7  8  6  3 -2 -5 -7 -8 * 10  7  3 -3 -7 -9 -9 -8 -5  1  5  8 10	
 4939.224 -113.281
 -9 -7 -3  6  5  1 -3 -5 -7-10-12-11 -9 * 16 14  4-20-25 -9 10 16 18 27 31 25 18	
 -5 -3  0  3  4  2  0 -2 -3 -5 -6 -6 -6 * 12  7 -1-11-14-12 -6  1  8 14 16 15 14	
 4939.224 -111.921
-11 -9 -5  5 10  7  2 -2 -5-11-14-14-12 * 25 21 10-16-36-27 -8  5 14 29 37 35 27	
 -6 -5 -2  2  5  5  3  1 -1 -4 -6 -7 -7 * 16 11  2 -8-15-17-14 -8  0 10 15 17 17	
 4939.224 -110.561
-11 -9 -5  4 10  9  5  1 -3 -9-12-13-12 * 23 19 10-11-31-30-15 -5  4 21 31 32 25	
 -6 -5 -2  2  4  5  4  2  0 -3 -5 -6 -7 * 14 10  3 -5-11-15-14-10 -3  6 11 14 15	
 4939.224 -109.201
-13-11 -6  4 12 13  9  5  0 -9-13-15-14 * 22 19 10 -8-28-31-20-11 -4 14 26 29 24	
 -7 -6 -2  2  5  6  6  4  1 -3 -5 -7 -8 * 13 10  3 -4-10-13-13-10 -5  3  9 12 14	
 4939.224 -107.841
-15-12 -7  3 14 16 12  8  2 -8-14-16-15 * 21 18 10 -7-25-30-22-14 -7  9 23 28 23	
 -8 -6 -3  2  5  7  7  5  2 -2 -5 -7 -8 * 12  9  3 -4 -9-12-12-10 -5  2  7 11 12	
 4939.224 -106.481
-16-13 -8  3 15 17 14 10  4 -7-14-17-16 * 20 17 10 -6-24-29-22-15 -9  6 20 26 22	
 -8 -7 -3  1  5  8  8  6  3 -2 -5 -7 -8 * 11  8  3 -3 -8-11-11 -9 -5  2  6 10 11	
 4939.224 -105.121
-16-14 -8  3 15 18 15 11  4 -7-14-17-17 * 18 16 10 -5-22-26-20-15-10  5 18 23 19	
 -9 -7 -3  1  6  8  8  7  3 -2 -5 -8 -9 * 10  8  3 -3 -7-10-10 -9 -5  1  5  9 10	
 4939.224 -103.761
-16-14 -8  3 14 17 15 11  5 -6-13-17-17 * 16 14  9 -5-21-24-18-14-11  3 16 21 17	
 -9 -7 -3  1  6  8  8  7  4 -1 -5 -7 -9 *  9  7  3 -3 -7 -9 -9 -8 -5  1  5  8 10	
 4940.114 -133.002
 -9 -4  5  7  6  5  3  0 -4  2  3 -2 -2 *  5  1 -4-10-11 -7 -2 -1 -1  1 -3  0  1	
  0  2  3  4  4  4  1 -1 -4 -1 -1-17-15 * -2 -2 -3 -4 -7 -7 -5 -3 -1  2 -9-11 -8	
 4940.114 -131.642
  1  3  6  9 10 10  8  5  0 -7 -8 -4  0 * -1  0  1  2  2  2  2  1 -1 -2 -3 -3 -1	
 -1  2  3  5  5  5  5  3  0 -3 -4 -4 -2 * -2 -1  1  2  2  1  0  0 -1 -1 -1 -2 -2	
 4940.114 -130.282
  1  2  4  6  6  6  5  3  0 -5 -4 -1  1 *  2  3  4  4  4  3  2  1 -1 -4 -3  0  2	
  1  2  3  4  4  3  2  1 -1 -2 -3 -2  0 *  0  1  3  3  3  2  2  1 -1 -2 -2 -2  0	
 4940.114 -113.961
 -8 -7 -1  6  0 -6 -7 -6 -7-11-13-11 -9 * 15 12  3-17-17 -3 13 16 17 25 27 22 16	
 -5 -3  1  4  2 -1 -3 -5 -6 -7 -7 -7 -6 * 11  6 -1-10-12 -8 -2  4  9 13 14 14 12	
 4940.114 -112.601
-13-11 -5  8 11  7  0 -5 -8-14-17-16-14 * 24 20  9-15-33-23 -5  9 16 29 35 33 25	
 -8 -5 -1  4  6  5  3  0 -3 -7 -8 -9 -8 * 15 10  2 -8-15-16-12 -6  2 11 15 17 17	
 4940.114 -111.241
-15-13 -6  6 15 14  8  2 -4-13-18-19-16 * 26 22 11-12-36-33-18 -5  6 24 34 35 28	
 -9 -6 -2  3  7  8  6  4  0 -5 -7 -9 -9 * 16 11  3 -6-14-18-16-11 -4  7 13 16 17	
 4940.114 -109.881
-16-13 -7  5 16 17 13  7  1-10-16-18-17 * 25 21 12 -9-31-34-22-12 -4 16 29 32 26	
 -9 -7 -3  2  6  8  8  6  2 -3 -6 -9 -9 * 15 11  4 -5-11-15-15-12 -6  4 10 14 15	
 4940.114 -108.521
-17-14 -7  4 17 20 16 11  4 -7-15-19-18 * 25 20 11 -6-26-34-25-16 -7  9 24 30 27	
 -9 -7 -3  2  6  8  8  6  3 -3 -6 -8 -9 * 13 10  4 -4-10-13-14-11 -6  2  8 12 13	
 4940.114 -107.161
-19-15 -7  2 20 24 19 14  7 -4-15-21-19 * 27 20 11 -3-23-34-28-18 -8  4 20 30 30	
 -9 -7 -3  2  6  9  9  7  3 -2 -5 -8 -9 * 12  9  3 -3 -8-11-12-10 -6  1  6 10 12	
 4940.114 -105.801
-18-15 -8  3 18 22 18 14  6 -5-15-20-19 * 23 18 10 -4-23-31-24-17 -9  4 19 27 25	
 -9 -7 -3  2  6  9  9  7  4 -2 -5 -8-10 * 11  8  3 -3 -8-10-11 -9 -5  1  5  9 11	
 4940.114 -104.441
-18-15 -9  3 16 20 18 14  7 -5-14-19-18 * 18 15  9 -5-21-26-20-15-11  3 16 22 19	
 -9 -8 -4  1  6  9  9  8  4 -1 -5 -8-10 * 10  7  3 -3 -7 -9-10 -8 -5  1  5  8 10	
 4941.004 -145.922
 -4 -1  4 11 12  6 -1 -6-10-11-10 -7 -8 *  2  1 -1 -3 -4 -3 -1  1  2  2  3  2  2	
 -1  5  2  3  7  7  5  2 -2 -8 -7 -3 -3 *  1 -2 -2 -2 -3 -3 -3 -2  0  1  2  0  0	
 4941.004 -144.562
-11 -4  8 19 23 16  6 -3-11-17-17-14-11 *  1  0 -1 -2 -2 -3 -2 -1  0  1  1  1  1	
 -5 -1  6 10 11  9  4 -2 -8 -8 -9-11 -5 *  0  1  2  2  1 -1 -2 -2  0  1  0  0  1	
 4941.004 -143.202
-12 -6  9 22 27 22 12  1-10-19-20-17-14 *  3  2  1  1  1  1  0  0  1  3  3  3  3	
 -8  0 10 15 17 15 10  4 -3-10-13-12 -9 *  2  2  1  1  1  2  2  2  2  1  1  3  1	
 4941.004 -141.842
-12 -5  5  8  6  4  4  0-11-14-16-16-14 *  3 -1 -4 -4 -2  0  1  2  5  5  7  7  5	
 -6 -2  4  5  3  2  2  0 -6 -7 -9 -8 -7 *  2 -1 -2 -2 -1 -1  1  0  2  3  4  4  3	
 4941.004 -140.482
-10 -3  7 13 12  7  2 -3 -9-16-18-16-11 *  3  0 -4 -6 -7 -6 -3  0  3  6  6  5  3	
 -7 -2  3  7  7  3  1  4 -1 -8-10 -9 -8 *  2  1 -1 -3 -4 -3  1  7  6  4  4  3  2	
 4941.004 -139.122
-13 -6  5 14 15 12  7  2 -6-16-20-19-15 *  2 -1 -3 -5 -6 -5 -4 -1  3  5  5  4  3	
-10 -5  1  6  8  7  2  1 -3 -7-11-11-10 *  2  1 -1 -2 -3 -3 -2  0  2  3  3  2  1	
 4941.004 -137.762
-17 -8  5 17 22 17 12  4 -7-20-26-26-21 *  0 -1 -2 -1 -2 -2 -1  0  1  2  1  0  0	
-13 -7 -1  6 10 10  5  2 -4-10-14-14-15 *  0  0 -1 -1 -1 -1 -2  0  0  1  1 -2 -2	
 4941.004 -136.402
-20-10  5 18 24 21 14  6 -7-21-31-30-23 *  1  0 -2  0  0 -1  0  0  0  0  1  2  2	
-15-10 -2  7 11 11  7  3 -4-11-16-22-17 *  1  1 -1 -1  0  0 -1  0  0  0  0  3  1	
 4941.004 -135.042
-15 -4 12 25 27 25 18  8 -8-25-34-30-20 * -1 -1  0  5 11 10  7  3  1  4  4  2 -1	
-13 -4  6 16 17 15 11  5 -4-13-21-20-15 *  0  0  1  5  7  8  5  3  0  1  3  2  2	
 4941.004 -133.682
-11 -2  9 19 24 23 18  9 -4-18-24-20-14 *  0 -2 -3 -3  0  1  2  2  1  4  2  0 -2	
 -8 -3  5 11 13 12 10  5 -2-10-17 -9 -8 * -3 -3 -3  0  0  1  1  1  1  3  5 -2 -2	
 4941.004 -132.322
 -3  2  8 14 17 18 16  9  1 -9-13 -9 -3 * -1 -1 -1 -2 -2 -1  1  2  0 -3 -5 -6 -3	
 -1  2  5  7  8  7  6  4 -1 -8 -6  0  0 * -4 -4 -1 -1 -1 -1 -1 -1 -1 -3 -8  0  0	
 4941.004 -130.962
  1  5  8 12 14 14 12  8  3 -6 -8 -3  0 * -2  1  3  5  5  5  4  3  0 -4 -7 -6 -3	
  1  3  5  6  7  7  7  5  2 -3 -4 -3 -1 * -3 -1  1  2  3  4  3  2  1 -2 -4 -5 -5	
 4941.004 -129.602
  2  3  5  8  9 10  8  6  2 -3  0  2  2 *  5  6  7  8  9  8  6  4  0 -5 -2  4  5	
  3  3  3  4  5  6  5  4  2 -1 -1  2  2 *  3  3  4  5  5  6  5  3  1 -3 -3 -1  2	
 4941.004 -114.641
-14-11 -4  6 11  8  2 -2 -5-14-17-17-14 * 14 11  2-16-12  4 14 14 15 23 25 21 15	
 -8 -5  0  3  6  6  4  1 -4 -8 -9-10 -9 * 10  6 -1-10-11 -5  2  7 11 13 14 13 12	
 4941.004 -113.281
-15-12 -5  8 16 15  7 -1 -5-14-18-18-16 * 23 19  8-17-32-23 -4 12 17 28 34 32 24	
 -8 -6 -1  4  7  8  7  4 -2 -7 -8 -9 -9 * 15 10  2 -9-17-17-12 -6  2 12 15 17 17	
 4941.004 -111.921
-17-14 -7  7 18 20 14  7 -2-14-19-20-18 * 26 21 11-12-36-33-19 -7  5 24 34 34 27	
 -9 -7 -2  4  8 10  9  6  2 -5 -8-10-10 * 16 11  4 -6-14-18-17-12 -4  7 13 16 17	
 4941.004 -110.561
-18-15 -8  7 19 22 17 11  2-12-19-21-19 * 24 20 11 -9-32-34-22-13 -4 17 29 32 26	
-10 -8 -3  3  8 10 10  8  3 -3 -7-10-11 * 15 11  4 -5-11-16-16-12 -6  4 10 14 15	
 4941.004 -109.201
-19-16 -8  5 19 23 19 14  6 -9-18-22-20 * 24 20 11 -7-27-34-24-16 -8 10 25 30 26	
-10 -8 -3  3  8 10 10  8  4 -3 -7-10-11 * 14 10  4 -4-10-14-14-12 -6  2  8 12 14	
 4941.004 -107.841
-20-15 -8  3 20 25 20 15  7 -4-15-22-20 * 27 21 11 -3-24-35-28-18 -8  5 21 30 30	
-10 -8 -3  2  7 10 10  8  4 -2 -6 -9-11 * 12  9  4 -3 -9-12-13-11 -6  1  7 11 13	
 4941.004 -106.481
-20-15 -8  2 20 25 20 16  8 -4-15-22-20 * 27 20 11 -3-23-34-28-18 -8  4 20 29 30	
-10 -8 -4  2  7 10 11  9  5 -1 -6 -9-11 * 11  8  3 -3 -8-11-11-10 -6  1  5  9 11	
 4941.004 -105.121
-20-16 -9  3 19 24 21 16  9 -4-15-21-20 * 21 17 10 -4-22-29-23-16-10  3 17 24 22	
-11 -9 -4  2  7 10 11  9  5 -1 -5 -9-11 * 10  8  3 -2 -7-10-10 -9 -6  0  5  8 10	
 4941.004 -103.761
-19-16-10  3 17 22 21 17 10 -4-14-20-20 * 16 14  9 -4-19-24-18-15-11  2 14 20 17	
-10 -8 -4  1  7 10 10  9  5 -1 -5 -9-10 *  9  7  3 -2 -6 -9 -9 -8 -5  0  4  7  9	
 4941.894 -145.242
-20-12  0 13 20 18  8 -1-12-18-24-24-22 *  4  3  0 -4 -8 -9 -7 -3  1  3  6  6  6	
 -6 -2  4  9 12 11  7  3 -2 -8-10 -9 -8 *  2  1  0 -2 -2 -3 -3 -3 -1  1  2  2  2	
 4941.894 -143.882
-22-14  2 19 26 24 14  5 -8-22-28-27-24 *  5  3  0 -2 -5 -7 -6 -3  0  4  7  7  5	
-12 -5  4 13 16 16 12  6 -1 -9-14-16-14 *  4  2  1 -1 -1 -2 -3 -2 -1  1  3  4  4	
 4941.894 -142.522
-21-14  0 17 27 27 18  9 -2-18-24-25-22 *  4  2 -1 -4 -5 -5 -4 -2  1  5  6  6  5	
-12 -6  1  9 15 16 14  9  2 -7-12-14-14 *  3  1 -1 -3 -3 -3 -2 -1  0  2  3  4  3	
 4941.894 -141.162
-19-13  0 15 26 26 20 11  1-15-22-23-21 *  4  1 -2 -5 -6 -6 -4 -2  0  5  6  5  4	
-10 -6  0  7 13 15 13  9  3 -6-10-13-13 *  3  1  0 -2 -3 -4 -3 -2  0  2  3  4  3	
 4941.894 -139.802
-19-12 -1 14 24 27 21 14  4-12-20-22-20 *  2  0 -2 -3 -5 -5 -4 -3 -1  2  4  4  3	
-10 -7 -1  6 11 13 13  9  3 -4 -8-12-12 *  2  1  0 -1 -2 -2 -2 -2  0  1  2  2  2	
 4941.894 -138.442
-21-13  0 16 27 30 25 17  6-12-21-25-22 *  0 -1 -2 -3 -3 -3 -3 -2 -1  1  2  2  1	
-12 -7  0  7 13 15 14 11  5 -4 -9-13-13 *  1  1  0  0 -1 -1 -1 -1  0  0  0  1  1	
 4941.894 -137.082
-19-11  2 16 26 29 25 17  6-11-21-24-21 * -2 -3 -3 -2 -1 -1 -1 -1 -1  0  0  0 -2	
-12 -7  0  7 12 15 14 11  5 -4 -9-13-13 *  0  0 -1  0  0  0  0 -1  0  0  0  0  0	
 4941.894 -135.722
-19-10  4 18 28 31 27 20  8-11-22-25-21 * -4 -4 -3 -1  1  1  1  0 -1 -1  0 -2 -4	
-12 -7  0  7 13 16 16 13  6 -4-10-14-14 * -1 -2 -1  0  0  1  0  0  0 -1  0  0 -1	
 4941.894 -134.362
-13 -5  5 16 24 26 23 17  8 -8-17-19-15 * -5 -6 -5 -3  0  1  1  1  0  0  0 -2 -5	
 -9 -4  1  7 11 13 13 10  5 -3 -8-11-11 * -2 -3 -2 -1  0  0  0  0  0  0  0 -1 -1	
 4941.894 -133.002
 -5  1  7 15 20 22 21 13  5 -7-14-12 -7 * -4 -4 -3 -2  0  2  3  3  1 -1 -3 -5 -5	
 -7 -3  3  7 10 11 11  8  4 -2 -6 -9 -8 * -4 -4 -3 -1  1  2  2  1  1 -1 -1 -2 -4	
 4941.894 -131.642
 -4  1  8 15 20 22 20 14  6 -6-13-12 -6 * -5 -2  0  1  3  4  5  4  1 -2 -6 -7 -5	
 -5 -1  4  7  9 10 10  8  4 -2 -6 -8 -7 * -5 -4 -2  1  3  4  4  3  1 -1 -3 -5 -6	
 4941.894 -130.282
 -3  3  8 13 17 19 17 13  6 -6-13-11 -5 *  0  4  7 10 11 10  9  6  2 -5-10 -6 -1	
 -3  2  5  7  8  9  9  7  3 -3 -6 -7 -5 * -3  0  3  5  6  7  6  5  2 -2 -6 -7 -5	
 4941.894 -128.922
  1  6 13 20 25 25 22 17  7-14-16 -7 -1 *  8 12 16 20 22 20 17 12  4 -7 -1  4  7	
  1  6 10 12 13 14 12  9  3 -8-11 -8 -3 *  4  8 12 13 13 13 11  8  2 -4 -3  1  3	
 4941.894 -127.562
  0 -2 -3 -3 -1  0  1  0 -2 -9 -8 -2  0 * -2  0  1  2  3  4  4  3  3 -1 -2 -2 -2	
  3  4  1 -1 -2 -3 -3 -3 -4 -6 -6 -3  1 * -1 -1  0  1  2  3  3  2  2  0 -2 -2 -2	
 4941.894 -118.041
  0  1  9 16 19 18 11  5 -4 -6 -1  1  0 * -1 -1 -3 -5 -5 -4 -2  0  1  0 -1 -1 -1	
  3  6 10 11 11 10  8  3 -4 -7 -4  0  2 * -2 -2 -3 -3 -3 -3 -2 -1  1  0 -1 -2 -1	
 4941.894 -116.681
  3  5 16 33 39 32 16  5 -5  4  9  8  4 *  4  4  6  8  7  5  3  1 -3  4  9  8  5	
  7 10 18 23 24 21 15  6 -6 -1  2  3  6 *  5  4  5  5  4  4  3  1 -2  0  2  4  5	
 4941.894 -115.321
-15-11  4 29 37 32 14  4 -3-16-21-18-15 * 32 25  3-26-27-15  3 11 18 42 50 45 34	
 -9 -3  8 19 22 20 16  7 -3-11-12-12-10 * 23 13 -4-17-17-14 -8  1 13 24 28 28 26	
 4941.894 -113.961
-18-14 -5 15 27 27 20  8 -1-16-21-22-19 * 27 22  9-21-31-22 -4 11 18 33 39 37 29	
-10 -7  0  8 13 14 13  9  3 -7-10-12-11 * 18 12  2-11-18-16-12 -5  5 15 19 21 20	
 4941.894 -112.601
-20-17 -8 10 25 27 22 14  3-15-22-24-21 * 27 23 12-12-36-32-17 -5  7 26 35 36 29	
-11 -8 -2  5 11 13 13 10  4 -5 -9-12-12 * 17 12  4 -6-15-19-17-11 -4  7 14 18 18	
 4941.894 -111.241
-22-18 -9  8 24 28 23 17  8-12-21-25-22 * 25 21 12 -9-32-34-22-13 -4 17 29 32 26	
-12 -9 -3  4 10 13 13 10  5 -3 -8-11-12 * 15 11  4 -4-12-16-16-12 -6  4 10 14 16	
 4941.894 -109.881
-22-18-10  7 22 27 24 18 10 -9-20-24-22 * 23 20 11 -7-28-32-23-15 -8 11 25 30 24	
-12 -9 -3  3  9 12 12 10  5 -2 -7-11-12 * 14 10  4 -4-10-14-15-12 -6  2  8 13 14	
 4941.894 -108.521
-21-17 -9  5 21 26 23 18 10 -6-17-23-21 * 23 19 11 -5-25-32-24-16-10  7 21 28 25	
-11 -9 -4  3  8 11 12 10  5 -2 -6-10-12 * 13 10  4 -3 -9-13-13-11 -6  1  7 11 13	
 4941.895 -107.161
-21-18-10  4 21 26 23 19 11 -5-16-23-22 * 22 18 11 -4-23-31-24-17-10  4 19 26 24	
-11 -9 -4  2  8 11 12 10  6 -1 -6-10-12 * 12  9  4 -3 -8-11-12-10 -6  1  5 10 12	
 4941.895 -105.801
-21-18-10  4 20 26 23 19 11 -4-16-23-22 * 21 17 10 -4-22-29-23-17-11  3 17 25 22	
-11 -9 -4  2  8 11 12 10  6 -1 -6-10-12 * 11  8  3 -2 -7-10-11-10 -6  0  5  9 11	
 4941.895 -104.441
-22-19-11  4 20 26 24 20 13 -3-15-22-22 * 17 15 10 -4-20-25-19-15-12  2 14 21 18	
-11 -9 -5  2  7 11 12 10  6 -1 -5-10-12 * 10  8  3 -2 -7 -9-10 -9 -6  0  4  8 10	
 4942.784 -145.922
-27-16 -2 11 20 21  9 -1-15-21-29-31-29 *  5  3  0 -6-11-12-10 -3  2  3  7  8  7	
-12 -8 -1  8 14 16 13  8  2 -7-11-14-14 *  2  1 -1 -3 -4 -5 -5 -4 -2  0  2  3  2	
 4942.784 -144.562
-26-17 -3 12 24 25 14  4 -8-19-27-30-28 *  4  3  0 -4 -8 -9 -8 -3  0  2  5  6  6	
-13 -8 -1  7 14 17 15 10  3 -6-11-15-15 *  2  1  0 -1 -2 -2 -3 -3 -2  0  1  2  2	
 4942.784 -143.202
-28-19 -4 16 31 33 24 14  0-17-28-32-30 *  3  2  0 -2 -4 -6 -6 -4 -2  2  4  4  4	
-15 -9  0  9 17 20 18 12  5 -6-12-16-16 *  2  1  0 -1 -2 -2 -3 -2 -2  0  1  2  2	
 4942.784 -141.842
-26-18 -4 14 29 33 27 18  5-12-23-28-27 *  3  1 -1 -3 -5 -6 -5 -4 -2  2  4  5  4	
-13 -8 -1  7 14 17 17 13  6 -3 -9-13-14 *  3  1  0 -2 -3 -3 -3 -3 -2  0  2  3  3	
 4942.784 -140.482
-25-17 -4 14 28 32 27 19  7-11-21-27-26 *  2  0 -2 -3 -4 -4 -4 -3 -2  1  3  3  2	
-13 -9 -2  6 13 16 16 13  6 -3 -8-13-14 *  2  1  0 -1 -2 -2 -2 -2 -1  0  1  2  2	
 4942.784 -139.122
-24-16 -3 14 27 32 28 20  8 -9-20-26-25 *  0 -2 -2 -2 -2 -2 -2 -2 -2  0  1  1  0	
-12 -8 -2  6 12 15 15 12  6 -2 -8-12-14 *  1  0  0  0  0 -1 -1 -1  0  0  0  1  1	
 4942.784 -137.762
-24-16 -2 15 28 33 30 22 10 -9-20-26-25 * -2 -3 -3 -2 -1  0 -1 -1 -2 -1  0  0 -2	
-13 -8 -1  7 13 16 16 13  7 -2 -8-13-14 *  0  0 -1 -1  0  0  0  0  0  0  0  0  0	
 4942.784 -136.402
-23-15 -1 16 29 34 31 24 12 -8-20-26-25 * -4 -4 -4 -2 -1  0  0 -1 -2 -1  0 -1 -3	
-13 -8 -1  7 13 17 17 14  7 -2 -8-13-14 * -1 -1 -2 -1  0  0  0  0  0 -1  0  0  0	
 4942.784 -135.042
-21-12  1 16 28 32 30 23 12 -7-19-24-22 * -6 -6 -5 -2  0  1  1  1  0  0 -1 -3 -5	
-12 -7 -1  7 13 16 16 13  7 -2 -8-12-13 * -2 -3 -2 -1  0  1  1  0  0  0  0 -1 -2	
 4942.784 -133.682
-18-10  1 15 25 29 27 22 12 -5-16-22-19 * -8 -7 -5 -1  2  4  4  2  1 -1 -3 -6 -8	
-10 -6  0  6 11 14 14 11  6 -2 -7-11-12 * -4 -4 -3 -1  1  2  2  1  1 -1 -1 -2 -4	
 4942.784 -132.322
-15 -8  3 15 24 28 26 21 12 -5-16-20-17 * -9 -7 -3  1  5  6  6  4  2 -2 -5 -8 -9	
-10 -5  1  7 11 13 13 10  6 -2 -7-11-11 * -6 -5 -3 -1  2  3  4  3  1 -1 -2 -4 -6	
 4942.784 -130.962
-12 -5  5 16 23 26 25 20 11 -5-16-18-14 * -6 -3  2  6  9 10  9  7  3 -3 -7 -9 -7	
 -8 -4  2  7 11 12 12 10  5 -2 -7-10-10 * -6 -4 -2  2  4  6  6  5  2 -1 -3 -6 -7	
 4942.784 -129.602
 -8  0  9 19 25 28 26 21 11 -8-19-17-10 *  2  7 11 14 16 15 13 10  5 -4 -8 -5  0	
 -6 -1  6 10 13 14 13 10  5 -4 -9-12 -9 * -2  2  5  7  9 10  9  7  4 -1 -4 -6 -4	
 4942.784 -128.242
 -4  5 17 29 36 38 34 27 14-12-24-18 -7 * -2  3  9 13 15 15 13 11  5 -2 -8 -8 -3	
 -6  3 12 17 19 20 18 14  6 -7-14-15-10 * -4 -1  4  6  8  9  8  7  4  0 -4 -7 -6	
 4942.784 -126.882
 -1  3 11 20 26 29 26 21 10-10-15 -9 -2 *  3  3  4  6  7  8  7  6  3 -4 -5 -1  2	
  0  6 10 13 15 14 13 10  4 -6-10 -8 -4 *  1  3  4  4  4  5  4  3  1 -3 -5 -3 -1	
 4942.784 -125.522
 -3  3 13 25 33 34 30 23 10-17-21-13 -4 *  3  3  2  2  2  3  3  3  1 -1  1  4  4	
 -1  7 14 18 19 18 15 10  1-12-15-12 -6 *  3  3  3  2  2  1  1  1  0 -1 -1  1  3	
 4942.784 -124.162
-13 -4 14 29 37 39 33 26 11-21-29-23-15 *  1  1  1  2  2  2  3  3  1  0  0  1  1	
-10  1 14 20 22 21 18 12  2-14-20-19-14 *  1  1  1  1  1  1  1  1  0 -1 -1  0  0	
 4942.784 -122.802
-15 -5 14 29 38 39 32 24  9-24-30-24-16 *  1  0 -1  0  0  0  1  1  2  2  2  1  1	
-11  0 13 20 22 22 18 12  0-16-21-20-16 *  1  0 -1 -1 -1  0  0  0  1  1  1  1  1	
 4942.784 -121.442
-13 -4 12 25 34 34 28 20  7-21-25-19-14 *  1 -1 -5 -7 -7 -6 -3 -1  1  6  6  4  2	
 -9  0 11 18 20 19 16 10  0-15-18-17-13 *  2  0 -3 -5 -5 -4 -3 -2  1  4  5  4  3	
 4942.784 -120.082
-12 -6 11 24 31 31 24 17  5-19-21-17-12 *  0 -1 -4 -6 -6 -5 -2  0  2  4  2  1  0	
 -8 -1 10 16 19 18 14  9  0-13-16-15-12 *  0 -1 -3 -4 -4 -3 -2 -1  1  3  2  1  1	
 4942.784 -118.722
-11 -6 10 26 32 31 24 16  4-18-20-16-12 *  1  1 -1 -5 -6 -5 -1  1  2  2  1  1  1	
 -8 -2  9 17 20 19 15  9  0-13-16-15-11 *  0 -1 -2 -4 -4 -4 -3 -1  1  1  1  1  1	
 4942.784 -117.361
-22-14  9 31 39 36 26 16  1-26-34-29-23 *  7  5  0 -8-10 -7 -2  1  3  6  9  9  7	
-16 -7  9 20 24 22 18 10 -1-18-23-23-20 *  5  3 -2 -5 -6 -5 -4 -2  1  3  4  5  5	
 4942.784 -116.001
-26-20  0 29 38 35 23 13 -2-26-35-33-27 * 18 15  5-13-17-12 -4  2  5 20 27 25 19	
-17 -9  4 17 22 22 17 10 -1-16-21-22-20 * 13  9  1 -8-10 -9 -7 -3  2 10 14 15 14	
 4942.784 -114.641
-29-23 -7 24 40 38 26 15  1-23-34-35-30 * 24 20 11-14-25-20 -8  1  8 26 33 32 26	
-17-11 -1 12 21 22 19 12  3-11-17-20-19 * 16 12  5 -6-13-14-11 -6  1 11 15 18 18	
 4942.784 -113.281
-27-22-10 14 34 37 29 20  8-17-29-32-28 * 27 23 12-10-32-29-16 -6  5 25 34 35 29	
-15-11 -3  6 15 19 17 13  6 -5-12-16-16 * 17 13  5 -5-14-17-15-11 -3  7 13 18 19	
 4942.784 -111.921
-26-22-11 10 29 35 30 23 13-11-24-29-27 * 25 21 12 -7-29-31-20-11 -3 16 28 31 26	
-14-10 -4  5 12 16 16 13  7 -3 -9-13-15 * 15 11  5 -4-11-16-15-12 -6  3 10 14 16	
 4942.784 -110.561
-25-21-11  8 25 32 29 23 14 -8-21-27-26 * 22 19 11 -6-26-30-21-14 -7 10 23 28 23	
-13-10 -4  4 10 14 14 12  7 -2 -8-12-14 * 14 10  4 -3 -9-13-14-11 -6  2  7 12 14	
 4942.784 -109.201
-24-20-11  7 23 30 28 22 14 -6-19-26-25 * 21 18 11 -5-24-29-22-15-10  7 21 26 22	
-13-10 -4  3  9 13 13 11  7 -1 -7-11-13 * 13 10  4 -3 -9-12-13-11 -6  1  6 11 13	
 4942.785 -107.841
-24-20-11  5 23 30 28 23 15 -4-17-25-24 * 20 17 11 -5-22-27-21-16-11  4 17 24 21	
-12-10 -4  3  9 13 13 11  7 -1 -6-11-13 * 11  9  4 -2 -8-11-12-10 -6  1  5 10 12	
 4942.785 -106.481
-23-20-11  5 21 28 27 22 14 -3-16-24-24 * 18 16 10 -4-21-26-20-15-11  3 15 22 19	
-12-10 -5  2  8 12 13 11  7 -1 -6-10-12 * 10  8  4 -2 -7-10-11 -9 -6  0  5  8 10	
 4942.785 -105.121
-23-20-12  4 21 28 26 22 15 -2-15-23-24 * 17 15 10 -4-19-24-19-15-12  2 14 20 18	
-12-10 -5  2  8 12 13 11  7  0 -5-10-12 * 10  8  3 -2 -6 -9-10 -9 -6  0  4  8 10	
 4942.785 -103.761
-23-20-12  4 20 27 26 22 15 -2-14-23-23 * 16 14 10 -4-19-23-18-14-12  1 13 20 17	
-12-10 -5  2  8 11 12 11  7  0 -5-10-12 *  9  7  3 -2 -6 -9 -9 -8 -5  0  4  7  9	
 4943.674 -145.242
-29-19 -5 12 26 29 21 12 -1-14-25-31-31 *  3  2  0 -3 -6 -8 -8 -4 -2  1  5  6  4	
-14 -9 -2  7 14 18 17 12  5 -5-10-14-15 *  3  2  0 -1 -3 -4 -5 -4 -3 -1  1  2  3	
 4943.674 -143.882
-30-20 -5 13 29 33 27 18  6-10-23-32-32 *  2  0  0 -1 -2 -5 -7 -5 -3  0  3  4  3	
-14 -9 -2  7 14 18 17 13  6 -4 -9-14-15 *  2  1  0 -1 -2 -3 -4 -4 -3 -1  1  1  2	
 4943.674 -142.522
-29-21 -6 13 29 35 30 21  9-10-22-30-31 *  2  0 -1 -2 -2 -5 -6 -4 -3  0  3  3  2	
-14 -9 -2  7 14 18 18 14  7 -3 -9-14-15 *  2  1  0 -1 -2 -2 -3 -3 -2  0  1  2  2	
 4943.674 -141.162
-28-21 -6 12 28 35 31 23 11 -8-21-28-29 *  1  0 -2 -2 -2 -3 -4 -4 -3  0  2  2  1	
-14 -9 -2  6 13 17 18 14  7 -2 -8-13-15 *  1  1  0 -1 -1 -2 -2 -2 -2  0  1  1  2	
 4943.674 -139.802
-27-20 -6 12 28 35 32 24 12 -7-20-27-28 *  0 -1 -2 -2 -2 -2 -3 -3 -3  0  1  1  0	
-14 -9 -2  6 13 17 17 14  8 -2 -8-13-15 *  1  0  0 -1 -1 -1 -1 -1 -1  0  0  1  1	
 4943.674 -138.442
-27-20 -6 12 28 35 33 26 14 -6-19-27-28 * -2 -3 -3 -2 -1  0 -1 -2 -2 -1  0 -1 -2	
-14-10 -2  6 13 17 17 14  8 -1 -7-13-15 *  0  0 -1  0  0  0  0  0  0  0  0  0  0	
 4943.674 -137.082
-27-19 -5 13 28 35 34 27 15 -5-19-27-27 * -4 -5 -4 -2  0  1  1  0 -1 -1 -1 -2 -4	
-14 -9 -2  6 13 17 17 14  8 -1 -7-13-15 * -1 -1 -1 -1  0  1  1  0  0  0  0  0 -1	
 4943.674 -135.722
-26-19 -5 14 29 35 34 27 15 -5-18-27-27 * -5 -6 -5 -2  0  2  1  0 -1 -1 -1 -2 -5	
-14 -9 -2  6 13 17 17 14  8 -1 -8-13-15 * -2 -2 -2 -1  0  1  1  1  0  0  0 -1 -1	
 4943.674 -134.362
-25-18 -4 13 27 34 33 27 15 -4-17-26-26 * -7 -7 -5 -2  1  3  3  1  0 -1 -2 -4 -6	
-13 -9 -2  6 12 16 16 14  8 -1 -7-12-14 * -3 -3 -3 -1  0  1  1  1  0  0 -1 -1 -2	
 4943.674 -133.002
-24-17 -4 14 27 33 31 26 15 -4-17-25-25 * -9 -8 -5 -1  4  5  5  4  1 -1 -3 -7 -9	
-13 -8 -2  6 12 15 15 13  7 -1 -7-12-14 * -5 -5 -3 -1  1  3  3  2  1  0 -1 -3 -4	
 4943.674 -131.642
-23-15 -2 15 27 32 31 26 15 -4-17-25-24 *-10 -7 -3  3  7  9  9  7  3 -1 -5 -9-10	
-13 -8 -1  7 12 15 15 13  7 -2 -8-13-14 * -7 -6 -3  0  3  5  5  4  2  0 -2 -5 -6	
 4943.674 -130.282
-20-12  1 17 28 33 31 26 15 -5-19-25-22 * -8 -3  3  8 12 13 13 10  5 -2 -8-11 -9	
-13 -7  0  8 13 16 15 13  7 -2 -8-14-14 * -7 -5 -1  3  6  8  8  7  4  0 -4 -7 -8	
 4943.674 -128.922
-16 -5 11 27 37 41 38 31 18 -8-24-25-18 * -4  1  6 11 14 15 14 11  6 -1 -6 -8 -5	
-12 -4  6 14 19 21 20 16  8 -4-12-17-15 * -5 -2  1  5  7  9  9  7  4  0 -3 -6 -6	
 4943.674 -127.562
-12 -3 10 23 31 34 32 26 15 -8-20-20-14 * -3  0  4  7  9 10 10  8  5  0 -6 -6 -4	
 -8 -2  7 13 16 17 16 12  6 -4-11-14-11 * -4 -2  0  3  5  6  6  5  3  0 -3 -6 -5	
 4943.674 -126.202
-13 -3 12 26 34 37 34 27 15-12-24-21-14 *  4  6  7  7  8  8  8  7  4 -1 -4  0  3	
 -9 -1 10 17 19 20 18 13  6 -7-14-16-12 *  1  3  4  5  5  5  5  4  2 -1 -4 -3 -1	
 4943.674 -124.842
-15 -5 13 29 39 41 37 30 16-15-28-24-17 *  3  5  6  8  8  8  8  7  4 -1 -3  1  3	
-11 -2 11 20 22 23 20 15  6-10-17-19-15 *  2  4  5  6  5  5  5  4  2 -2 -3 -2  0	
 4943.674 -123.482
-18-10 10 29 40 42 36 29 14-16-27-25-20 *  6  5  1 -1 -2 -1  1  2  2  5  7  8  7	
-12 -4 10 20 23 23 20 14  4-11-18-19-16 *  5  4  1 -1 -1 -1 -1  0  1  2  4  5  5	
 4943.674 -122.122
-23-14  7 31 42 44 37 29 14-19-32-31-25 *  3  3 -2 -6 -7 -5 -2  0  1  6  6  5  4	
-16 -7  7 20 25 25 21 15  4-12-21-23-20 *  3  2 -1 -4 -5 -4 -3 -2  0  3  5  5  4	
 4943.674 -120.762
-25-17  5 28 39 41 34 26 12-20-32-32-26 *  0  0 -2 -5 -5 -3  0  2  3  5  2  1  0	
-17 -8  5 18 23 23 20 13  4-13-21-23-21 *  1  0 -2 -3 -4 -3 -2 -1  1  3  3  2  1	
 4943.674 -119.402
-26-18  0 24 35 36 30 23 10-19-31-31-27 *  2  2 -2 -6 -5 -3  0  2  3  5  4  4  2	
-17-10  2 15 20 20 17 12  3-12-19-22-20 *  2  0 -2 -4 -4 -3 -2 -1  1  3  3  3  2	
 4943.674 -118.041
-28-21 -2 25 36 37 29 21  8-21-33-34-29 *  7  6  1 -7-10 -7 -2  1  3  7 10 10  8	
-18-11  1 14 21 21 18 11  2-13-20-22-21 *  5  3 -1 -4 -6 -6 -4 -2  1  4  5  6  6	
 4943.674 -116.681
-34-26 -9 24 41 41 31 21  7-24-38-40-35 * 17 14  7-11-19-16 -8 -2  3 16 23 23 18	
-21-14 -2 12 22 24 20 13  4-12-21-24-24 * 12  9  2 -6-10-11 -9 -6 -1  7 11 13 13	
 4943.674 -115.321
-36-29-13 17 40 43 34 23  9-22-38-42-37 * 23 19 11 -9-24-22-12 -4  2 20 29 29 24	
-21-15 -4  8 19 23 21 15  6 -8-17-23-23 * 15 11  5 -4-12-14-12 -8 -2  7 12 15 16	
 4943.674 -113.961
-33-27-13 13 37 42 34 25 12-16-33-38-35 * 24 20 12 -7-25-25-15 -6  1 20 29 30 25	
-19-13 -4  6 16 21 20 15  7 -5-13-19-20 * 16 12  5 -3-11-14-13 -9 -4  5 11 15 16	
 4943.674 -112.601
-30-25-13 10 32 39 34 27 16-10-27-33-31 * 23 19 11 -6-25-27-18-10 -2 15 26 29 24	
-16-12 -4  5 13 18 18 15  8 -3-10-15-17 * 15 11  5 -3-10-14-14-11 -5  3  9 13 15	
 4943.674 -111.241
-29-24-13  8 29 37 34 28 18 -6-23-31-30 * 21 18 11 -5-23-27-19-12 -6 10 22 27 22	
-15-11 -5  4 12 16 17 14  8 -2 -8-14-16 * 13 10  4 -3 -9-13-13-11 -6  2  7 12 14	
 4943.674 -109.881
-28-23-13  7 26 35 33 27 18 -4-20-29-28 * 20 17 11 -5-22-27-20-14 -9  7 19 25 21	
-14-11 -5  3 10 15 16 13  8 -1 -7-12-15 * 12 10  4 -2 -8-12-12-10 -6  1  6 10 12	
 4943.675 -108.521
-27-23-13  6 25 34 32 27 18 -2-18-27-28 * 18 16 10 -4-20-25-19-14-10  4 16 22 19	
-14-11 -5  3 10 14 15 13  8  0 -6-12-14 * 11  9  4 -2 -7-10-11-10 -6  1  5  9 11	
 4943.675 -107.161
-26-22-13  5 23 32 31 26 18 -2-16-26-27 * 17 15 10 -3-19-24-18-14-10  3 14 21 18	
-13-11 -5  2  9 13 14 13  8  0 -6-11-14 * 10  8  4 -2 -7-10-10 -9 -6  0  4  8 10	
 4943.675 -105.801
-25-22-13  5 22 30 29 25 17 -1-15-25-26 * 16 14 10 -3-18-22-17-14-11  2 13 19 17	
-13-10 -5  2  8 13 14 12  8  0 -6-11-13 * 10  8  3 -2 -6 -9-10 -8 -5  0  4  8  9	
 4943.675 -104.441
-25-21-13  4 21 30 29 25 17 -1-14-24-25 * 15 13  9 -3-17-21-16-13-10  1 12 18 16	
-13-10 -5  2  8 12 14 12  8  0 -5-10-13 *  9  7  3 -2 -6 -8 -9 -8 -5  0  4  7  9	
 4944.564 -145.922
-31-23 -7 13 31 37 31 22  9-10-23-32-33 *  3  2  0 -2 -4 -8 -8 -6 -4  0  3  4  3	
-15-11 -3  7 15 19 19 14  6 -4-10-15-17 *  3  2  1 -1 -2 -5 -6 -5 -4 -1  1  2  3	
 4944.564 -144.562
-31-20 -5 13 29 34 28 20  8 -7-23-33-34 *  1  0  0  0 -1 -4 -7 -5 -4  0  3  4  2	
-15-10 -2  7 14 18 18 14  7 -3 -9-14-16 *  2  2  1  0 -1 -3 -4 -4 -3 -1  0  1  2	
 4944.564 -143.202
-31-21 -6 13 29 35 30 22 11 -7-21-31-33 *  1  0  0 -1 -1 -4 -6 -5 -4 -1  2  3  2	
-15-10 -2  7 14 19 19 15  8 -2 -9-14-16 *  2  1  1  0 -1 -2 -3 -3 -3 -1  0  1  2	
 4944.564 -141.842
-30-23 -8 11 29 36 34 26 14 -6-20-29-31 *  1 -1 -1 -2 -2 -3 -5 -5 -4 -1  1  2  1	
-15-10 -2  6 14 18 18 15  8 -2 -9-14-16 *  1  1  0  0 -1 -2 -2 -3 -2 -1  0  1  2	
 4944.564 -140.482
-30-23 -9 11 28 36 34 27 15 -5-19-28-30 * -1 -2 -2 -2 -1 -1 -3 -3 -3 -1  0  0 -1	
-14-10 -3  6 13 18 18 15  8 -2 -8-13-15 *  1  0  0  0 -1 -1 -1 -2 -1 -1  0  1  1	
 4944.564 -139.122
-30-23 -9 11 28 37 35 28 16 -4-19-28-30 * -2 -3 -3 -2  0  0 -1 -2 -2 -1  0 -1 -2	
-14-10 -3  6 13 17 18 15  8 -2 -8-13-15 *  0  0  0  0  0  0  0 -1 -1  0  0  0  0	
 4944.564 -137.762
-30-23 -9 11 28 37 36 30 18 -3-17-28-30 * -4 -4 -4 -2  0  1  0 -1 -2 -1 -1 -1 -3	
-15-10 -3  6 13 17 18 15  9 -1 -7-13-15 * -1 -1 -1  0  0  1  1  0  0  0  0  0 -1	
 4944.564 -136.402
-30-23 -9 11 28 37 36 30 18 -3-17-28-30 * -5 -5 -4 -2  1  2  2  0 -1 -1 -1 -2 -5	
-15-10 -3  6 13 17 18 15  9 -1 -7-13-15 * -2 -2 -1  0  1  1  1  1  0  0  0 -1 -1	
 4944.564 -135.042
-29-23 -9 11 28 36 36 30 18 -3-17-28-30 * -7 -7 -5 -2  1  3  3  2  0 -1 -2 -3 -6	
-15-10 -3  6 13 17 18 15  9 -1 -7-13-15 * -3 -3 -2 -1  1  2  2  1  1  0 -1 -1 -2	
 4944.564 -133.682
-30-23 -9 11 28 36 36 30 18 -2-17-28-30 * -8 -8 -5 -1  3  5  5  4  1 -1 -2 -5 -8	
-15-11 -4  5 13 17 18 15  9 -1 -7-13-15 * -4 -4 -3 -1  1  3  3  2  1  0 -1 -2 -3	
 4944.564 -132.322
-30-23 -9 11 28 36 35 30 18 -3-17-28-30 * -9 -8 -5  0  4  7  7  6  2 -1 -3 -7 -9	
-15-11 -4  5 13 17 17 15  9 -1 -7-13-16 * -5 -5 -3 -1  2  4  4  3  2  0 -1 -3 -5	
 4944.564 -130.962
-29-22 -7 13 29 36 35 30 18 -3-18-29-30 *-10 -7 -4  2  7  9 10  8  4 -1 -4 -9-10	
-15-11 -3  6 13 17 17 15  9 -1 -8-14-16 * -7 -6 -3  0  3  5  6  5  3  0 -2 -4 -6	
 4944.564 -129.602
-29-22 -6 16 31 38 37 31 19 -3-20-30-30 * -9 -6 -2  4  9 11 11  9  5  0 -4 -9-10	
-17-11 -3  7 15 19 19 16  9 -2 -9-15-18 * -7 -6 -3  1  4  6  7  6  4  0 -2 -5 -7	
 4944.564 -128.242
-27-19 -1 21 35 41 39 33 20 -5-22-31-29 * -7 -3  1  6 10 12 12 10  6  1 -5 -9 -8	
-17-11 -1 10 17 21 21 17 10 -2-10-17-18 * -6 -4 -2  2  5  7  7  6  4  1 -2 -6 -7	
 4944.564 -126.882
-25-16  0 22 35 41 38 32 20 -5-21-29-26 * -3  0  3  6  8 10 10  9  6  1 -4 -5 -3	
-15 -9  0 10 18 21 20 16  9 -2-10-16-17 * -4 -2  0  2  4  6  6  5  4  1 -2 -5 -5	
 4944.564 -125.522
-26-16  4 27 41 46 42 35 21 -8-27-32-28 *  0  3  6  9 10 11 11 10  6  1 -4 -3 -1	
-17 -9  2 15 22 25 23 19 10 -5-14-20-20 * -2  1  3  5  6  7  7  6  4  0 -3 -4 -3	
 4944.564 -124.162
-26-17  2 27 41 45 41 34 20-11-28-31-27 *  2  3  3  4  5  6  7  7  5  3  1  1  1	
-16 -9  3 16 22 24 23 18  9 -6-16-21-20 *  1  2  2  2  3  3  4  3  3  1  0  0  0	
 4944.564 -122.802
-29-19  3 29 43 47 42 33 19-15-33-36-31 *  5  5  4  2  1  2  4  4  4  5  4  5  5	
-19-10  4 18 25 26 24 18  8 -9-19-24-23 *  3  3  3  1  0  1  1  2  2  2  2  3  3	
 4944.564 -121.442
-32-22  0 28 43 46 39 31 16-17-35-38-33 *  6  5  2 -4 -4 -3  1  2  3  7  7  7  6	
-21-12  2 17 24 26 23 16  6-11-20-25-24 *  5  3  1 -2 -4 -3 -2 -1  1  4  5  5  5	
 4944.564 -120.082
-35-26 -7 24 41 44 37 28 14-17-35-40-36 *  8  7  2 -7 -9 -7 -2  0  3  8 10 10  8	
-21-14 -2 13 22 24 22 16  6-10-19-25-24 *  6  4  0 -3 -6 -6 -5 -2  1  4  6  7  6	
 4944.564 -118.722
-39-30-12 21 43 47 39 30 15-17-37-44-40 * 10  9  4 -7-13-12 -6 -2  1  9 13 13 11	
-23-16 -4 11 22 25 23 17  7 -8-18-25-25 *  7  5  1 -3 -7 -8 -7 -5 -1  4  6  8  8	
 4944.564 -117.362
-38-30-13 17 40 44 37 28 14-17-36-43-39 * 13 11  6 -6-14-13 -7 -2  1 11 17 17 14	
-22-16 -5  9 19 23 22 16  7 -8-17-23-24 *  9  7  3 -3 -7 -9 -8 -5 -1  4  7  9 10	
 4944.564 -116.001
-38-31-15 13 39 45 39 30 16-15-34-42-39 * 17 14  9 -5-17-17-10 -5  0 13 20 21 18	
-21-15 -6  7 17 22 22 17  9 -5-14-21-23 * 11  9  4 -2 -8-10-10 -7 -3  4  7 11 12	
 4944.564 -114.641
-38-31-16 11 37 45 40 32 18-11-31-41-39 * 19 16 10 -4-19-20-13 -7 -2 13 21 24 20	
-20-15 -6  5 15 21 21 17 10 -3-12-19-21 * 13 10  5 -2 -8-12-12 -9 -4  3  8 12 13	
 4944.565 -113.281
-35-29-15  9 34 44 40 32 20 -7-27-37-36 * 19 17 10 -4-19-22-14 -8 -3 12 21 24 20	
-18-14 -6  5 14 19 20 17 10 -2-10-17-19 * 13 10  5 -2 -8-12-12 -9 -5  3  7 12 13	
 4944.565 -111.921
-33-28-15  7 30 41 39 32 21 -3-23-34-34 * 18 16 10 -3-19-22-15-10 -5  8 18 23 19	
-17-13 -5  4 12 17 18 16 10 -1 -8-15-17 * 12  9  4 -2 -8-11-12 -9 -5  2  6 10 12	
 4944.565 -110.561
-31-26-14  6 28 39 37 31 21 -2-20-32-32 * 18 15 10 -3-18-22-16-11 -7  6 16 22 18	
-16-12 -5  3 11 16 17 15  9  0 -7-13-16 * 11  9  4 -2 -7-10-11 -9 -5  1  5  9 11	
 4944.565 -109.201
-30-25-14  6 26 36 35 30 21 -1-18-29-30 * 17 15 10 -3-18-22-17-12 -8  4 15 21 18	
-15-12 -5  3 10 15 16 14  9  0 -6-12-15 * 11  8  4 -2 -7-10-11 -9 -6  1  5  9 11	
 4944.565 -107.841
-29-24-14  5 25 35 34 29 20  0-16-28-29 * 16 14  9 -3-17-21-16-12 -9  3 13 19 16	
-14-11 -5  2 10 14 16 14  9  0 -6-12-14 * 10  8  4 -2 -6 -9-10 -8 -5  0  4  8 10	
 4944.565 -106.481
-27-24-14  5 23 33 32 28 20  0-15-26-28 * 15 13  9 -3-17-21-16-12 -9  2 12 18 16	
-14-11 -5  2  9 13 15 13  8  0 -6-11-14 *  9  7  3 -2 -6 -8 -9 -8 -5  0  4  7  9	
 4944.565 -105.121
-27-23-14  4 23 32 31 27 19  0-14-25-27 * 14 13  9 -3-16-20-15-11 -9  2 11 17 15	
-13-11 -5  2  9 13 15 13  8  0 -5-11-13 *  8  7  3 -1 -5 -8 -8 -7 -5  0  3  7  8	
 4944.565 -103.761
-26-22-14  4 22 30 30 26 18  0-14-24-26 * 13 12  8 -2-15-19-14-11 -9  1 10 16 13	
-13-11 -6  1  8 13 14 12  8  0 -5-10-13 *  8  6  3 -1 -5 -7 -8 -7 -4  0  3  6  8	
 4945.454 -145.242
-32-24 -8 12 30 38 35 27 14 -6-21-31-33 *  2  1  0 -1 -2 -6 -7 -6 -5 -1  2  3  2	
-16-11 -3  7 15 19 19 15  8 -3-10-15-17 *  2  2  1  0 -1 -3 -5 -5 -4 -1  0  1  2	
 4945.454 -143.882
-32-23 -8 12 29 37 34 27 15 -4-20-30-33 *  1  0  0 -1 -1 -4 -6 -5 -5 -1  1  2  1	
-15-11 -3  7 15 19 19 15  8 -3 -9-15-16 *  2  1  1  0 -1 -2 -3 -4 -3 -1 -1  1  2	
 4945.454 -142.522
-32-24-10 11 29 37 36 29 17 -3-19-30-32 *  0 -1 -1 -1 -1 -2 -4 -4 -4 -1  1  1  0	
-15-11 -3  6 14 19 19 15  9 -2 -9-14-16 *  1  1  1  0  0 -1 -2 -3 -2 -1 -1  1  1	
 4945.454 -141.162
-34-27-12  9 29 38 36 29 16 -3-20-31-34 * -2 -2 -1  0  2  2 -1 -2 -2  0  1  0 -2	
-15-10 -3  6 14 18 19 16  9 -2 -8-14-16 *  1  1  0  0  0  0 -1 -2 -2 -1  0  0  1	
 4945.454 -139.802
-35-27-12  8 29 38 36 28 16 -3-21-32-35 * -2 -2 -1  0  3  3  1 -2 -2  0  1 -1 -2	
-15-11 -4  5 13 18 19 16  9 -2 -8-14-16 *  0  0  0  0  0  0  0 -1 -1 -1 -1  0  0	
 4945.454 -138.442
-33-26-12  9 28 38 37 31 18 -2-18-30-33 * -3 -3 -3 -1  1  2  1 -1 -2 -1  0 -1 -3	
-15-11 -4  5 13 18 19 16  9 -1 -8-14-16 *  0 -1  0  0  1  1  0  0 -1  0  0  0  0	
 4945.454 -137.082
-32-26-12  9 28 37 38 32 20 -1-17-29-32 * -4 -5 -4 -2  1  2  2  0 -1 -1 -1 -2 -4	
-15-11 -4  5 13 18 19 16  9 -1 -8-14-16 * -1 -1 -1  0  1  1  1  1  0  0 -1 -1 -1	
 4945.454 -135.722
-33-27-12  9 28 37 38 33 21 -1-17-29-32 * -6 -6 -4 -2  1  3  3  2  0 -1 -1 -3 -5	
-16-12 -4  5 13 18 19 16  9 -1 -7-14-16 * -2 -2 -2  0  1  2  2  1  1  0 -1 -1 -2	
 4945.454 -134.362
-33-27-13  9 27 37 37 32 21 -1-17-29-33 * -7 -7 -5 -2  2  4  5  3  1  0 -1 -4 -6	
-16-12 -4  5 13 18 19 16 10 -1 -7-14-16 * -3 -3 -2 -1  1  2  3  2  1  0 -1 -2 -3	
 4945.454 -133.002
-34-28-13  8 28 37 38 32 21 -1-17-29-33 * -8 -7 -5 -2  3  5  6  4  2  0 -2 -4 -7	
-16-12 -5  4 13 18 19 16 10 -1 -8-14-16 * -4 -4 -3 -1  1  3  3  3  2  0 -1 -2 -3	
 4945.454 -131.642
-34-28-13  9 28 38 37 32 21 -1-18-30-34 * -9 -7 -5  0  4  7  8  6  3  0 -2 -6 -9	
-17-13 -5  4 13 18 19 16 10 -1 -8-14-17 * -5 -5 -3 -1  2  4  4  4  2  0 -1 -3 -5	
 4945.454 -130.282
-35-28-13 10 29 39 38 33 21 -2-18-32-35 * -9 -7 -4  1  5  8  9  7  4  1 -2 -7 -9	
-18-14 -6  5 13 19 19 16 10 -1 -8-15-18 * -6 -5 -3  0  3  5  5  5  3  0 -1 -4 -5	
 4945.454 -128.922
-36-29-13 11 31 40 40 34 22 -2-20-34-37 * -8 -5 -2  1  6  8 10  8  5  1 -2 -7 -8	
-19-15 -6  5 14 20 20 17 10 -1 -8-16-20 * -6 -5 -3  0  3  5  6  5  3  1 -1 -4 -6	
 4945.454 -127.562
-36-28-11 15 34 42 41 35 22 -3-21-36-37 * -6 -4  0  3  7 10 11  9  6  2 -3 -7 -7	
-20-15 -5  6 16 21 22 18 11 -1 -9-18-21 * -5 -4 -2  1  4  6  6  6  4  1 -1 -4 -6	
 4945.454 -126.202
-36-27 -9 17 37 45 43 36 23 -4-24-37-37 * -5 -2  2  6  9 11 11 10  7  2 -3 -6 -5	
-21-15 -5  7 18 23 23 19 11 -2-11-19-22 * -4 -3  0  2  5  7  7  6  4  1 -2 -5 -5	
 4945.454 -124.842
-39-29 -9 21 42 49 47 39 25 -6-28-42-40 * -1  1  3  4  6  8  9  8  6  3  0 -1 -1	
-24-16 -5 10 21 26 26 22 13 -2-13-23-26 * -1  0  1  2  3  4  5  4  3  1  0 -1 -2	
 4945.454 -123.482
-38-28 -8 23 43 50 46 38 24 -7-30-42-39 *  1  2  3  4  5  6  7  7  5  4  1  1  0	
-23-16 -4 11 22 27 26 21 12 -4-15-24-26 *  0  1  2  2  3  4  4  4  3  2  0 -1 -1	
 4945.454 -122.122
-40-31-11 22 45 52 47 39 24 -9-33-44-41 *  4  4  4 -1 -2 -1  2  3  3  6  5  6  4	
-24-16 -4 11 23 28 27 22 12 -5-16-25-27 *  3  3  2  0 -2 -1 -1  0  1  2  3  3  3	
 4945.454 -120.762
-41-32-13 21 45 53 47 39 23-11-34-45-42 *  7  7  4 -2 -7 -6 -2  0  2  7  9 10  7	
-24-17 -5 10 23 28 27 22 12 -5-16-25-27 *  5  4  2 -1 -4 -5 -4 -2  0  3  4  5  6	
 4945.454 -119.402
-40-32-14 16 41 49 44 36 21-11-33-43-41 * 10  9  5 -4-10 -9 -5 -2  1  8 12 13 10	
-23-16 -5  8 20 25 25 20 11 -4-15-23-25 *  7  5  2 -2 -5 -7 -6 -4 -1  3  5  7  8	
 4945.454 -118.042
-42-34-16 14 41 50 45 36 21-10-33-45-43 * 13 11  7 -4-13-13 -7 -3  0  9 15 16 14	
-24-17 -6  7 18 25 25 20 11 -4-14-23-25 *  9  7  3 -2 -7 -9 -8 -6 -2  3  6  9 10	
 4945.454 -116.682
-41-34-17 11 38 49 45 37 22 -8-30-43-43 * 14 12  7 -3-13-14 -9 -4 -1  9 16 17 14	
-23-17 -7  6 17 23 24 20 12 -2-12-21-24 * 10  8  3 -2 -6 -9 -9 -7 -3  2  6  9 10	
 4945.454 -115.322
-39-33-17  9 35 46 43 36 22 -6-27-40-40 * 15 13  8 -2-14-16-10 -5 -2  9 16 19 16	
-20-15 -6  5 15 21 22 18 11 -2-10-18-21 * 10  8  4 -2 -6 -9-10 -7 -4  2  6  9 11	
 4945.455 -113.961
-39-33-17  8 34 46 44 36 23 -4-26-40-40 * 16 14  9 -2-15-17-11 -7 -3  9 16 20 16	
-20-15 -7  4 14 20 22 18 11 -1-10-17-21 * 11  9  4 -2 -7-10-10 -8 -4  2  6  9 11	
 4945.455 -112.601
-37-32-17  7 32 44 42 36 23 -2-22-37-38 * 16 14  9 -2-15-19-13 -8 -4  7 15 20 17	
-18-14 -6  4 13 19 20 17 11 -1 -8-16-19 * 11  9  4 -2 -7-10-11 -9 -5  1  5  9 11	
 4945.455 -111.241
-35-30-16  6 30 42 41 35 23  0-20-34-36 * 15 14  9 -2-15-19-13 -9 -5  6 14 19 16	
-17-14 -6  3 12 17 19 16 10  0 -7-14-17 * 10  8  4 -2 -6-10-10 -9 -5  1  5  9 10	
 4945.455 -109.881
-33-28-16  6 28 39 38 33 23  0-18-32-34 * 15 13  9 -2-15-18-13 -9 -6  5 13 18 15	
-16-13 -6  3 11 16 18 15 10  0 -7-13-16 * 10  8  4 -1 -6 -9 -9 -8 -5  1  4  8 10	
 4945.455 -108.521
-31-27-15  5 26 37 36 32 22  1-16-29-32 * 14 12  8 -2-15-18-13 -9 -7  3 12 17 14	
-15-12 -6  2 10 15 17 15 10  0 -6-12-15 *  9  7  3 -1 -5 -8 -9 -8 -5  0  4  7  9	
 4945.455 -107.161
-30-26-15  5 25 35 35 31 21  1-15-28-30 * 14 12  8 -2-15-18-13-10 -7  3 11 16 14	
-15-12 -6  2  9 14 16 14  9  0 -6-12-15 *  9  7  3 -1 -5 -8 -8 -7 -5  0  3  7  8	
 4945.455 -105.801
-29-25-15  4 24 34 34 30 21  1-14-26-29 * 13 12  8 -2-14-18-13-10 -8  2 11 16 13	
-14-12 -6  2  9 14 15 14  9  1 -5-11-14 *  8  6  3 -1 -5 -7 -8 -7 -4  0  3  6  8	
 4945.455 -104.441
-28-24-15  4 23 33 33 29 20  1-14-25-28 * 12 11  8 -2-14-17-12 -9 -8  2 10 15 12	
-14-11 -6  1  9 13 15 13  9  1 -5-11-14 *  7  6  3 -1 -5 -7 -7 -6 -4  0  3  6  7	
 4946.344 -145.922
-32-26-10 11 30 40 41 35 21 -2-18-30-33 *  1  1  0 -1 -2 -5 -6 -7 -6 -2  0  2  2	
-16-11 -3  7 15 19 19 16  8 -3-10-15-17 *  2  2  1  0 -1 -2 -4 -4 -4 -2 -1  1  2	
 4946.344 -144.562
-33-26-11 11 30 40 41 34 21 -2-18-30-33 *  0  0  0 -1 -1 -3 -5 -6 -5 -2  0  1  1	
-16-11 -3  7 15 19 20 16  9 -3 -9-15-17 *  2  2  1  0  0 -1 -3 -4 -3 -2 -1  1  1	
 4946.344 -143.202
-33-26-11 10 29 39 40 34 21 -1-18-29-33 *  0  0 -1 -1 -1 -2 -4 -5 -5 -2  0  1  0	
-16-11 -3  6 15 19 20 16  9 -2 -9-15-17 *  1  1  1  0  0 -1 -2 -3 -3 -2 -1  1  1	
 4946.344 -141.842
-33-27-12  9 29 38 39 32 20 -1-18-30-33 * -1 -2 -1  0  1  0 -1 -3 -3 -1  0  0 -1	
-16-11 -3  6 14 19 19 16  9 -2 -9-14-16 *  1  1  1  0  0  0 -1 -2 -2 -2 -1  0  0	
 4946.344 -140.482
-35-28-13  8 29 38 36 29 16 -3-21-32-36 * -2 -2 -1  0  3  3  1 -2 -2  0  1 -1 -2	
-16-11 -4  6 14 19 19 16  9 -2 -8-14-17 *  1  0  0  0  0  0 -1 -1 -1 -1 -1  0  1	
 4946.344 -139.122
-35-28-13  8 29 38 37 30 17 -2-20-32-35 * -3 -2 -1  0  2  3  1 -1 -1  0  1 -1 -2	
-16-12 -4  5 14 18 19 16  9 -2 -8-14-17 *  0  0  0  0  1  1  1  0 -1 -1 -1  0  0	
 4946.344 -137.762
-34-28-14  8 28 38 39 34 21  0-17-30-34 * -4 -4 -3 -1  1  3  2  1 -1  0 -1 -2 -3	
-16-12 -4  5 13 18 19 16  9 -1 -8-14-17 * -1 -1 -1  0  1  1  1  1  0 -1 -1 -1 -1	
 4946.344 -136.402
-34-29-14  8 28 38 39 34 22  0-16-30-34 * -5 -5 -3 -1  1  3  3  2  0  0 -1 -2 -4	
-17-12 -5  5 13 18 19 16 10 -1 -8-14-17 * -2 -2 -1  0  1  2  2  1  1  0 -1 -1 -1	
 4946.344 -135.042
-35-29-15  7 27 38 39 34 22  0-16-30-34 * -6 -5 -4 -1  2  4  4  3  1  0 -1 -3 -5	
-17-13 -5  4 13 18 19 16 10 -1 -8-14-17 * -2 -2 -2  0  1  2  2  2  1  0 -1 -1 -2	
 4946.344 -133.682
-36-30-15  7 27 38 39 34 22  0-17-30-35 * -6 -6 -4 -1  2  5  6  4  2  1 -1 -3 -6	
-17-13 -5  4 13 18 20 17 10 -1 -8-14-17 * -3 -3 -2  0  2  3  3  3  2  0 -1 -2 -3	
 4946.344 -132.322
-36-30-15  7 27 38 39 34 22  0-17-31-36 * -7 -6 -4 -1  3  5  6  5  2  1 -1 -4 -7	
-17-13 -6  4 13 18 19 17 10 -1 -8-14-17 * -4 -4 -3 -1  2  3  4  3  2  0 -1 -2 -3	
 4946.344 -130.962
-37-31-16  7 28 39 39 34 22 -1-17-32-37 * -7 -6 -4 -1  3  6  7  6  3  1 -1 -4 -7	
-18-14 -6  4 13 18 20 17 10 -1 -8-15-18 * -4 -4 -3 -1  2  4  4  4  2  0 -1 -3 -4	
 4946.344 -129.602
-38-32-16  8 29 40 40 35 23 -1-18-33-38 * -7 -5 -3  0  4  7  8  7  4  2 -1 -4 -7	
-19-15 -7  4 13 19 20 17 11 -1 -8-15-19 * -4 -4 -3 -1  2  4  5  4  3  1 -1 -3 -4	
 4946.344 -128.242
-39-32-16  9 31 41 41 36 23 -1-19-36-39 * -6 -4 -2  1  5  7  9  8  5  2 -1 -5 -6	
-21-16 -7  4 14 20 21 18 11 -1 -8-16-21 * -5 -4 -2  0  2  5  5  5  3  1 -1 -3 -4	
 4946.344 -126.882
-41-33-17 10 33 44 43 37 24 -2-21-39-42 * -5 -3  0  2  5  7  9  8  5  3  0 -3 -5	
-23-17 -8  4 15 22 23 19 12 -1 -9-18-23 * -4 -3 -1  0  2  4  5  5  3  1  0 -2 -4	
 4946.344 -125.522
-41-33-16 11 35 45 44 38 24 -2-23-40-42 * -3 -1  1  2  5  7  9  8  6  4  1 -2 -3	
-23-17 -8  5 16 23 24 20 12 -1-10-19-24 * -3 -2 -1  1  3  4  5  5  4  1  0 -2 -3	
 4946.344 -124.162
-42-34-16 13 38 48 47 40 25 -3-25-42-43 * -1  0  2  2  3  5  7  7  5  4  2  0 -1	
-24-18 -7  6 18 25 26 22 13 -1-11-21-25 * -1  0  0  1  2  3  4  4  3  2  1  0 -1	
 4946.344 -122.802
-42-33-15 14 39 49 47 40 25 -4-26-42-43 *  1  2  3  2  1  2  5  5  4  5  4  3  1	
-24-17 -7  6 19 25 26 22 13 -1-11-21-25 *  1  1  1  1  1  1  2  2  2  2  2  1  1	
 4946.344 -121.442
-43-34-16 14 40 50 48 40 26 -5-28-44-44 *  4  4  4  0 -3 -2  1  3  3  6  6  6  4	
-24-18 -7  7 19 26 27 23 14 -2-12-22-26 *  3  3  2  0 -2 -2 -1  0  1  2  3  3  3	
 4946.344 -120.082
-43-35-17 11 38 50 47 39 25 -4-27-43-44 *  8  7  5 -1 -7 -7 -3  0  1  7 10 11  8	
-24-18 -7  6 17 25 26 22 13 -1-11-21-25 *  6  5  2 -1 -4 -5 -5 -3 -1  2  4  6  6	
 4946.344 -118.722
-43-35-18  9 36 48 46 39 24 -3-26-43-44 * 10  9  6 -2 -9-10 -5 -2  0  7 11 13 10	
-23-17 -7  5 16 23 24 21 13 -1-10-20-24 *  7  6  3 -1 -5 -7 -6 -4 -2  2  4  6  7	
 4946.344 -117.362
-44-36-19  9 36 50 48 40 25 -3-26-43-45 * 11 10  6 -1 -9-11 -6 -3  0  7 12 14 11	
-23-18 -8  5 16 23 25 21 13 -1-10-20-24 *  8  6  3 -1 -5 -7 -7 -5 -2  2  4  7  8	
 4946.344 -116.002
-43-36-19  7 34 48 47 39 24 -1-23-41-44 * 11 10  7 -1-10-12 -7 -3 -1  7 12 15 12	
-21-16 -7  4 14 21 23 19 12  0 -9-17-21 *  8  7  3 -1 -5 -7 -8 -6 -3  2  4  7  8	
 4946.345 -114.642
-42-36-19  6 33 47 46 38 24 -1-23-40-43 * 13 12  8 -1-11-14 -8 -4 -2  6 13 16 13	
-20-16 -7  4 13 20 21 19 12  0 -9-17-20 *  9  7  4 -1 -6 -8 -9 -7 -4  2  5  8  9	
 4946.345 -113.281
-42-35-19  6 32 47 46 38 24  0-21-40-43 * 12 11  7 -1-11-14 -8 -5 -2  6 12 16 13	
-19-15 -7  3 13 19 21 18 12  0 -8-16-19 *  9  7  4 -1 -5 -8 -9 -7 -4  1  4  7  9	
 4946.345 -111.921
-40-34-18  6 31 45 45 38 24  0-20-38-41 * 12 12  8 -1-11-14 -9 -5 -3  5 12 16 13	
-18-14 -7  3 12 18 20 17 11  0 -7-15-18 *  9  7  4 -1 -5 -8 -9 -7 -4  1  4  7  9	
 4946.345 -110.561
-37-32-18  5 29 42 42 36 24  1-18-34-38 * 13 12  8 -1-12-15-10 -6 -4  5 12 16 13	
-17-13 -6  3 11 17 18 16 11  0 -6-13-17 *  9  7  3 -1 -5 -8 -8 -7 -4  1  4  7  9	
 4946.345 -109.201
-35-30-17  5 27 40 40 34 23  1-17-32-35 * 12 11  8 -1-12-15-11 -7 -5  4 11 15 13	
-16-13 -6  2 10 16 18 16 10  1 -6-13-16 *  8  7  3 -1 -5 -8 -8 -7 -4  0  4  7  8	
 4946.345 -107.841
-33-28-16  4 25 37 37 33 23  1-15-30-33 * 12 11  8 -1-13-16-11 -8 -6  3 10 15 12	
-15-13 -6  2 10 15 17 15 10  1 -6-12-15 *  8  6  3 -1 -5 -7 -8 -7 -4  0  3  6  8	
 4946.345 -106.481
-31-27-16  4 24 36 36 32 22  1-14-28-31 * 12 11  8 -2-13-16-11 -8 -6  3 10 15 12	
-15-12 -6  2  9 14 16 15 10  1 -5-12-15 *  8  6  3 -1 -5 -7 -7 -7 -4  0  3  6  7	
 4946.345 -105.121
-30-26-16  4 24 35 35 31 22  1-14-27-30 * 11 10  7 -1-12-15-11 -8 -7  2  9 14 11	
-15-12 -6  1  9 14 16 14 10  1 -5-11-14 *  7  6  3 -1 -4 -6 -7 -6 -4  0  3  5  7	
 4946.345 -103.761
-28-25-15  3 22 33 33 29 21  1-13-25-28 * 11 10  7 -1-12-15-11 -8 -7  2  9 13 11	
-14-11 -6  1  8 13 15 14  9  1 -5-10-14 *  7  5  3 -1 -4 -6 -6 -6 -4  0  2  5  6	
 4947.234 -145.242
-34-28-12 11 31 42 44 38 24 -2-19-31-34 *  0  0  0  0 -1 -2 -4 -5 -6 -3 -1  0  0	
-17-12 -3  7 16 20 21 17  9 -3-10-16-18 *  2  2  1  1  0 -2 -3 -4 -4 -3 -1  1  1	
 4947.234 -143.882
-33-27-12 10 29 40 42 37 23 -1-18-30-33 * -1 -1  0  0  0 -1 -2 -4 -4 -2 -1  0 -1	
-16-11 -3  7 15 19 20 16  9 -2 -9-15-17 *  1  1  1  1  0 -1 -2 -3 -3 -2 -1  0  1	
 4947.234 -142.522
-34-28-13  9 29 39 41 36 23 -1-18-30-34 * -1 -1 -1  0  0  0 -1 -2 -3 -2 -1 -1 -1	
-17-12 -4  6 15 19 20 17  9 -2 -9-15-17 *  1  1  1  1  0  0 -1 -2 -2 -2 -1  0  1	
 4947.234 -141.162
-34-28-13  8 28 38 40 34 21 -1-18-30-34 * -2 -2 -1  0  1  1  0 -1 -2 -1  0 -1 -2	
-16-12 -4  5 14 19 19 16  9 -2 -8-15-17 *  1  1  1  1  0  0 -1 -1 -2 -2 -1  0  0	
 4947.234 -139.802
-35-28-13  8 28 38 39 33 21 -1-18-31-35 * -2 -2 -1  0  1  2  1  0 -2  0  0 -1 -2	
-16-12 -4  5 14 19 19 16  9 -2 -8-15-17 *  0  0  0  0  1  1  0 -1 -1 -1 -1  0  0	
 4947.234 -138.442
-35-29-14  8 28 38 40 35 23  0-17-30-35 * -3 -3 -2 -1  1  2  2  1 -1  0  0 -1 -3	
-17-12 -5  5 14 19 20 17 10 -1 -8-15-17 *  0  0  0  0  1  1  1  0 -1 -1 -1  0  0	
 4947.234 -137.082
-35-29-15  7 28 38 40 35 23  0-16-30-35 * -4 -4 -3 -1  1  3  3  2  0  0 -1 -2 -3	
-17-13 -5  5 14 19 20 16 10 -1 -8-15-17 * -1 -1 -1  0  1  2  1  1  0 -1 -1 -1 -1	
 4947.234 -135.722
-36-30-16  7 27 39 40 35 23  0-17-31-35 * -4 -4 -3 -1  2  3  4  3  1  0  0 -2 -4	
-17-13 -5  5 13 19 20 17 10 -1 -8-15-17 * -2 -2 -1  0  1  2  2  1  1 -1 -1 -1 -2	
 4947.234 -134.362
-36-31-16  6 27 38 39 35 23  0-16-31-36 * -5 -4 -3 -1  2  4  5  4  1  1  0 -2 -4	
-17-13 -5  4 13 19 20 17 10 -1 -8-14-17 * -2 -2 -1  0  1  2  2  2  1  0 -1 -1 -2	
 4947.234 -133.002
-37-32-17  6 27 39 40 35 23  0-17-31-37 * -5 -5 -3 -1  2  5  6  5  2  1  0 -2 -5	
-18-14 -6  4 13 19 20 17 11 -1 -8-15-18 * -3 -3 -2  0  2  3  3  2  2  0 -1 -2 -3	
 4947.234 -131.642
-38-32-17  6 27 39 40 35 23  0-17-32-37 * -6 -5 -3 -1  3  5  6  6  3  2  0 -2 -5	
-18-14 -7  3 13 19 20 18 11  0 -8-15-18 * -3 -3 -2  0  2  3  4  3  2  0 -1 -2 -3	
 4947.234 -130.282
-38-33-18  6 28 40 41 35 23  0-17-32-38 * -5 -4 -3 -1  3  5  7  6  3  2  0 -2 -5	
-19-15 -7  3 13 19 21 18 11  0 -8-15-19 * -3 -3 -2  0  2  3  4  3  2  0 -1 -2 -3	
 4947.234 -128.922
-40-34-18  6 29 41 42 36 24  0-18-34-40 * -6 -4 -2  0  3  6  7  7  4  3  1 -2 -5	
-20-16 -7  3 13 20 22 19 12  0 -8-16-20 * -4 -3 -2  0  2  4  4  4  3  1 -1 -2 -3	
 4947.234 -127.562
-40-34-18  6 29 42 42 37 24  0-19-35-40 * -5 -3 -1  0  3  6  8  7  5  3  1 -2 -5	
-20-16 -8  4 14 21 22 19 12  0 -8-16-20 * -3 -3 -2  0  2  4  5  4  3  1  0 -2 -3	
 4947.234 -126.202
-40-33-18  7 30 43 43 37 24 -1-19-35-40 * -3 -2  0  1  3  5  7  7  5  4  2 -1 -3	
-20-16 -7  4 14 21 22 19 12  0 -8-16-20 * -3 -2 -1  0  2  3  4  4  3  1  0 -1 -2	
 4947.234 -124.842
-41-34-18  7 31 43 43 37 24 -1-20-37-41 * -2 -1  1  1  1  3  6  6  5  4  3  1 -2	
-21-16 -7  4 15 21 23 20 13  0 -8-17-21 * -1 -1  0  0  1  2  3  3  3  2  1 -1 -1	
 4947.234 -123.482
-41-34-18  8 32 44 44 37 24 -1-20-38-41 *  0  1  2  1  0  1  4  5  4  5  4  3  0	
-21-16 -7  4 15 22 23 20 12  0 -9-17-21 *  0  0  0  0  0  1  1  2  2  2  2  1  0	
 4947.234 -122.122
-42-35-18  8 33 46 45 38 25 -1-22-39-43 *  3  4  3  0 -3 -2  2  3  3  6  7  6  4	
-22-17 -8  5 16 22 24 21 13  0 -9-18-23 *  3  2  1  0 -1 -2 -1  0  1  2  3  3  3	
 4947.235 -120.762
-43-35-18  8 34 47 46 39 25 -2-23-40-43 *  5  5  4  0 -4 -4  0  2  2  6  8  8  5	
-23-17 -8  5 16 23 25 21 13  0 -9-19-23 *  4  3  2  0 -2 -3 -2 -1  0  2  3  4  4	
 4947.235 -119.402
-44-36-19  8 34 48 47 40 25 -1-23-41-44 *  7  7  5  0 -6 -7 -3  0  1  6  9 10  8	
-23-18 -8  4 16 23 25 21 13  0 -9-19-23 *  6  4  2  0 -3 -4 -4 -3 -1  2  4  5  6	
 4947.235 -118.042
-44-37-20  7 34 49 48 40 25 -1-23-42-45 *  9  8  6 -1 -7 -8 -4 -1  0  6 11 12  9	
-22-17 -8  4 15 22 24 21 13  0 -9-18-23 *  6  5  3 -1 -4 -6 -5 -4 -2  2  4  6  6	
 4947.235 -116.682
-45-38-20  6 33 49 49 40 25  0-22-42-46 * 10 10  6  0 -8-10 -5 -2  0  6 11 13 11	
-21-17 -8  4 14 21 23 20 13  0 -9-17-22 *  8  6  3  0 -4 -6 -7 -5 -2  2  4  6  8	
 4947.235 -115.322
-46-39-20  5 33 49 50 41 24  0-22-42-47 * 10 10  6 -1 -8-10 -6 -2 -1  5 12 14 11	
-20-16 -7  3 13 20 22 19 12  0 -8-16-20 *  7  6  3 -1 -4 -7 -7 -5 -3  1  4  6  7	
 4947.235 -113.962
-45-39-20  5 32 49 49 40 24  1-21-41-46 * 10 10  7  0 -8-11 -6 -3 -1  5 11 14 12	
-19-15 -7  3 13 19 21 19 12  0 -7-15-19 *  8  6  3 -1 -4 -7 -7 -6 -3  1  4  6  8	
 4947.235 -112.602
-44-38-20  5 32 48 48 40 24  1-20-40-45 * 11 10  7 -1 -9-11 -7 -3 -1  5 11 14 12	
-18-15 -7  3 12 18 20 18 12  1 -7-15-18 *  8  7  3 -1 -5 -7 -7 -6 -3  1  4  6  8	
 4947.235 -111.241
-41-36-19  5 30 45 46 38 24  1-19-38-42 * 11 10  7 -1 -9-12 -8 -4 -2  5 11 14 12	
-18-14 -7  3 11 17 19 17 11  1 -7-14-18 *  8  7  3 -1 -5 -7 -7 -6 -4  1  4  6  8	
 4947.235 -109.881
-39-34-19  4 29 43 44 37 24  1-17-35-40 * 11 10  7 -1-10-13 -8 -5 -3  4 11 14 12	
-17-14 -7  2 11 17 19 17 11  1 -6-13-17 *  8  6  3 -1 -4 -7 -7 -6 -4  1  3  6  8	
 4947.235 -108.521
-36-31-18  4 27 40 41 35 24  1-16-32-36 * 11 10  7 -1-11-13 -9 -5 -4  4 10 14 11	
-16-13 -7  2 10 16 18 16 11  1 -6-13-16 *  7  6  3 -1 -4 -6 -7 -6 -4  0  3  6  7	
 4947.235 -107.161
-33-29-17  4 25 37 38 33 23  2-15-29-33 * 10 10  7 -1-11-14 -9 -6 -5  3  9 13 11	
-15-13 -6  2  9 15 17 15 10  1 -5-12-15 *  7  6  3 -1 -4 -6 -7 -6 -4  0  3  5  7	
 4947.235 -105.801
-32-28-17  3 24 37 37 33 23  2-14-28-32 * 10  9  7 -1-11-14 -9 -6 -5  3  9 12 10	
-15-13 -7  1  9 15 17 15 10  1 -5-12-15 *  6  5  3 -1 -4 -6 -6 -6 -4  0  2  5  6	
 4947.235 -104.441
-30-26-16  3 23 35 35 31 22  2-13-27-30 * 10  9  7 -1-11-14 -9 -7 -6  2  8 12 10	
-15-12 -6  1  9 14 16 14 10  1 -5-11-14 *  6  5  2 -1 -4 -5 -6 -5 -4  0  2  5  6	
