Cherbourg                	
 4938.994 -137.382
  0  0 -1 -1 -1 -1 -1  0  0  0  0  0  0 *  0  0  0  0  0  0  0  0  0  0  0  0  0	
  0  0  0  0  0  0  0  0  0  0  0  0  0 *  0  0  0  0  0  0  0  0  0  0  0  0  0	
 4938.994 -137.082
  0  0 -1 -2 -3 -2 -1 -1 -1  0  0  0  0 *  0  0  0 -1 -1 -1  0  0  0  0  0  0  0	
  0  0  0 -1 -1 -1 -1 -1  0  0  0  0  0 *  0  0  0  0  0  0  0  0  0  0  0  0  0	
 4938.994 -136.782
  0  0 -1 -2 -3 -2 -1 -1  0  0  0  0  0 *  0  0  0 -1 -1  0  0  0  0  0  0  0  0	
  0  0  0 -1 -1 -1 -1 -1  0  0  0  0  0 *  0  0  0  0  0  0  0  0  0  0  0  0  0	
 4938.994 -136.482
  0  0 -1 -1 -1  0  0  0  0  0  0  0  0 *  0  0  0 -1 -1 -1  0  0  0  0  0  0  0	
  0  0  0  0 -1 -1  0  0  0  0  0  0  0 *  0  0  0  0  0  0  0  0  0  0  0  0  0	
 4939.184 -137.832
  0  0  0  0 -1 -1  0  0  0  0  1  1  1 *  0  0  0  0  0  1  1  1  0  0  0  0  0	
  0  0  0  0  0  0  0  0  0  0  0  0  0 *  0  0  0  0  0  0  0  0  0  0  0  0  0	
 4939.184 -137.532
  0  0  0  0 -1 -1  0  0  0  0  1  1  1 *  0  0  0  0  1  1  1  1  0  0  0  0  0	
  0  0  0  0  0  0  0  0  0  0  0  0  0 *  0  0  0  0  0  0  0  0  0  0  0  0  0	
 4939.184 -137.232
  0  0 -1 -1  0  0  0  0  0  0  0  0  0 *  0  0  0  1  1  1  1  1  1  1  1  0  0	
  0  0  0  0  0  0  0  0  0  0  0  0  0 *  0  0  0  0  0  0  0  0  0  0  0  0  0	
 4939.184 -136.932
  0  0 -1 -1 -1  0  0  0  0  0  0  0  0 *  0  0  0  1  0  0  0  0  0  1  1  1  0	
  0  0  0 -1  0  0  0  0  0  0  0  0  0 *  0  0  0  0  0  0  0  0  0  0  0  0  0	
 4939.184 -136.632
  0  0 -1  0 -1  0  0  0  0  0  0  0  0 *  0  0 -1 -3 -3 -2 -1  0  0  1  1  1  0	
  0  0  0  0  0  0  0  0  0  0  0  0  0 *  0  0 -1 -1 -1 -1  0 -1  0  0  0  0  0	
 4939.184 -136.332
  0  0  0  0  0  0  0  0  0  0  0  0  0 *  0  0 -2 -1  0  1  1  1  1  1  1  1  0	
  0  0  0  0  0  0  0  0  0  0  0  0  0 *  0  0 -1 -1 -1 -1  0  0  1  0  0  0  0	
 4939.374 -137.682
  0  0  0  0  0  0  0  0  0  0  0  0  0 *  0  0  0  0  0  0  0  0  0  0  0  0  0	
  0  0  0  0  0  0  0  0  0  0  0  0  0 *  0  0  0  0  0  0  0  0  0  0  0  0  0	
 4939.374 -137.382
  0  0  0  0  0  1  1  1  0  0  0  0  0 *  0  0  0  1  1  1  1  0  0  0  0  0  0	
  0  0  0  0  0  0  0  0  0  0  0  0  0 *  0  0  0  0  0  0  0  0  0  0  0  0  0	
 4939.374 -137.082
  0  0  0  0  1  2  1  1  1  1  0  0  0 *  0  0  1  2  2  1  0  0  1  1  1  1  1	
  0  0  0  0  0  0  1  1  1  1  1  0  0 *  0  0  0  1  1  0  1  0  0  0  0  0  0	
 4939.374 -136.782
  0  0  1  2  2  0 -1  0  0  0  0  0  0 *  1  0 -2 -2 -2 -1  0  1  1  2  2  1  1	
  0  0  1  1  1  1  0  0  0  0  0  0  0 *  0  0 -1 -1 -1  0  0  0  1  1  1  1  0	
 4939.374 -135.882
  2  5  6  6  4  0 -2 -5 -5 -4 -1  1  3 * -1 -1 -1 -1 -1  0  1  1  1  1 -1 -1 -1	
  0  2  4  4  3  2  0 -2 -3 -3 -2  1  4 * -1 -1 -1 -1 -1  0  0  1  1  1  0 -1 -1	
 4939.374 -135.582
  1  2  3  3  2  1 -1 -2 -3 -1  1  1  1 *  0  0 -1 -1  0  0  0  1  0  0  0  1  1	
  0  1  2  2  2  1  0 -1 -2 -1 -1  1  2 *  0  0 -1 -1  0  0  0  0  0  0  0  0  0	
 4939.374 -135.282
  1  3  4  3  3  1 -1 -3 -3  0  1  0  0 *  1  1  1  0  0  0 -1 -1 -1 -1  1  1  1	
  1  2  3  3  2  1  0 -1 -2 -1  0  2  1 *  0  1  1  0  0  0  0  0 -1 -1  0  1  1	
 4939.374 -134.982
  0  3  4  4  3  1  0 -3 -1  1  1  0  0 *  0  0  1  0  0  0 -1 -1 -2  1  1  0  0	
  1  2  2  3  2  1  0 -1 -1  0  2  1  1 *  0  0  1  1  0  0  0  0 -1  0  1  1  0	
 4939.374 -134.682
  0  2  3  3  3  2  0 -2  2  2  1  0  0 *  0 -1  0  1  0  0 -1 -1  0  2  1  0  1	
  1  2  2  2  2  1  0 -1  1  1  1  2  1 * -1  0  1  1  0  0  0 -1  0  1  1  1  0	
 4939.374 -134.382
  0  1  2  2  2  1  0  0  1  1  1  1  0 *  0  1  1  2  1  1  0  0  1  1  1  1  1	
  0  1  2  2  1  1  0  0  1  1  1  2  1 *  0  1  1  1  1  1  0  0  1  1  1  1  1	
 4939.564 -140.232
  0  0 -1  1  2  2  1  1  0  0  0  0  0 *  0 -1  0 -1  0  0  0  0  0  0  0  0  0	
 -1 -1  1  0  0  1  1  1  0  0  0  0 -1 *  0  0  0  0  0  0  0  0  0  0  0  0  0	
 4939.564 -139.932
  0  2  0  1  1  1  1  0  0  0  0  0  1 *  0  0  0  1  1  1  1  1  1  0  1  1  1	
 -2 -2 -1  1  0  1  0  1  0  0  0  0 -2 *  1  2  0  0  1  1  0  1  0  0  0  0  2	
 4939.564 -139.632
  0  0 -3 -5 -5 -4 -3 -3 -2 -1  0  0  1 *  0  0  2  2  2  2  2  1  1  1  0  0  0	
  1  3 -2 -3 -3 -2 -2 -1 -2 -1  0  1  2 *  1  0  0  1  1  1  1  1  1  0  0  0  1	
 4939.564 -139.332
  1  1 -4 -8 -9 -7 -5 -5 -4 -3 -1  0  1 *  0  0  0  1  2  2  2  1  1  1  0  0  0	
  1  1 -1 -4 -5 -5 -4 -3 -3 -2 -1  0  1 *  0  0  0  1  1  1  1  1  1  1  1  0  0	
 4939.564 -139.032
  1  2 -1 -5 -7 -6 -5 -4 -3 -2  0  1  1 *  0 -1 -1 -1  0  0  0  0  0  0  0  0  0	
  1  1  1 -2 -4 -4 -4 -3 -3 -2 -1  0  0 *  0  0 -1 -1  0  0  0  0  0  0  0  0  0	
 4939.564 -138.732
  1  3  2 -3 -6 -5 -4 -3 -3 -2  0  1  1 *  0  0 -1 -3 -4 -3 -2 -2 -1 -1  0  0  0	
  1  2  2 -1 -3 -4 -4 -2 -2 -2 -1  0  1 *  0  1  0 -1 -2 -2 -2 -1 -1 -1  0  0  0	
 4939.564 -137.232
  2  3  3  3  3  1  0 -2 -2 -1  1  1  2 *  0 -1 -1  0  0  1  1  0  1  1  0  0  0	
  2  2  2  2  2  1 -1  0 -1 -1  0  1  1 * -1 -1 -1  0  0  0  0  0  0  0  0  0  0	
 4939.564 -136.932
  1  3  4  4  4  2 -1 -2 -3 -2 -1  0  1 *  0 -1 -1 -1 -1  0  0  1  2  2  2  1  1	
  1  2  3  3  2  1  0  0 -2 -2 -1  0  1 *  0  0 -1 -1 -1  0  0  0  1  1  1  1  0	
 4939.564 -136.632
  0  2  3  4  3  1 -1 -2 -2 -2 -1 -1  0 *  1  0 -2 -4 -3 -2  0  2  2  2  3  2  1	
  0  1  3  3  2  1  0 -1 -2 -2 -1 -1  0 *  1  0 -1 -2 -2 -1  0  0  1  1  1  1  1	
 4939.564 -136.332
  0  3  6  6  6  3  0 -3 -5 -5 -4 -3 -1 *  1  0 -2 -2 -2 -1  0  1  1  1  2  1  0	
 -1  2  4  4  4  3  0 -1 -3 -3 -3 -1  0 *  1  0 -1 -1 -1 -1  0  0  1  1  1  1  0	
 4939.564 -136.032
 -3  3  7  7  7  4  1 -3 -5 -6 -7 -6 -2 *  1  0  0  0  0  0  0  0  0  0  0  0  0	
 -3  1  4  5  4  3  1 -1 -3 -4 -4 -3 -2 *  1  1  0  0  0  0  0  0  0  0  0  0  0	
 4939.564 -135.732
 -3  0  4  5  5  3  1 -2 -3 -5 -7 -6 -3 *  0  0  0  0  0  0  0  0  0  0  0  0  1	
 -3 -1  2  3  3  2  1 -1 -2 -3 -4 -5 -3 *  0  0  0  0  0  0  0  0  0  0  0  0  0	
 4939.564 -135.432
 -5 -1  4  6  5  3  1 -2 -4 -8-11 -8 -5 *  1  1  0  1  0  0  0 -1  0  0  0  1  1	
 -4 -2  1  3  3  2  1 -1 -2 -4 -7 -9 -6 *  0  0  0  0  0  0  0  0  0  0  0  1  2	
 4939.564 -135.132
 -5  0  3  4  4  2  1 -2 -5-11-12-10 -6 *  0  1  1  1  1  0  0 -1  0 -1  0  0  0	
 -4 -2  0  2  2  2  1 -1 -3 -6 -9-11 -8 *  0  0  1  1  1  0  0  0  0  0 -1  0  0	
 4939.754 -140.682
  0  0  0  0  0  1  1  1  0  0  0  0  0 *  0  0  0  0 -1 -1 -1 -1  0  0  0  0  0	
  1  1 -1  0  0  0  0  1  0  0  0  0  1 *  0  0  0  0  0  0 -1  0  0  0  0  0  0	
 4939.754 -140.382
  0  0 -1 -1  0  1  1  1  1  1  1  1  0 *  0  0  0  0 -2 -2 -2 -1  0  0  0  0  0	
  0  0  0  0  0  0  0  1  0  0  0  0  0 * -1 -1  0  0  0 -1 -1 -1 -1  0  0  0 -1	
 4939.754 -140.082
  1  0 -2 -4 -1  0  1  1  1  1  1  1  1 *  0 -1  0  1  2  2  1  1  1  1  0  0  0	
  0  0 -1 -1 -1  0  0  1  0  1  1  1  0 *  0  0  0  1  0  0  0  1  0  0  0  0  0	
 4939.754 -139.782
  1  0 -5 -7 -5 -3 -2 -2 -2 -1  0  1  1 *  0 -1  1  4  5  5  4  3  3  2  1  0  0	
  1  1 -2 -3 -3 -2 -2  0 -1 -1  0  1  1 *  0  0  1  2  3  3  2  2  2  2  1  0  0	
 4939.754 -139.482
  2  1 -5 -8 -7 -5 -4 -4 -3 -3 -1  0  1 *  0 -1  0  2  3  3  3  3  2  2  1  1  0	
  1  0 -2 -4 -4 -4 -4 -2 -3 -2 -1  0  1 *  0 -1  0  1  2  2  2  2  2  2  1  1  0	
 4939.754 -139.182
  1  3 -2 -5 -5 -3 -3 -4 -3 -4 -2 -1  0 *  0 -2 -3 -1  1  1  0  0  1  1  1  0  0	
  1  1  0 -3 -4 -3 -3 -2 -3 -2 -2  0  0 *  0 -1 -2 -1  1  1  0  1  0  1  1  0  0	
 4939.754 -138.882
  1  3  3  1 -1  0  0 -2 -2 -5 -3 -1  0 *  0 -1 -4 -5 -4 -3 -2 -2  0  1  0  0  0	
  1  2  2  1 -1 -1 -2 -1 -1 -2 -2 -1  0 *  0 -1 -2 -3 -2 -2 -2 -1 -1  1  0  0  0	
 4939.754 -138.582
  1  4  6  6  4  3  2  0 -3 -6 -3 -1  0 *  0 -1 -2 -5 -6 -4 -3 -2  1  0  0  0  0	
  1  3  4  4  2  1  0  1 -1 -3 -2 -1  0 *  0  0 -1 -3 -3 -3 -2 -2  0  0  0  0  0	
 4939.754 -138.282
  2  5  9 10  9  7  5  2 -5 -6 -3 -1  0 *  0  0 -1 -3 -4 -3 -2 -1  1  0  0  0  0	
  2  3  5  6  5  4  2  2 -2 -4 -3  0  1 *  0  0  0 -1 -2 -2 -2 -1  1  0  0  0  0	
 4939.754 -137.982
  2  5  9 12 13 10  7  2 -7 -7 -3 -1  0 *  0  0  0 -1 -2 -2 -1  0  1  0  0  0  0	
  2  3  5  6  6  6  3  2 -3 -5 -3  0  1 *  0  0  0  0 -1 -1  0  0  1  0  0  0  0	
 4939.754 -137.682
  2  5  8 11 13 11  7  2 -7 -6 -3 -1  1 * -1 -1 -1 -1 -1 -1  0  2  1  1  0  0 -1	
  2  3  5  6  6  6  3  2 -4 -4 -3  0  1 * -1 -1 -1 -1 -1 -1  0  1  1  1  0  0  0	
 4939.754 -137.382
  1  5  8 11 12 11  7  0 -7 -7 -4 -2  0 * -1 -2 -2 -2 -1  0  1  2  2  1  1  0  0	
  1  3  5  6  6  5  2  1 -4 -4 -3 -1  0 * -1 -1 -1 -1 -1  0  0  0  1  1  1  0  0	
 4939.754 -137.082
  1  4  7 10 11 10  7  0 -7 -7 -5 -3 -1 *  1 -2 -2 -2 -1  0  1  1  2  2  2  2  1	
  0  2  5  5  6  5  2  1 -4 -5 -3 -1  0 *  0 -1 -1 -1 -1  0  0  0  1  1  1  1  0	
 4939.754 -136.782
  0  4  7  9 10  9  6  0 -6 -7 -5 -3 -1 *  2  0 -2 -2 -1  0  0  1  1  2  3  3  2	
  0  2  4  5  5  5  1  0 -3 -4 -4 -1  0 *  1  0 -1 -1 -1  0  0  0  1  1  2  1  1	
 4939.754 -136.482
 -1  4  7  9 10  8  5  0 -6 -7 -5 -3 -2 *  2  1 -1 -1 -1  0  0  0  0  1  2  3  2	
 -1  2  5  5  5  5  1  0 -3 -5 -4 -1  0 *  2  1  0 -1  0  0  0  0  1  1  1  2  1	
 4939.754 -136.182
 -1  3  7  9  9  8  5  0 -5 -7 -4 -3 -3 *  2  1 -1  0  0  0  0  0  0 -1  1  2  2	
 -1  2  5  5  5  5  2  0 -3 -5 -4 -2 -1 *  2  2  0  0  0  0  0  0  0  0  0  2  2	
 4939.754 -135.882
  0  2  5  7  7  6  4  0 -3 -3 -2 -2 -3 *  1  2  1  1  1  1  1  0 -1 -1  0  1  1	
  0  2  3  4  4  3  1  0 -2 -3 -2 -1 -2 *  0  1  2  1  1  1  0  0 -1 -1  0  2  2	
 4939.754 -135.582
  0  2  4  6  6  5  3  0 -2 -1 -1 -2 -2 *  0  1  2  2  2  1  1 -1 -2  1  0  0  0	
  0  1  3  4  4  3  1  0 -2 -1 -1 -2 -4 * -1  0  2  2  2  1  0  0 -1 -1  1  2  2	
 4939.754 -135.282
  1  2  3  5  5  4  2 -1 -1  0 -1 -2 -1 *  0  0  2  2  2  1  0 -1  0  2  1  0  0	
  0  1  2  2  3  2  1  0 -1  0  0 -2 -2 *  0  0  2  2  2  1  0  0  0  1  1  1  0	
 4939.754 -134.982
  0  2  2  3  4  3  2 -1  0  0  0 -1  0 *  0 -1  1  2  2  1  0  0  1 -1 -1 -1 -1	
  0  1  2  1  1  2  1 -1 -1  0  0  0  0 *  0  0  0  1  1  1  0  0  1  0  0 -1 -1	
 4939.754 -134.682
  0  3  4  4  4  3  2 -1  0 -1 -1 -1 -1 *  0 -1  0  1  0  0  0  0 -1 -1  0  0  0	
  0  1  2  2  2  2  1 -1  0 -1 -1 -1  0 * -1 -1  0  0  1  0  0  0 -1  0  0  0  0	
 4939.754 -134.382
  1  3  4  4  4  3  2  1  2  2  3  3  2 * -2 -3 -3 -3 -3 -2 -2  0 -1 -1 -4 -4 -3	
  1  1  2  3  3  2  1  0  1  2  3  3  2 * -1 -2 -2 -2 -2 -1 -1  1 -2 -1 -2 -4 -3	
 4939.754 -134.082
 -2  0 -1 -4 -2  0  0 -2 -6 -7 -9 -5 -3 * -1 -3 -3 -3 -3 -4 -2  4  5  7  9  3  2	
 -2  0  0 -1 -2 -1  1 -2 -4 -4 -8 -6 -6 *  0  0 -3 -2 -1 -1  2  3  4  3  8  3  2	
 4939.944 -140.832
 -1  0  0  0  0  0  0  0  0  0  0  0  0 *  0  0  0  0  0 -1 -1  0  0  0  0  0  0	
  0 -1  0  0  0  0  0  0  0  0  0  0 -1 *  1  1 -1  0  0  0  0  0  0  0  0  0  1	
 4939.944 -140.532
  0  0  0 -1 -1  0  0  0  0  0  0  0  0 *  0  0  0  1  0 -1 -1 -1 -1  0  0  0  0	
  0  0  0  0  0  0  0  0  0  0  0  0  0 *  0  0  0  0  0  0 -1  0  0  0  0  0  0	
 4939.944 -140.232
  0  0 -1 -1 -2 -1 -1  0  1  1  1  1  0 *  0  0  1  2  1  0  0  0  0  0  0  0  0	
  0  0  0  0 -1 -1 -1  0  0  0  0  0  0 *  0  0  0  1  1  0 -1  0  0  0  0 -1 -1	
 4939.944 -139.932
  0 -1 -2 -2 -2 -2 -1  0  0  0  0  0  1 *  0  0  2  3  4  4  4  4  3  2  1  1  0	
  0  0 -1 -1 -1 -1 -1  0 -1  0  0  0  0 *  0  0  1  2  2  2  2  2  2  2  1  0  0	
 4939.944 -139.632
  0 -1 -3 -3 -2 -1 -1 -2 -2 -1 -1  0  0 *  0 -1  1  2  3  3  3  4  3  3  2  1  0	
  0 -1 -2 -1 -1 -1 -1 -1 -2 -1 -1  0  0 *  0 -1  1  2  2  2  2  3  3  2  2  1  0	
 4939.944 -139.332
  1  1 -1  0  1  1  0 -2 -3 -3 -2 -1  0 *  0 -3 -5 -2 -1 -1  0  1  1  3  2  1  0	
  1  1 -1  0  0  0 -1 -1 -3 -2 -1  0  1 *  0 -2 -3 -1  0  0  0  1  1  1  1  0  0	
 4939.944 -139.032
  1  3  5  5  5  4  2 -1 -3 -5 -3 -2 -1 *  0 -3 -9 -9 -6 -4 -3 -2  1  3  2  1  0	
  1  2  3  3  2  2  1  0 -2 -2 -2  0  0 * -1 -2 -5 -5 -3 -2 -2 -1 -1  1  1  0  0	
 4939.944 -138.732
  0  4  9 12 11  8  5  0 -4 -6 -4 -2 -1 *  0 -2 -7-11-11 -8 -5 -3  1  2  1  1  0	
  1  3  6  7  6  5  3  2 -2 -3 -2 -1  0 *  0 -1 -4 -6 -6 -5 -4 -3 -1  2  1  0  0	
 4939.944 -138.432
  0  4 10 14 14 10  6  1 -4 -6 -4 -3 -1 *  0 -1 -3 -7 -9 -7 -5 -3  2  1  1  0  0	
  1  3  6  7  8  6  4  2 -2 -3 -3 -1  0 *  0 -1 -2 -3 -5 -5 -4 -2  1  1  0  0  0	
 4939.944 -138.132
  0  4 10 15 16 12  7  1 -5 -7 -4 -3 -1 *  0 -1 -1 -3 -6 -5 -3 -1  2  1  0  0  0	
  1  3  6  8  8  8  4  3 -2 -4 -3 -1  0 *  0  0  0 -1 -2 -3 -2  0  2  1  0  0  0	
 4939.944 -137.832
  0  4  9 14 17 13  8  2 -6 -6 -4 -3 -1 *  0 -1  0 -1 -2 -2 -1  1  2  1  1  0  0	
  1  3  5  7  8  8  4  3 -2 -4 -3 -1  0 *  0  0  0  0 -1 -1  0  1  2  1  0  0  0	
 4939.944 -137.532
 -1  4  8 12 15 12  8  2 -5 -6 -4 -3 -1 *  0 -1 -1  0  0  0  1  3  2  1  1  1  0	
  0  2  5  6  7  7  3  2 -3 -4 -3 -1  0 *  0 -1 -1  0  0  0  1  1  1  1  1  0  0	
 4939.944 -137.232
 -1  3  7 11 12 10  7  2 -5 -6 -5 -3 -2 *  1 -1 -1 -1  1  2  2  2  1  2  2  2  1	
  0  2  5  6  6  5  2  1 -3 -4 -3 -1  0 *  1 -1 -1 -1  0  1  1  1  1  1  1  1  0	
 4939.944 -136.932
 -1  3  7 10 11  9  6  2 -5 -6 -4 -3 -2 *  2 -1 -1 -1  1  2  2  2  1  3  3  2  2	
  0  2  4  5  6  5  2  1 -3 -4 -3 -1  0 *  1  0 -1 -1  0  0  1  0  1  1  2  1  1	
 4939.944 -136.632
  0  3  7 10 10  9  6  1 -5 -8 -4 -2 -1 *  2  1 -1  0  1  2  2  1  1  3  3  3  2	
  0  2  5  6  6  5  2  1 -3 -5 -3 -1  0 *  2  1  0  0  0  1  1  0  1  1  2  2  1	
 4939.944 -136.332
  1  4  7  9 10  8  6  1 -6 -9 -4 -1  0 *  2  1 -1  0  1  2  2  1  0  0  1  2  2	
  1  3  5  5  5  5  2  0 -3 -6 -4 -1  1 *  2  2  0  0  0  0  1  0  0  0  1  2  2	
 4939.944 -136.032
  2  4  7  9  9  8  5  1 -6 -9 -3  0  1 *  1  2  1  1  2  2  2  0 -3 -6 -2  1  1	
  1  4  5  5  5  5  2  0 -3 -6 -4  0  2 *  1  2  2  1  1  1  1  0 -1 -3 -3  2  3	
 4939.944 -135.732
  1  4  6  7  8  6  4  0 -3 -2 -1  0  1 *  0  2  4  4  4  3  2  0 -4 -6 -2  0  1	
  1  3  4  5  5  4  2  0 -2 -2 -1  1  2 * -1  2  4  3  3  2  1  0 -2 -4 -3  1  2	
 4939.944 -135.432
  1  3  4  5  5  5  3  0  1  1  1  1  0 *  0  1  5  5  5  4  2  0 -3  1  0  0  0	
  1  2  3  3  3  3  1  0 -1  1  1  1  2 * -1  1  3  4  4  3  1  0 -2 -1  0  1  0	
 4939.944 -135.132
  1  2  2  3  3  3  2  0  0  0  1  0  0 *  0 -1  2  4  4  3  1  0  1  2  1  0 -1	
  0  1  2  2  1  1  1  0  0  1  0  1  1 *  0  0  1  3  3  2  1  0  0  1  1  0 -1	
 4939.944 -134.832
  0  2  2  2  2  2  2  0  0 -1 -1  0  0 *  0  0  0  2  2  2  1  0  0  0  0  0  0	
  0  1  1  2  1  1  1  0  0  0  0  1  1 *  0  0  0  1  1  1  0  0  0  0  0 -1 -1	
 4939.944 -134.532
  0  2  3  3  3  3  2  0  0 -1 -1 -1  0 * -1 -1 -1  0  0  0  0  0  0  0  0 -1 -1	
  0  1  1  2  2  2  1  0  0  0 -1  0  0 * -1 -1  0  0  0  0  0  0 -1  0  0 -1 -1	
 4939.944 -134.232
 -1  1  1 -2 -1  0  1 -1 -7 -8 -8 -5 -3 *  1 -4 -4  2  1 -2 -2  3 10 12 14  6  4	
 -1  0  2  0 -1 -1  0  0 -5 -5 -8 -8 -7 *  1 -1 -3 -1  2  1  0  3  7  7 13 10  9	
 4939.944 -133.932
 -2  2  2 -4 -6 -4  2  0 -8 -8 -9 -6 -4 * -1 -4 -6  1  3 -1  0  6  7 11 14  6  4	
 -2  1  2  1 -3 -4 -2 -1 -5 -6 -9-11-11 *  0 -1 -3 -3  1  3  4  5  5  6 13  5  5	
 4940.134 -140.682
  0  0  0  0  0 -1 -1  0  0  0  0  0  0 *  0  0  0  0  0  0  0  0  0  0  0  0  0	
  0  0  0  0  0  0  0  0  0  0  0  0  0 *  0  0  0  0  0  0  0  0  0  0  0  0  0	
 4940.134 -140.382
  0  0  0  0  0 -1 -1 -1  0  0  0  0  0 *  0  0  0  1  0  0  0  0  0  0  0  0  0	
  0  0  0  0  0  0 -1  0  0  0  0  0  0 *  0  0  0  0  0  0  0  0  0  0  0  0  0	
 4940.134 -140.082
  0 -1  1  2  1  0 -1 -1  0  0  0  0  0 *  0  1  1  1  2  1  1  1  1  1  1  0  0	
  0  0  0  1  1  1  0  0  0  0  0 -1 -1 *  0  0  1  1  1  1  1  1  1  1  0  0  0	
 4940.134 -139.782
  0 -1  3  4  4  3  2  2  1  1  1  0  0 *  0  1  2  2  2  2  2  5  5  5  3  2  0	
  0  0  1  2  2  2  1  2  1  1  0  0  0 * -1  1  1  1  1  1  1  3  4  3  2  1  0	
 4940.134 -139.482
  0  2  5  5  5  4  3  0 -3 -3 -2 -2  0 *  0 -6 -5 -2 -1 -1  0  3  4  5  3  2  1	
  1  1  3  3  3  3  2  1 -2 -2 -1  0  1 * -1 -4 -3 -1  0  0  0  2  2  2  2  0 -1	
 4940.134 -139.182
  0  4  9 12 11  7  4 -1 -6 -6 -4 -3 -1 *  0 -4-11-12 -9 -6 -3 -1  3  5  3  2  1	
  1  3  5  7  6  5  2  1 -3 -4 -3 -1  0 *  0 -3 -7 -7 -5 -3 -3 -1  0  2  2  1  0	
 4940.134 -138.882
  0  5 10 14 14 10  5 -1 -7 -6 -4 -3 -1 *  0 -3-10-14-13 -9 -5 -2  2  4  2  1  1	
  1  3  6  8  8  7  3  1 -4 -5 -3 -1  0 *  0 -2 -5 -8 -7 -6 -4 -2  0  3  2  1  0	
 4940.134 -138.582
  0  5 12 17 16 11  6 -3 -7 -6 -4 -2 -1 *  0 -1 -5-11-12 -9 -6 -2  2  2  1  1  0	
  1  3  7  9  9  8  3 -1 -5 -4 -2  0  1 *  0 -1 -2 -5 -7 -6 -4 -2  0  2  1  0  0	
 4940.134 -138.282
  0  5 10 15 13  7  2 -4 -6 -5 -3 -2 -1 *  0 -1 -1 -5 -7 -5 -3 -2  2  1  0  0  0	
  1  3  6  8  8  6  0 -1 -5 -4 -2  0  1 *  0  0  0 -1 -3 -4 -2 -1  1  1  0  0  0	
 4940.134 -137.982
  0  4  8 12  8  4  0 -4 -5 -5 -3 -2 -1 *  0 -1  0  0 -3 -3 -3 -1  2  1  1  0  0	
  1  3  5  6  6  4  0 -1 -4 -4 -2  0  1 *  0  0  0  0  0 -2 -1  0  2  1  0  0  0	
 4940.134 -137.682
 -1  4  7  9  8  3  1 -3 -4 -5 -3 -2 -1 *  0 -1  0  2  2  0  0  2  2  1  1  1  0	
  0  2  5  5  5  3  0 -1 -3 -4 -2  0  1 *  0  0  0  1  1  1  2  2  1  1  1  0  0	
 4940.134 -137.382
 -1  3  7  8  7  4  1 -2 -4 -4 -3 -2 -1 *  0 -1  0  2  4  3  2  3  1  2  2  1  0	
  0  2  4  5  4  3  0  0 -3 -3 -2  0  1 *  0  0  0  0  1  2  2  2  1  1  1  1  0	
 4940.134 -137.082
  0  3  7  8  7  4  2 -1 -4 -4 -2 -1 -1 *  1 -1  0  1  4  4  3  2  1  2  2  1  1	
  1  2  5  5  4  3  0  0 -3 -4 -1  0  1 *  1  0  0  0  1  2  2  1  1  1  2  1  0	
 4940.134 -136.782
  1  3  7  8  7  5  3  0 -5 -3 -1  0  0 *  1  0 -1  0  2  3  3  2  1  3  2  2  1	
  1  3  5  5  4  3  1  0 -3 -4 -1  1  1 *  1  0 -1  0  0  1  1  1  1  2  2  1  0	
 4940.134 -136.482
  3  4  7  9  8  6  3  0 -6 -2  2  2  2 *  0  0 -1 -1  1  2  2  1  2  2  1  1  1	
  2  4  5  6  5  4  1  0 -4 -4  0  2  2 *  1  0 -1 -1  0  0  1  0  1  2  1  1  0	
 4940.134 -136.182
  5  6  9 10  9  7  4  0 -8 -1  4  4  4 *  0  0  0  0  1  1  1  1  0 -1 -2  0  0	
  4  5  6  7  6  5  1  0 -5 -5  2  4  4 *  0  0  0  0  0  0  0  0  0  0 -1  1  1	
 4940.134 -135.882
  4  7  8 10 10  8  5  0 -7 -4  2  4  4 *  1  2  3  3  4  3  2  0 -7-10 -1  1  1	
  4  5  7  7  6  5  1  0 -4 -5  1  5  5 *  0  2  3  2  3  2  1  0 -3 -7 -4  1  2	
 4940.134 -135.582
  1  3  6  7  8  6  4  0 -2 -1  0  0  1 *  2  4  7  9  9  7  4  0 -7 -5 -2  1  2	
  1  2  5  5  5  4  2  0 -2 -1  1  1  2 *  1  3  6  6  7  5  2  1 -4 -6 -4  1  2	
 4940.134 -135.282
 -1  1  3  4  5  4  3  0  0 -3 -3 -2 -1 *  1  2  7 10 11  8  5  0  0  3  3  2  1	
 -1  1  2  3  3  2  2  0  0 -1 -2 -1  0 *  1  2  5  7  8  6  3  1 -2  1  2  1  1	
 4940.134 -134.682
 -2  1  2  5  4  3  2 -2-11-14 -9 -5 -3 *  0  0  1  1  3  3  2  3  8 10  9  3  0	
 -2 -1  2  3  3  2  2 -1 -6 -8 -9 -6 -4 *  2 -1  0  2  3  3  1  2  5  6  9  8  6	
 4940.134 -134.382
 -3  0  2  3  3  3  2 -1 -9-12-12 -7 -4 *  2 -3 -1  4  4  3  1  2  8  9 11  6  3	
 -3 -1  2  2  2  2  1  0 -5 -7-11-10 -8 *  1  0 -2  1  4  3  2  2  6  6 10 10  9	
 4940.134 -134.082
 -4  1  3  0  1  0  1  0 -9-10-11 -8 -4 *  2 -4 -7  3  5  3 -1  2  9 10 13  7  4	
 -3  0  3  2  0  0 -1 -1 -6 -7-11-12-10 *  1 -1 -3 -2  3  4  4  5  6  6 13 11 11	
 4940.324 -140.532
  3  4  4  4  3  1 -2 -4  1  4  3  2  2 * -1 -2 -2 -2 -1 -1  0  0 -2  0  0  0 -1	
  3  4  4  3  1  0  0 -2 -2  1  2  2  1 * -1 -2 -2 -2 -1  0  0  0  0 -1  0  0  0	
 4940.324 -140.232
  4  6  7  8  6  3 -1 -4  4  3  2  1  2 *  0 -1 -1 -2 -1 -1 -1 -1  0  1  1  0  0	
  4  6  6  5  4  2  1 -1 -1  3  2  1  1 *  0  0 -1 -1 -1 -1 -1  0 -1  0  0  0  0	
 4940.324 -139.932
  3  9 12 13 10  5  0 -2  1  0  0  0  2 *  1  2  1  1  1  0  0  0  2  2  1  1  1	
  4  7  8  8  7  4  2 -1  1  0  0  0  2 *  1  1  1  1  1  0  0  0  1  1  1  0  0	
 4940.324 -139.632
  0 10 15 18 15  9  2 -1 -5 -6 -4 -3 -1 *  0 -7 -9 -8 -6 -4  0  6 12 12  8  5  2	
  2  7 10 10  9  6  2  1 -2 -4 -3 -1  1 * -2 -5 -5 -4 -3 -2  0  3  7  7  5  1 -1	
 4940.324 -139.332
 -2  2  9 14 13  6  1  0-10-10 -9 -6 -3 *  1 -4-13-13-10 -4 -1  0  8  8  7  5  2	
  0  1  5  8  8  3  1  0 -5 -6 -5 -4 -1 *  0 -2 -7 -7 -6 -2 -1  0  4  4  4  3  1	
 4940.324 -139.032
 -2  3  3  9  9  6  3 -2-10-10 -6 -5 -3 *  1 -2-13-17-15-10 -5  0  7  9  5  4  2	
  0  2  1  5  7  5  3  0 -4-10 -5 -3 -2 *  0 -1 -7 -9 -9 -7 -4 -1  3  6  5  3  1	
 4940.324 -138.732
  0  5  8 11 11  7  2 -4-11 -8 -5 -3 -1 *  0 -1 -9-12-11 -8 -4  0  3  4  3  2  1	
  0  3  5  6  7  6  0 -2 -6 -8 -4 -2  0 *  0 -1 -4 -7 -7 -5 -2 -1  1  3  2  1  0	
 4940.324 -138.432
  0  5  5  0 -1 -2 -2 -6-11 -6 -3 -2  0 *  0  0  0 -2 -1  0  0 -1  1  1  0  0  0	
  1  3  4  2  0  0 -3 -4 -8 -6 -3  0  1 *  0  0  0  0 -1 -1 -1 -1  1  1  0  0  0	
 4940.324 -138.132
  0  5  4 -3 -4 -4 -4 -8 -9 -5 -3 -1  0 *  0  0  1  0 -2 -2 -1 -1  1  0  0  0  0	
  1  3  4  1 -2 -2 -5 -5 -7 -5 -2  0  1 *  0  0  1  1  0 -1 -1 -1  0  0  0  0  0	
 4940.324 -137.832
  1  5  5 -1 -6 -6 -6 -9 -7 -5 -2 -1  0 *  0  0  1  2 -1 -1 -1  0  1  0  0  0  0	
  1  3  4  2 -1 -4 -6 -5 -6 -4 -2  0  1 *  0  0  0  1  1  0  0  0  1  0  0  0  0	
 4940.324 -137.532
  1  4  6  1 -5 -7 -7 -7 -6 -4 -1  0  0 *  0  0  0  2  2  1  1  1  1  1  1  0  0	
  1  3  4  3  0 -2 -4 -4 -5 -4 -1  0  1 *  0  0  0  0  1  1  1  1  1  0  0  0  0	
 4940.324 -137.232
  1  4  6  4 -2 -5 -6 -6 -6 -3  0  0  1 *  0  0  0  1  2  2  1  1  0  1  1  0  0	
  1  3  4  4  2 -1 -3 -3 -4 -4 -1  1  1 *  0  0  0  0  1  1  1  1  0  0  0  0  0	
 4940.324 -136.932
  2  4  6  5  1 -3 -4 -4 -5 -1  3  2  2 *  0  0 -1  0  1  1  1  1  1  1  0  0  0	
  2  3  5  4  3  1 -2 -2 -4 -2  1  2  2 *  0  0 -1  0  0  1  1  0  1  1  0  0  0	
 4940.324 -136.632
  3  5  6  6  3 -1 -2 -4 -4  3  5  4  3 *  0 -1 -1 -1  0  1  1  1  1  0 -1 -1  0	
  3  4  4  4  3  2 -1 -2 -4 -1  3  3  3 *  0 -1 -1 -1  0  0  0  0  1  1  0  0  0	
 4940.324 -136.032
  2  5  8  8  6  4  1 -2 -4  1  8  1  1 *  0  0  0  0  0  0  0  0 -1 -1  0  1  0	
  3  4  7  6  4  3  1 -1 -3 -1  5  4  2 *  0  0  0  0  0  0  0  0  0 -1 -1  0  0	
 4940.324 -135.732
  0  2  4  6  6  5  3 -1 -3 -2  2 -1  0 *  3  4  7  9  9  6  3  0 -8 -8  0  3  4	
  0  1  4  4  4  4  2  0 -2 -1  1  1  1 *  2  4  6  7  7  6  3  1 -4 -8 -4  2  3	
 4940.324 -135.432
 -1  1  5  6  7  6  4  0 -2 -3  0 -1 -1 *  3  4 10 12 13  9  5  0 -6 -5  1  3  3	
  1  0  4  5  5  4  3  1 -1 -2  0  0  0 *  2  4  8  9 10  8  5  1 -4 -6 -3  0  2	
 4940.324 -135.132
 -3  2 11 19 20 16 11  0 -8 -9 -9 -7 -4 *  1  3  9 13 16 13  8  1  2  4  3  2  1	
 -3  1  8 13 12 10  6  1 -5 -5 -6 -5 -3 *  2  3  7 10 10  9  5  1 -1  2  3  2  2	
 4940.324 -134.832
 -5  0 11 24 25 21 13 -1-15-26-28-19 -7 *  0  0  1  3  8  8  6  3  6 10  8  3  0	
 -8 -1  9 16 15 13  8  1 -8-14-20-18-13 *  2  1  0  4  5  6  4  2  3  5  7  6  3	
 4940.324 -134.532
 -5 -1  7 16 16 13  8  1-10-18-18-12 -6 *  1 -1  1  4  8  7  5  3  6  9  9  5  2	
 -6 -2  5 11 10  8  6  1 -5 -9-13-11 -7 *  2  0 -1  4  6  6  4  2  4  5  9  9  7	
 4940.324 -134.232
 -6  0  6 11 10  8  5  0 -9-16-18-14 -8 *  2 -3 -4  5  7  6  4  2  7  9 11  7  3	
 -6 -1  4  7  7  6  4  1 -5 -9-15-14-10 *  1 -1 -3  2  5  5  4  3  5  5 11 11 10	
 4940.324 -133.932
 -6  0  7  7  7  5  1 -1 -9-13-13-11 -6 *  2 -2 -6  2  6  5  2  3  5  6  6  3  1	
 -4 -1  4  5  5  4  2  0 -6 -8-16-16-12 *  0 -2 -3 -3  3  4  4  5  4  4  8 10 10	
 4940.514 -140.982
  2  6 11 14 10  4 -2 -7 -8 -5 -4 -2  1 * -2 -3 -4 -4 -3 -1  1  3  2 -1  0  0 -1	
  2  5  8  8  8  4  4  2 -2 -5 -3 -2 -1 * -2 -2 -3 -3 -2  0  0  2  2  1  0  0  0	
 4940.514 -140.682
  1  6 10 13 10  4  0 -5 -7 -5 -5 -3  0 * -1 -3 -4 -5 -3 -2  0  2  0 -1  0  0 -1	
  1  4  6  8  8  4  2  0 -3 -4 -3 -3 -2 * -1 -2 -3 -3 -2 -1  0  1  2 -1 -1  0  0	
 4940.514 -140.382
  0  5 10 13 11  5  0 -5 -8 -7 -6 -4 -2 *  0 -2 -3 -4 -3 -2 -1  0 -2  2  1  1  0	
  0  4  6  8  8  4  1  0 -3 -5 -5 -4 -2 *  0 -1 -2 -2 -2 -2  0 -1  0 -1  1  1  0	
 4940.514 -140.082
  0  6 12 16 13  6  0 -6-12-12-10 -7 -2 *  1 -1 -3 -3 -3 -2 -1 -1  3  5  4  3  1	
  0  4  7  9  9  5  1  0 -5 -8 -7 -5 -3 *  1 -1 -1 -2 -2 -2  0  0  0  3  3  2  0	
 4940.514 -139.782
 -1  6 13 17 15  8  2 -5-12-14-11 -7 -2 *  1 -2 -4 -5 -4 -3 -2  1  9  9  6  4  2	
  0  4  8 10 10  6  1  0 -5 -9 -8 -5 -3 *  0 -1 -2 -2 -2 -2 -1  1  4  6  4  1  0	
 4940.514 -139.482
 -1  5 12 17 15  9  3 -2-10-12 -8 -5 -1 *  0 -4 -8 -9 -8 -5 -3  2  9  8  4  3  1	
  0  3  6  9 10  6  1  0 -4 -8 -7 -5 -3 *  0 -2 -4 -5 -4 -3 -1  1  4  5  3  1  0	
 4940.514 -139.182
 -1  3  5 11 11  7  3 -1 -9-10 -7 -5 -2 *  1 -3-11-13-12 -8 -4  1  7  7  4  3  2	
 -1  1  2  6  8  5  2  0 -4 -8 -5 -5 -3 *  0 -2 -6 -7 -7 -5 -3  0  4  5  3  1  0	
 4940.514 -138.882
 -1  2  2  8  8  5  2 -1 -8-10 -7 -5 -2 *  1 -2-10-12-11 -8 -4  0  4  6  4  3  1	
 -1  2  0  4  6  5  2  1 -4 -8 -6 -5 -3 *  0 -1 -5 -7 -6 -5 -3  0  2  4  3  2  1	
 4940.514 -138.582
 -2  3  6 12 12  9  5  0 -8-11-10 -6 -1 *  0 -1 -2 -3 -3 -2 -1  0  1  1  1  1  0	
 -2  1  3  5  8  6  2  1 -4 -7 -7 -6 -2 *  0  0 -1 -1 -1 -1 -1  0  0  1  1  0  0	
 4940.514 -138.282
 -3  4  9 16 17 12  7  0 -9-14-13 -8 -1 *  0  0  0  1  0  0  0  0  0  0  0  0  0	
 -4  0  5  7 10  8  3  1 -4 -8 -9 -7 -2 *  0  0  0  0  0  0  0  0  0  0  0  0  0	
 4940.514 -137.982
 -3  4 11 17 18 13  8  0-10-15-14 -7 -1 *  0 -1 -1 -2 -2 -1 -1  0  1  1  1  0 -1	
 -4  0  5  8 10  9  3  1 -5 -8 -9 -7  0 *  0  0 -1 -1 -1 -1  0  0  1  1  1  0 -1	
 4940.514 -137.682
 -1  4  9 14 16 12  7  1 -9-14-13 -4  0 *  0  0  0  0  0  0  0  0  0  0  0 -1  0	
 -4  1  4  7  8  8  3  1 -4 -8 -9 -5  2 *  0  0  0  0  0  0  0  0  0  0  0  0 -1	
 4940.514 -137.382
  1  6 10 15 16 12  7  0-10-16-13 -2  2 *  0  0  0  1  1  0  0  0  0  0 -1 -1  0	
 -3  2  6  8  8  8  4  1 -5 -9-10 -3  4 *  0  0  0  0  0  0  0  0  0  0  0 -1  0	
 4940.514 -137.082
  2  8 12 17 18 14  8  1-10-17-11  0  2 * -2 -3 -2 -2 -2 -1 -1  1  3  4  1 -3 -1	
 -2  3  7  9  9  9  4  1 -5 -9-10  1  6 * -2 -2 -2 -2 -1 -1  0  0  2  2  2 -2 -2	
 4940.514 -136.782
  2  7 11 15 17 13  8  1 -9-15 -8  0  1 *  0 -1 -2 -3 -3 -2 -1  0  1  1 -1  1  1	
  0  4  7  8  9  8  5  2 -4 -8 -8  3  5 * -1 -1 -2 -2 -1 -1 -1  0  0  1  0 -2  0	
 4940.514 -136.482
 -1  6 12 16 18 14  9  2 -9-16 -8 -3 -2 *  1  0 -2 -2 -2 -2 -1  0  1  0 -2  2  1	
 -2  3  8  9  9  9  5  2 -4 -8 -8  4  3 *  1  0 -2 -2 -1 -1 -1  0  0  0 -1 -1  0	
 4940.514 -136.182
 -2  5 12 16 18 14  9  2 -8-15 -7 -5 -3 *  1  1  0  0  0  0  0  0 -1 -4 -3  1  0	
 -2  1  8  9  9  8  5  2 -3 -7 -6  3  2 *  1  1  0  0  0  0  0  0 -1 -2 -4  1  1	
 4940.514 -135.882
 -4  2 11 14 16 13  9  2 -7-15 -7 -5 -5 *  2  3  3  3  4  3  2  0 -4 -6  2  2  2	
 -3 -1  6  9  8  8  5  2 -3 -7 -6 -1 -1 *  2  3  3  2  3  2  1  0 -2 -5 -4  4  2	
 4940.514 -135.582
 -3  1  9 13 14 12  8  1 -7-12 -7 -6 -4 *  2  5  7  8  9  7  4  0 -6 -3  3  2  2	
 -2 -1  5  8  8  7  5  2 -3 -7 -5 -3 -2 *  2  4  6  6  7  6  3  1 -3 -5  0  3  4	
 4940.514 -135.282
 -5  1 12 19 20 16 11  2-10-17-15-11 -7 *  1  3  7 10 12 10  6  2 -3  2  3  1  0	
 -5 -1  7 13 12 11  7  3 -5 -9 -9 -7 -5 *  1  2  6  8  9  8  4  2 -3  0  3  2  2	
 4940.514 -134.982
 -8  2 15 26 28 23 16  4-10-21-21-18-11 *  0  1  6 10 15 13  9  3  1  4  4  1  0	
 -8 -1  8 18 17 15 10  4 -5-10-13-12-10 *  1  1  3  8 10 10  6  3  0  2  3  1  1	
 4940.514 -134.682
-10  1 11 23 25 22 16  4-10-25-29-24-15 *  0 -2  0  6 13 12  8  4  3  7  6  2  0	
-11 -3  8 16 16 14 10  4 -5-13-18-13-10 *  1  0  0  6  8  9  6  3  2  3  5  2  1	
 4940.514 -134.382
-11  1 12 19 20 19 13  3-10-24-29-25-15 *  2 -2 -3  4 10 11  8  4  5  9 11  7  3	
-10 -3  7 14 12 11  8  3 -5-12-20-18-13 *  2  0 -1  4  7  8  6  4  3  5 10 10  8	
 4940.514 -134.082
 -9  0 12 17 17 14  9  0-10-20-24-21-13 *  3 -2 -7  2  8  7  5  3  6  9  9  6  3	
 -8 -2  6 13 11  9  7  2 -5-11-20-18-13 *  1 -1 -2  0  4  6  5  4  5  5 12 12 10	
 4940.704 -140.832
 -2  5 11 14  9  3 -1 -6-10-14-12 -8 -4 *  0 -2 -5 -6 -5 -2  1  2  2  3  3  3  1	
 -2  3  6  8  7  3  4 11 -1 -6 -8 -7 -5 *  0 -2 -3 -3 -3 -1  1  6  4  1  2  2  1	
 4940.704 -140.532
 -4  4 11 15 11  4 -1 -5-12-17-15-10 -5 *  1 -2 -5 -6 -6 -3 -1  1  2  5  4  3  1	
 -3  1  6  9  8  4  1  5 -3 -8-10 -8 -5 *  0 -1 -3 -3 -3 -2  1  2  2  2  3  2  1	
 4940.704 -140.232
 -4  2 10 15 12  6  1 -5-13-18-15-11 -6 *  1 -2 -4 -6 -6 -4 -2  0  3  6  5  3  2	
 -4  0  5  8  8  4  1  2 -4-10-11 -8 -6 *  1 -1 -2 -3 -3 -3  0  0  1  4  3  2  1	
 4940.704 -139.932
 -4  2 10 16 14  7  2 -4-13-18-15-11 -6 *  1 -1 -4 -5 -5 -4 -3  0  6  7  5  3  2	
 -4  0  5  8  9  5  1  1 -5-11-10 -8 -6 *  1 -1 -2 -2 -3 -3  0  0  2  5  4  2  0	
 4940.704 -139.632
 -5  1  9 16 14  9  3 -3-10-15-14-11 -6 *  1 -2 -4 -6 -6 -5 -3  0  7  6  4  3  1	
 -5 -1  4  8  9  6  1  1 -4 -9 -9 -9 -7 *  0 -1 -2 -2 -3 -3 -1  1  3  5  3  1  0	
 4940.704 -139.332
 -6  0  9 16 15 10  4 -2 -8-15-16-13 -7 *  0 -2 -5 -7 -6 -5 -4  0  5  5  3  2  1	
 -6 -2  3  8  9  6  1  1 -3 -7 -9-10 -7 *  0 -1 -2 -3 -3 -3 -2  1  4  3  2  0 -1	
 4940.704 -139.032
 -7 -2  6 13 13  9  4 -1 -6-14-16-13 -7 *  1 -2 -5 -7 -6 -5 -3  0  3  4  3  2  1	
 -7 -3  1  6  8  6  1  1 -2 -7 -9-10 -6 *  1 -1 -3 -3 -3 -3 -2  1  2  2  2  1 -1	
 4940.704 -138.732
 -8 -3  5 13 14 10  5  0 -7-16-18-14 -8 *  1 -1 -3 -4 -4 -3 -2  0  2  3  3  2  1	
 -8 -4  1  5  8  7  2  1 -3 -8-11-10 -6 *  1  0 -2 -2 -2 -2 -1  0  1  1  2  1  0	
 4940.704 -138.432
-10 -3  7 16 17 12  7  1 -8-19-22-17-10 *  1  0 -2 -2 -3 -2 -2  0  1  2  2  1  1	
-10 -5  1  6  9  8  3  1 -4 -9-13-11 -7 *  1  0 -1 -1 -1 -1 -1  0  0  1  1  0 -1	
 4940.704 -138.132
-11 -2  8 18 19 14  8  1 -9-21-24-18-11 *  0  0 -1 -2 -2 -2 -1  0  1  2  1  0  0	
-10 -5  1  7 10  9  3  2 -4-10-14-12 -6 *  1  0  0 -1 -1 -1 -1  0  0  1  1  0 -1	
 4940.704 -137.832
-11 -2  8 18 20 15  9  2 -9-21-23-18-11 * -1 -1 -1 -1 -2 -1 -1  0  1  2  1 -1 -1	
-10 -5  1  7 10 10  4  2 -4-10-14-10 -6 *  0 -1 -1 -1 -1 -1 -1  0  0  1  1 -1 -2	
 4940.704 -137.532
-11 -2  8 18 21 15 10  2 -9-21-23-17-11 * -1 -1 -1 -1 -1 -1 -1  0  1  1  0 -2 -1	
-10 -5  2  7 10 10  5  2 -4-10-14 -9 -5 *  0 -1 -1 -1  0  0 -1  0  0  1  1 -2 -2	
 4940.704 -137.232
-11 -1  9 19 21 16 10  2 -9-21-23-17-11 * -1 -2 -2 -1 -2 -1 -1  0  1  2  0 -2 -1	
-10 -4  2  7 10 10  5  2 -4-10-14 -7 -4 * -1 -1 -2 -1 -1 -1 -1  0  0  1  1 -3 -2	
 4940.704 -136.932
-11 -2  9 18 21 16 10  3 -8-20-22-17-11 * -1 -2 -2 -2 -2 -1 -1  0  1  1 -1 -1  0	
-11 -5  2  7 10 10  6  2 -3 -9-13 -5 -4 * -1 -1 -2 -1 -1 -1 -1  0  0  1  0 -4 -1	
 4940.704 -136.632
-12 -2  9 18 21 17 11  3 -8-21-24-18-12 *  1  0 -2 -1 -1 -1  0  0  0  0 -2  1  1	
-12 -5  2  7 10 10  6  3 -3 -9-13 -5 -3 *  0  0 -2 -1  0  0 -1  0  0  0 -1 -2  1	
 4940.704 -136.332
-12 -2 10 19 23 18 12  4 -9-23-28-20-14 *  1  1 -1  0  0  0  0  0 -1 -2 -3  1  1	
-13 -6  3  8 10 11  7  3 -4-10-15 -7 -4 *  0  1 -1 -1  0  0  0  0  0 -1 -2  1  2	
 4940.704 -136.032
-11 -2 11 18 22 18 12  4 -9-23-27-19-14 *  1  2  0  1  2  1  1  0 -1 -3 -1  1  1	
-12 -5  3  8 10 10  7  3 -3-11-15 -8 -4 *  1  2  1  0  1  1  0  0 -1 -2 -3  4  2	
 4940.704 -135.732
-13 -2 12 19 23 19 13  4-10-25-31-25-17 *  2  3  3  4  6  4  3  1 -2 -2  2  2  2	
-13 -5  4 10 11 11  8  3 -4-13-19-10 -6 *  1  2  4  3  4  3  2  1 -1 -2 -2  4  3	
 4940.704 -135.432
-14  0 14 23 25 21 15  5-12-27-32-27-18 *  1  2  5  7 11  9  6  2 -2  0  3  2  1	
-13 -4  6 14 14 13  9  4 -5-15-20-12 -7 *  1  2  4  6  7  7  4  2 -1 -1  1  2  2	
 4940.704 -135.132
-13  0 15 26 27 23 17  6-11-27-33-29-18 *  0  0  2  6 12 12  8  3  0  4  4  2  0	
-12 -4  8 18 17 15 11  5 -5-14-21-17-11 *  1  1  2  6  8  9  6  3  0  1  3  2  1	
 4940.704 -134.832
-12  0 14 26 27 23 17  6 -9-26-33-29-17 *  0 -1  0  5 13 13  9  4  1  5  5  2 -1	
-12 -3  8 18 17 15 11  5 -4-13-21-19-14 *  0  0  0  6  9  9  7  4  0  2  3  2  1	
 4940.704 -134.532
-12  0 14 26 27 23 17  6 -9-26-33-28-17 *  0 -1 -1  5 13 13  9  4  1  6  5  2 -1	
-12 -3  8 18 17 15 11  5 -4-12-21-19-15 *  0  0  0  6  9 10  7  4  1  2  3  2  1	
 4940.704 -134.232
-12  0 14 26 26 23 16  5 -9-24-31-27-16 *  0 -2 -2  4 11 11  8  4  2  6  5  2  0	
-11 -3  7 17 17 15 11  4 -4-12-21-18-14 *  0  0  0  4  7  8  6  3  1  2  5  4  3	
 4940.704 -133.932
-10  1 13 25 26 23 16  3 -9-23-29-24-15 *  1 -2 -4 -1  6  7  5  3  3  5  4  2  0	
 -9 -3  6 15 16 14 10  4 -4-12-24-16-11 * -1 -1 -1  1  3  4  4  3  2  3  9  5  4	
 4939.614 -134.832
 -5  1  2  4  3  2  1 -2 -9-14-17-12 -8 * -1 -1  1  1  0  0 -1 -1 -1 -1 -1 -1 -1	
 -4 -1  0  1  2  2  1 -1 -6 -8-13-14-11 * -1 -1  0  1  1  0  0  0  0 -1 -1 -1  0	
 4939.614 -134.532
 -8  3  4  5  3  2  1 -6-17-24-27-21-11 * -1 -1 -1  0  0 -1 -1 -1 -2 -2 -2 -2 -1	
 -7 -1  2  2  2  2  0 -3-12-15-22-23-17 * -1 -1 -1  0  0  0  0  0 -1 -2 -2 -2 -2	
 4939.614 -133.932
 -2 10 13 19 24 13  4 -5 -9-12-14 -9 -6 *  0 -2 -4 -4  0  2  1  3  4  7  8  4  2	
 -2  1  9 10 11 12  1 -5 -6 -7-13 -9 -7 *  0 -1 -3 -3 -2  0  3  2  3  3  7  2  0	
 4939.614 -134.252
 -8 11 24 30 25 15  0-12-22-30-34-20-12 *  0  0  0  0  0  0  0  0  0  0  0  0  0	
 -4  5 13 17 13 12  0 -6-12-16-17-11 -8 *  0  0  0  0  0  0  0  0  0  0  0  0  0	
 4939.244 -135.082
  0  1  3  3  2  0 -1 -3 -1  2  1  0  0 *  1 -1  0  0  0  0  0  0  0  0  1  1  1	
  1  2  2  2  2  1  0 -2 -1  0  2  2  1 *  0  0  0  0  0  0  0  0  0  0  0  1  1	
 4939.444 -136.615
  0  0  2  3  2  0 -2 -2 -1 -1 -1 -1 -1 *  1  0 -2 -5 -4 -2  0  2  2  2  3  2  1	
  0  1  2  2  2  1 -1 -2 -1 -1 -1 -1  0 *  1  0 -1 -2 -2 -1  0  1  1  1  1  1  1	
