Le Havre.BM           	
 4918.074  -17.785
 -2 -7 -9 -8 -6 -4  0  8 11  9  5  3  0 *  2  5  6  5  3  2 -1 -5 -8 -4 -1  0  1	
  1 -1 -4 -5 -6 -4 -2  1  4  7  6  4  2 *  0  1  2  3  3  2  1  0 -2 -3 -3 -2 -1	
 4918.074  -16.255
 -3 -7 -9 -8 -6 -4  1  7 11  8  5  2 -1 *  2  4  5  4  2  1 -1 -5 -7 -4 -1  0  1	
  1 -1 -4 -5 -5 -4 -2  1  4  6  5  3  1 *  0  0  2  2  2  2  1  0 -2 -3 -2 -1  0	
 4918.074  -14.724
 -3 -7 -7 -6 -4 -2  1  7 10  7  3  1 -2 *  2  4  5  3  2  1 -1 -5 -6 -3 -1  0  1	
  0 -2 -4 -4 -4 -3 -1  2  4  5  4  2  1 *  0  1  2  2  2  1  0 -1 -2 -2 -1 -1  0	
 4918.074  -13.194
 -3 -7 -8 -6 -4 -2  1  7 10  7  4  2 -1 *  1  4  5  3  2  1 -1 -5 -6 -3 -1  0  1	
  0 -2 -4 -5 -4 -3 -1  1  4  5  4  3  1 *  0  1  1  2  2  1  1  0 -2 -2 -2 -1  0	
 4918.074  -11.664
 -2 -6 -8 -7 -5 -4  0  6 10  8  5  2  0 *  1  3  4  3  2  1 -1 -4 -5 -3 -1  0  0	
  1 -1 -3 -4 -4 -4 -2  1  3  5  5  3  2 *  0  0  1  1  1  1  1  0 -1 -2 -2 -1  0	
 4918.075  -10.134
 -1 -5 -7 -7 -5 -4 -1  5  9  7  5  2  0 *  0  2  2  1  1  1 -1 -3 -3 -1  0  0  0	
  1 -1 -3 -4 -4 -3 -2  1  3  4  4  3  2 *  0  0  1  1  1  1  0  0 -1 -1 -1  0  0	
 4918.075   -8.604
 -1 -5 -7 -6 -4 -3 -1  5  8  7  4  2  0 *  0  0  0  0  0  0  0 -2 -1  0  1  0  0	
  1 -1 -3 -3 -3 -3 -1  1  3  4  4  3  1 *  0  0  0  0  0  0  0  0  0  0  0  0  0	
 4918.075   -7.074
 -1 -4 -6 -5 -4 -3  0  5  8  7  4  2  0 *  0  0  0  0  0  0 -1 -1  0  1  1  0  0	
  0 -1 -3 -3 -3 -2 -1  1  3  4  3  2  1 *  0  0  0  0  0  0  0  0  0  0  1  1  0	
 4919.074  -18.550
 -2 -8-11-10 -8 -5  0  9 13 10  6  4  0 *  2  6  7  6  4  2 -1 -6 -9 -5 -1  0  1	
  1 -1 -4 -6 -6 -5 -3  1  5  8  7  5  2 *  0  1  2  3  3  3  2  0 -2 -4 -3 -2 -1	
 4919.074  -17.020
 -2 -7-10 -9 -7 -5  0  8 12 10  6  3  0 *  2  5  6  5  3  2 -1 -6 -8 -5 -1  0  1	
  1 -1 -4 -6 -6 -5 -3  0  4  7  6  4  2 *  0  0  2  3  3  3  2  0 -2 -3 -3 -2 -1	
 4919.074  -15.490
 -3 -7 -9 -8 -6 -3  1  7 11  8  5  2 -1 *  2  4  6  4  2  1 -1 -5 -7 -4 -1  0  1	
  1 -1 -4 -5 -5 -4 -2  1  4  6  5  3  1 *  0  0  2  2  2  2  1  0 -2 -3 -2 -1  0	
 4919.074  -13.959
 -3 -7 -8 -6 -4 -2  1  7 10  7  4  2 -1 *  2  4  5  4  2  1 -1 -5 -6 -3 -1  0  1	
  0 -2 -4 -5 -4 -3 -1  1  4  5  4  2  1 *  0  1  2  2  2  1  1 -1 -2 -2 -2 -1  0	
 4919.074  -12.429
 -2 -7 -9 -8 -6 -4  0  7 11  9  5  3  0 *  1  4  5  4  2  1 -1 -5 -7 -4 -1  0  1	
  1 -1 -3 -5 -5 -4 -2  1  4  6  5  3  2 *  0  0  1  2  2  2  1  0 -2 -3 -2 -1  0	
 4919.074  -10.899
 -2 -6 -9 -8 -6 -5 -1  7 11  9  5  3  0 *  1  3  4  3  2  1 -1 -5 -6 -3 -1  0  0	
  1 -1 -3 -5 -5 -4 -2  1  4  6  5  3  2 *  0  0  1  2  2  1  1  0 -1 -2 -2 -1  0	
 4919.075   -9.369
 -1 -5 -8 -7 -5 -4 -1  5  9  8  5  3  0 *  0  2  2  1  1  1 -1 -3 -3 -1  0  0  0	
  1 -1 -3 -4 -4 -3 -2  1  3  5  4  3  1 *  0  0  1  1  1  1  0  0 -1 -1 -1  0  0	
 4919.075   -7.839
 -1 -5 -7 -7 -5 -4 -1  5  9  8  5  3  0 *  0  1  1  1  0  0 -1 -3 -2  0  1  0  0	
  0 -1 -3 -4 -4 -3 -2  1  3  5  4  3  1 *  0  1  1  0  0  0  0 -1  0  0  0  0  0	
 4919.075   -6.309
 -1 -5 -7 -7 -5 -4 -1  5  9  8  5  3  0 *  0  1  1  0  0  0 -1 -2 -1  1  1  1  0	
  0 -2 -3 -4 -4 -3 -1  1  3  5  4  3  1 *  1  1  0  0  0  0 -1  0  0  0  0  1  1	
 4919.075   -4.779
 -1 -5 -7 -7 -5 -4 -1  5  9  8  5  2  0 *  0  0  1  0  0  0 -1 -2 -1  1  1  0  0	
  0 -2 -3 -4 -4 -3 -1  1  3  5  4  2  1 *  0  0  0  0  0  0 -1  0  0  0  0  1  0	
 4919.075   -3.249
 -1 -5 -7 -6 -4 -3  0  5  8  7  4  2  0 *  0  0  0  0  0  0 -1 -2  0  1  1  0  0	
  0 -2 -3 -4 -3 -2 -1  1  3  5  4  2  1 *  0  0  0  0  0 -1 -1  0  0  0  1  0  0	
 4920.074  -17.785
 -2 -8-11-10 -8 -5  0  8 13 10  6  4  0 *  2  5  7  6  4  2 -1 -6 -9 -5 -1  0  1	
  1 -1 -4 -6 -6 -5 -3  0  5  8  7  5  2 *  0  0  2  3  3  3  2  0 -2 -4 -3 -2 -1	
 4920.074  -16.255
 -2 -7-10-10 -7 -5  0  8 13 10  6  4  0 *  2  5  6  5  3  2 -1 -6 -9 -5 -1  0  1	
  1 -1 -3 -6 -6 -5 -3  0  4  7  7  4  2 *  0  0  1  3  3  3  2  1 -2 -3 -3 -2 -1	
 4920.074  -14.725
 -2 -7-10 -9 -7 -5  0  8 13 10  6  3  0 *  2  5  6  5  3  2 -1 -6 -9 -5 -1  0  1	
  1 -1 -3 -6 -6 -5 -3  0  4  7  7  4  2 *  0  0  1  3  3  3  2  1 -2 -3 -3 -2 -1	
 4920.075  -13.195
 -2 -7-10 -9 -7 -5  0  8 12 10  6  3  0 *  2  5  6  5  3  2 -1 -6 -8 -5 -1  0  1	
  1 -1 -3 -6 -6 -5 -3  0  4  7  6  4  2 *  0  0  1  2  3  2  2  0 -2 -3 -3 -2 -1	
 4920.075  -11.664
 -2 -7-10 -9 -7 -5  0  7 12  9  6  3  0 *  1  4  5  4  3  2 -1 -5 -7 -4 -1  0  1	
  1 -1 -3 -5 -6 -4 -3  0  4  6  6  4  2 *  0  0  1  2  2  2  1  0 -1 -3 -2 -2  0	
 4920.075  -10.134
 -1 -6 -9 -8 -6 -5 -1  7 11  9  6  3  0 *  1  3  4  3  2  1 -1 -5 -5 -2  0  0  0	
  1 -1 -3 -5 -5 -4 -2  1  4  6  5  3  1 *  0  1  1  2  2  1  0  0 -1 -2 -1 -1  0	
 4920.075   -8.604
 -1 -5 -8 -8 -6 -5 -1  6 10  8  6  3  0 *  0  2  3  2  1  1 -1 -4 -4 -1  1  0  0	
  0 -2 -3 -4 -4 -3 -2  1  4  5  5  3  1 *  0  1  1  1  1  1  0 -1 -1 -1  0  0  0	
 4920.075   -7.074
 -1 -5 -7 -8 -6 -5 -1  6 10  8  6  3  0 *  0  1  2  1  1  1 -1 -3 -3  0  1  0  0	
  0 -2 -4 -4 -4 -3 -1  1  4  5  5  2  1 *  0  1  1  1  1  0 -1 -1 -1  0  0  0  0	
 4920.075   -5.544
 -1 -5 -7 -8 -6 -5 -1  6 10  8  6  3  0 *  0  1  2  1  1  1 -1 -3 -3  0  1  0  0	
  0 -2 -4 -4 -4 -3 -1  1  4  5  5  2  0 *  0  1  1  1  1  0 -1 -1  0  0  0  0  0	
 4920.075   -4.014
 -1 -5 -7 -7 -6 -4 -1  6 10  8  5  3  0 *  0  1  1  1  1  0 -1 -3 -2  0  1  1  0	
  0 -2 -4 -4 -4 -3 -1  1  4  5  4  2  0 *  0  1  1  1  1  0 -1 -1  0  0  0  0  0	
 4920.075   -2.484
 -1 -5 -7 -7 -6 -4 -1  5 10  8  5  3  0 *  0  1  1  1  0  0 -1 -3 -2  1  1  1  0	
  0 -2 -3 -4 -4 -3 -1  1  4  5  4  2  0 *  1  1  1  0  0  0 -1 -1  0  0  1  1  1	
 4920.075   -0.954
 -1 -4 -7 -7 -5 -4 -1  5  9  8  5  2  0 *  0  0  0 -1  0  0 -1 -2  0  2  2  1  0	
  0 -2 -3 -4 -3 -3 -1  1  3  5  4  2  1 *  1  0  0  0  0 -1 -1  0  0  1  1  1  1	
 4920.075    0.576
 -1 -4 -6 -5 -3 -2  0  4  7  6  4  1  0 *  0 -1 -2 -1  0  0  0  0  2  3  2  0  0	
  0 -2 -3 -3 -2 -2 -1  1  3  4  3  2  1 *  0  0 -1 -1 -1 -1  0  0  1  1  1  1  1	
 4921.075  -18.550
 -2 -8-11-11 -8 -6  0 10 15 11  7  4  0 *  2  6  8  6  5  3 -1 -6 -9 -5 -2  0  1	
  1 -2 -5 -7 -7 -5 -3  1  6  8  8  5  2 *  0  1  3  4  4  3  2  0 -3 -4 -3 -2 -1	
 4921.075  -17.020
 -2 -8-10-10 -8 -5  0  8 13 10  6  4  0 *  2  5  7  5  4  2 -1 -6 -9 -5 -1  0  1	
  1 -1 -4 -6 -6 -5 -3  0  5  7  7  5  2 *  0  0  2  3  3  3  2  0 -2 -3 -3 -2 -1	
 4921.075  -15.490
 -2 -7-10-10 -7 -5  0  8 13 10  6  4  0 *  2  5  6  5  3  2 -1 -6 -9 -5 -1  0  1	
  1 -1 -3 -6 -6 -5 -3  0  4  7  7  4  2 *  0  0  1  3  3  3  2  1 -2 -3 -3 -2 -1	
 4921.075  -13.960
 -2 -7-10-10 -8 -5  0  8 13 10  6  4  0 *  2  5  6  5  3  2 -1 -6 -9 -5 -1  0  1	
  1 -1 -4 -6 -6 -5 -3  0  4  7  7  4  2 *  0  0  1  3  3  3  2  0 -2 -3 -3 -2 -1	
 4921.075  -12.430
 -2 -7-10 -9 -7 -5  0  8 12 10  6  4  0 *  1  4  6  5  3  2 -1 -6 -8 -5 -1  0  1	
  1 -1 -4 -6 -6 -5 -3  0  4  7  6  4  2 *  0  0  1  2  3  2  2  0 -2 -3 -3 -2 -1	
 4921.075  -10.899
 -1 -6 -9 -9 -7 -5 -1  7 11  9  6  4  0 *  1  3  4  3  2  1 -1 -5 -6 -3  0  0  0	
  1 -1 -4 -5 -5 -4 -2  1  4  6  6  4  2 *  0  1  1  2  2  1  1  0 -1 -2 -2 -1  0	
 4921.075   -9.369
 -1 -6 -8 -8 -7 -5 -1  6 11  9  6  4  0 *  0  2  3  2  1  1 -1 -4 -4 -1  1  0  0	
  0 -2 -4 -5 -4 -3 -2  1  4  6  5  3  1 *  0  1  1  1  1  1  0 -1 -1 -1 -1  0  0	
 4921.075   -7.839
 -1 -5 -8 -8 -7 -5 -1  6 10  9  6  3  0 *  0  1  2  2  1  1 -1 -4 -3 -1  1  0  0	
  0 -2 -4 -4 -4 -3 -1  1  4  6  5  3  0 *  0  1  1  1  1  0  0 -1 -1 -1  0  0  0	
 4921.075   -6.309
 -1 -5 -7 -8 -6 -5 -1  6 10  8  6  3  0 *  0  1  2  2  1  1 -1 -3 -3  0  1  0  0	
 -1 -3 -4 -4 -4 -3 -1  1  4  6  5  2  0 *  0  1  1  1  1  0 -1 -1 -1  0  0  0  0	
 4921.075   -4.779
 -1 -5 -7 -8 -6 -5 -1  6 10  8  6  3  0 *  0  1  2  2  1  1 -1 -3 -3  0  1  0  0	
 -1 -3 -4 -4 -4 -3 -1  1  4  6  5  2  0 *  0  1  1  1  1  0 -1 -1  0  0  0  0  0	
 4921.075   -3.249
 -1 -5 -7 -8 -6 -5 -1  6 10  8  6  3  0 *  0  1  2  2  1  1 -1 -3 -3  0  1  1  0	
 -1 -3 -4 -4 -4 -3 -1  1  4  6  5  2  0 *  0  1  1  1  1  0 -1 -1  0  0  0  0  0	
 4921.075   -1.719
 -1 -5 -7 -8 -6 -5 -1  6 10  8  6  3  0 *  0  1  1  1  1  0 -1 -3 -2  1  2  1  0	
  0 -2 -4 -4 -4 -3 -2  1  4  5  5  2  0 *  1  1  1  1  0  0 -1 -1  0  0  0  1  1	
 4921.075   -0.189
 -1 -4 -7 -7 -6 -4 -1  5  9  8  5  3  0 *  0  0  0 -1 -1  0 -1 -3 -1  2  2  1  0	
  0 -2 -3 -4 -4 -3 -2  1  3  5  4  3  1 *  1  0  0  0  0 -1 -1 -1  0  0  1  1  1	
 4921.075    1.341
 -1 -5 -8 -7 -5 -3  0  5  9  8  5  2  0 *  0 -1 -2 -3 -2 -1 -1  0  2  4  3  1  0	
  0 -2 -3 -4 -4 -3 -1  1  3  4  4  2  1 *  1  0 -1 -1 -1 -1 -1  0  1  2  2  2  1	
 4922.074  -17.785
 -2 -8-12-11 -9 -6  0 10 15 12  8  4  0 *  2  6  8  6  5  2 -1 -6 -9 -5 -1  0  1	
  1 -2 -5 -7 -7 -5 -3  1  6  8  8  5  3 *  0  1  3  4  4  3  2  0 -3 -4 -3 -2 -1	
 4922.075  -16.255
 -2 -8-11-10 -8 -5  0  8 14 11  7  4  0 *  2  5  7  6  4  2 -1 -6 -9 -5 -1  0  1	
  1 -1 -4 -6 -7 -5 -3  1  5  8  7  5  2 *  0  1  2  3  3  3  2  0 -2 -3 -3 -2 -1	
 4922.075  -14.725
 -2 -8-11-10 -8 -5  0  8 13 10  7  4  0 *  2  5  7  5  3  2 -1 -6 -9 -5 -1  0  1	
  1 -1 -4 -6 -6 -5 -3  0  5  7  7  5  2 *  0  0  2  3  3  3  2  0 -2 -3 -3 -2 -1	
 4922.075  -13.195
 -2 -7-10-10 -8 -6 -1  8 13 10  7  4  0 *  1  4  6  5  3  1 -1 -6 -8 -4 -1  0  1	
  1 -1 -4 -6 -6 -5 -3  0  4  7  7  5  2 *  0  0  2  3  3  2  1  0 -2 -3 -3 -2 -1	
 4922.075  -11.665
 -1 -7-10 -9 -8 -6 -1  7 12 10  7  4  1 *  1  4  5  3  2  1 -1 -5 -7 -3  0  0  0	
  1 -1 -4 -5 -6 -4 -2  1  4  7  6  4  2 *  0  1  1  2  2  2  1  0 -1 -2 -2 -1  0	
 4922.075  -10.134
 -1 -6 -9 -9 -8 -6 -2  6 11  9  7  4  1 *  0  2  3  2  1  1 -1 -4 -5 -1  1  0  0	
  0 -2 -4 -5 -5 -4 -2  1  4  6  5  3  1 *  0  1  1  1  1  1  0 -1 -1 -1 -1  0  0	
 4922.075   -8.604
 -1 -5 -8 -8 -7 -6 -2  6 10  9  6  4  0 *  0  1  2  2  1  1 -1 -4 -4 -1  1  1  0	
  0 -2 -4 -5 -4 -3 -1  1  4  6  5  3  1 *  0  1  1  1  1  0  0 -1 -1 -1  0  0  0	
 4922.075   -7.074
 -1 -5 -8 -8 -7 -5 -1  6 10  9  6  3  0 *  0  1  2  2  1  1 -1 -4 -3 -1  1  0  0	
 -1 -3 -4 -4 -4 -3 -1  1  4  6  5  2  0 *  0  1  1  1  1  0 -1 -1 -1 -1  0  0  0	
 4922.075   -5.544
 -2 -5 -7 -8 -6 -5 -1  6 10  8  6  3  0 *  0  1  2  2  2  1 -1 -4 -3 -1  1  0  0	
 -1 -3 -4 -4 -4 -3 -1  1  4  6  5  2  0 *  0  1  1  1  1  0 -1 -1 -1 -1  0  0  0	
 4922.075   -4.014
 -1 -5 -7 -8 -7 -5 -1  6 10  8  6  3  0 *  0  1  2  2  1  1 -1 -4 -3 -1  1  0  0	
 -1 -3 -4 -4 -4 -3 -1  1  4  6  5  2  0 *  0  1  1  1  1  0 -1 -1 -1 -1  0  0  0	
 4922.075   -2.484
 -1 -5 -8 -8 -7 -5 -1  6 10  9  6  4  0 *  0  1  2  2  1  0 -1 -4 -3  0  1  1  0	
  0 -2 -4 -4 -4 -3 -2  1  4  6  5  3  0 *  1  1  1  1  1  0 -1 -1 -1  0  0  1  1	
 4922.075   -0.954
 -1 -5 -8 -8 -7 -5 -1  6 10  9  6  4  1 *  0  1  1  1  0  0 -2 -4 -2  1  2  1  0	
  0 -2 -4 -5 -4 -4 -2  1  3  5  5  3  1 *  1  1  1  0  0  0 -1 -1 -1  0  1  1  1	
 4922.075    0.576
 -1 -5 -9 -9 -6 -5 -1  6 10  9  6  3  1 *  1  0 -1 -2 -2 -1 -2 -2  0  3  3  2  1	
  1 -2 -4 -5 -5 -4 -2  1  4  5  5  3  1 *  1  0  0 -1 -1 -1 -1 -1  0  1  2  2  1	
 4922.075    2.106
 -1 -6-10 -9 -6 -4  1  8 11  8  5  3  0 *  0 -1 -4 -5 -4 -2 -1  1  4  5  4  3  1	
  1 -2 -4 -6 -5 -3 -1  2  5  5  4  3  1 *  1  0 -1 -2 -3 -3 -2  0  2  3  3  3  1	
 4922.075    3.636
 -1 -6-10 -8 -5 -3  1  8 11  8  5  3  0 *  0 -2 -4 -5 -4 -2 -1  1  5  6  4  2  1	
  1 -2 -4 -5 -5 -3  0  2  4  5  4  3  1 *  1 -1 -1 -2 -3 -3 -2  0  2  3  3  2  1	
 4923.075  -18.550
 -2 -9-13-12-10 -6  0 10 16 13  9  5  0 *  2  6  8  7  5  3 -1 -7 -8 -4 -2  0  0	
  1 -2 -6 -8 -7 -6 -3  2  7  9  8  6  3 *  0  2  4  4  4  3  1 -1 -3 -4 -3 -2  0	
 4923.075  -17.020
 -2 -8-12-11 -9 -6 -1  9 15 12  8  5  0 *  1  5  7  6  4  2 -1 -6 -8 -4 -1 -1  0	
  1 -2 -5 -7 -7 -6 -3  1  5  8  8  6  3 *  0  1  2  3  3  3  1 -1 -3 -3 -2 -1 -1	
 4923.075  -15.490
 -2 -8-12-11 -9 -6 -1  9 15 12  8  5  0 *  1  5  7  5  4  1 -1 -6 -8 -4 -1 -1  0	
  1 -2 -5 -7 -7 -5 -3  1  5  8  8  5  3 *  0  1  2  3  3  2  1 -1 -2 -3 -2 -2 -1	
 4923.075  -13.960
 -2 -8-11-11 -9 -6 -1  8 14 11  8  5  0 *  1  5  6  5  3  1 -1 -6 -8 -4 -1  0  0	
  1 -1 -4 -6 -7 -5 -3  1  5  8  7  5  2 *  0  1  2  3  3  2  1  0 -2 -3 -2 -1 -1	
 4923.075  -12.430
 -2 -7-10-10 -9 -6 -1  7 13 11  7  5  1 *  1  4  5  4  2  1 -1 -6 -7 -3  0  0  0	
  1 -1 -4 -6 -6 -5 -3  1  5  7  7  5  2 *  0  1  2  2  2  2  1 -1 -2 -2 -2 -1  0	
 4923.075  -10.900
 -1 -6 -9-10 -9 -7 -2  6 11 10  8  5  1 *  0  2  3  2  1  0 -2 -5 -5 -1  1  1  0	
  1 -2 -4 -5 -5 -4 -2  1  5  7  6  4  2 *  0  1  1  2  1  1  0 -1 -1 -1  0  0  0	
 4923.075   -9.370
 -1 -5 -8 -9 -9 -7 -3  5 11 10  7  5  1 *  0  1  2  1  0  0 -2 -4 -3  0  2  1  0	
  0 -2 -4 -5 -5 -4 -1  2  5  6  5  3  1 *  1  1  1  1  1  0 -1 -1 -1  0  0  1  1	
 4923.075   -7.839
 -1 -5 -8 -9 -8 -6 -2  5 10  9  7  4  1 *  0  1  2  1  1  0 -1 -4 -3  0  1  1  0	
  0 -2 -4 -5 -4 -3 -1  2  4  6  5  3  1 *  0  1  1  1  1  0 -1 -1 -1  0  0  1  0	
 4923.075   -6.309
 -1 -5 -8 -8 -7 -5 -1  6 10  9  6  4  0 *  0  1  2  2  1  1 -1 -4 -3  0  1  1  0	
 -1 -3 -4 -4 -4 -3 -1  2  4  6  5  2  0 *  0  1  1  1  1  0 -1 -1 -1  0  0  0  0	
 4923.075   -4.779
 -1 -5 -7 -8 -6 -5 -1  6 10  8  6  3  0 *  0  1  2  2  2  1 -1 -4 -3 -1  1  0  0	
 -1 -3 -4 -4 -4 -3 -1  1  4  6  5  2  0 *  0  1  1  1  1  0 -1 -1 -1 -1  0  0  0	
 4923.075   -3.249
 -1 -5 -8 -8 -7 -6 -1  6 10  9  6  4  1 *  0  1  2  2  1  0 -2 -4 -3  0  2  1  0	
  0 -2 -4 -5 -4 -4 -2  1  4  6  5  3  1 *  1  1  1  1  1  0 -1 -1 -1  0  0  1  1	
 4923.075   -1.719
  0 -5 -8 -9 -8 -6 -2  5 10 10  7  5  1 *  1  1  2  1  0 -1 -2 -4 -3  1  3  2  1	
  1 -2 -3 -5 -5 -4 -3  0  3  5  5  4  2 *  1  1  1  0  0  0 -1 -1 -1  0  1  1  1	
 4923.075   -0.189
  0 -5 -8 -9 -8 -6 -2  5 11 10  7  5  1 *  1  1  1  0 -1 -1 -3 -4 -2  2  3  2  1	
  1 -1 -3 -5 -5 -4 -3  0  3  5  5  4  2 *  1  0  0  0  0 -1 -1 -1 -1  0  1  2  1	
 4923.075    1.341
 -1 -6 -9 -9 -6 -4  1  8 11  8  6  4  1 *  1  0 -2 -3 -3 -2 -2 -1  2  5  4  3  1	
  1 -2 -4 -5 -5 -3 -1  2  4  5  5  3  2 *  1  0 -1 -1 -2 -3 -2 -1  1  2  3  2  1	
 4923.075    2.871
 -1 -6-10 -9 -6 -4  2  9 12  8  5  3  0 *  0 -1 -4 -5 -4 -3 -1  1  4  6  5  3  1	
  1 -2 -4 -6 -5 -3  0  3  5  6  4  3  2 *  1  0 -1 -2 -3 -3 -2 -1  1  3  3  3  1	
 4923.075    4.401
 -1 -5 -9 -8 -4 -2  1  7 11  8  5  2  0 *  0 -2 -4 -5 -3 -1 -1  0  5  6  4  2  1	
  1 -2 -4 -5 -4 -3 -1  2  4  5  4  2  1 *  1 -1 -2 -2 -3 -3 -2  0  2  3  3  2  1	
 4924.075  -17.785
 -2 -8-12-12-10 -6 -1  9 16 13  9  5  0 *  1  5  7  6  4  1 -2 -7 -8 -4 -1 -1  0	
  2 -2 -5 -7 -7 -6 -3  1  5  8  8  6  3 *  0  1  2  3  3  2  1 -1 -3 -3 -2 -1 -1	
 4924.075  -16.255
 -2 -8-12-12-10 -6 -1  9 15 13  9  5  0 *  1  5  7  5  4  1 -2 -7 -8 -4 -1 -1  0	
  2 -2 -5 -7 -7 -6 -3  1  5  8  8  6  3 *  0  1  2  3  3  2  1 -1 -2 -3 -2 -1 -1	
 4924.075  -14.725
 -2 -8-12-11-10 -6 -1  8 15 12  8  5  0 *  1  5  7  5  3  1 -2 -6 -8 -4 -1 -1  0	
  1 -2 -5 -7 -7 -6 -3  1  5  8  8  6  3 *  0  1  2  3  3  2  1 -1 -2 -3 -2 -1 -1	
 4924.075  -13.195
 -2 -7-11-11-10 -7 -2  8 14 12  8  5  1 *  1  4  6  4  3  1 -2 -6 -7 -3  0  0  0	
  1 -2 -5 -6 -7 -5 -3  1  5  7  7  5  3 *  0  1  2  2  2  2  1 -1 -2 -2 -2 -1  0	
 4924.075  -11.665
 -1 -6-10-11-10 -8 -3  6 12 11  9  5  1 *  0  3  4  2  1  0 -2 -5 -5 -1  1  0  0	
  1 -2 -4 -6 -6 -5 -2  1  5  7  7  5  2 *  0  1  1  2  2  1  0 -1 -1 -1  0  0  0	
 4924.075  -10.135
  0 -5 -9-11-10 -8 -3  5 11 11  8  5  2 *  0  1  2  1  0 -1 -2 -4 -4  0  2  1  0	
  1 -2 -4 -5 -5 -4 -2  2  5  7  6  4  2 *  1  1  1  1  1  1 -1 -1 -1  0  0  1  1	
 4924.075   -8.605
  0 -5 -9-10-10 -8 -4  5 11 10  8  6  2 *  0  1  1  0 -1 -1 -2 -4 -3  1  2  1  0	
  0 -2 -4 -5 -5 -4 -1  2  5  7  6  4  1 *  1  1  1  1  1  0 -1 -1 -1  0  1  1  1	
 4924.075   -7.074
  0 -5 -8-10 -9 -8 -3  5 10 10  8  5  1 *  0  1  1  1  0  0 -2 -4 -3  1  2  1  0	
  0 -2 -4 -5 -5 -4 -1  2  5  6  6  3  1 *  1  1  1  1  1  0 -1 -1 -1  0  1  1  1	
 4924.075   -5.544
 -1 -5 -8 -9 -8 -6 -2  5 10  9  7  4  1 *  0  1  2  1  1  0 -1 -4 -3  0  2  1  0	
  0 -2 -4 -5 -4 -3 -2  2  4  6  5  3  1 *  0  1  1  1  1  0 -1 -1 -1  0  1  1  1	
 4924.075   -4.014
 -1 -5 -8 -9 -8 -6 -2  5 10  9  7  5  1 *  0  1  2  1  0  0 -2 -4 -3  0  2  1  0	
  0 -2 -4 -5 -4 -4 -2  1  4  6  5  3  1 *  1  1  1  1  1  0 -1 -1 -1  0  1  1  1	
 4924.075   -2.484
  0 -5 -8-10 -8 -7 -2  5 10 10  8  5  2 *  1  1  2  1 -1 -1 -3 -5 -3  1  3  2  1	
  1 -1 -3 -5 -5 -5 -3  0  3  5  6  4  2 *  1  1  0  0  0 -1 -1 -2 -1  0  1  2  1	
 4924.075   -0.954
  0 -5 -9-10 -9 -7 -2  5 11 11  8  6  2 *  1  1  2  1 -1 -2 -4 -5 -3  2  4  3  1	
  2  0 -3 -5 -6 -6 -4 -1  2  5  6  5  3 *  1  0  0  0 -1 -1 -1 -2 -1  0  2  3  2	
 4924.075    0.576
  0 -5 -9-10 -8 -5 -1  6 11 10  7  5  2 *  1  1  1  0 -2 -2 -3 -4 -2  3  4  3  1	
  2 -1 -3 -5 -5 -4 -2  1  3  5  5  4  2 *  1  0  0  0 -1 -2 -2 -2 -1  0  2  2  2	
 4924.075    2.106
 -1 -6 -9 -8 -5 -3  2  9 13  8  5  3  1 *  0  0 -1 -3 -4 -3 -3 -3  1  5  6  4  1	
  1 -1 -4 -5 -4 -2  1  4  6  6  5  3  2 *  1  0  0 -1 -3 -3 -3 -2 -1  1  2  2  1	
 4924.075    3.636
 -2 -7-10 -9 -5 -3  3 10 14  8  4  2  0 *  1  0 -1 -3 -4 -3 -3 -4  0  5  6  4  1	
  1 -2 -4 -6 -5 -2  0  4  6  6  4  3  1 *  1  1  0  0 -2 -4 -3 -2 -1  1  3  2  1	
 4924.075    5.166
 -1 -6-11 -9 -5 -2  1  7 13 10  4  0 -1 *  0 -1 -4 -5 -3 -1 -1 -2  3  6  5  2  1	
  0 -2 -5 -6 -5 -4 -2  1  4  5  3  2  1 *  1  0 -2 -2 -2 -3 -2 -1  1  2  3  2  2	
 4924.075    6.696
 -2 -6-11 -7 -2  1  1  4 13 11  3 -3 -2 * -1 -4 -7 -5 -1  2  1  1  8  8  3 -2 -1	
  0 -3 -6 -6 -4 -3 -2  1  4  5  3  1  0 *  0 -2 -4 -4 -2 -2 -2  0  2  3  2  1  1	
 4925.075  -18.550
 -2 -8-12-12-10 -7 -1  9 16 13  9  5  0 *  1  5  7  6  4  1 -2 -7 -8 -4 -1 -1  0	
  2 -2 -5 -7 -7 -6 -3  1  5  8  8  6  3 *  0  1  2  3  3  2  1 -1 -3 -3 -2 -1 -1	
 4925.075  -17.020
 -2 -8-12-12-10 -7 -1  9 15 13  9  5  0 *  1  5  7  5  4  1 -2 -7 -8 -4 -1 -1  0	
  2 -2 -5 -7 -7 -6 -3  1  5  8  8  6  3 *  0  1  2  3  3  2  1 -1 -2 -3 -2 -1 -1	
 4925.075  -15.490
 -2 -8-12-12-10 -7 -1  9 15 13  9  5  0 *  1  5  7  5  3  1 -2 -6 -8 -3 -1 -1  0	
  2 -2 -5 -7 -7 -6 -3  1  5  8  8  6  3 *  0  1  2  3  3  2  1 -1 -2 -3 -2 -1 -1	
 4925.075  -13.960
 -2 -8-12-12-10 -7 -2  8 15 12  9  6  1 *  1  4  6  4  3  1 -2 -6 -7 -3  0  0  0	
  2 -2 -5 -7 -7 -6 -3  1  5  8  8  6  3 *  0  1  2  3  2  2  1 -1 -2 -2 -1 -1  0	
 4925.075  -12.430
 -1 -7-11-12-10 -8 -3  6 13 12  9  6  1 *  0  3  4  2  1  0 -2 -5 -5 -1  1  1  0	
  1 -2 -4 -6 -6 -5 -2  1  5  7  7  5  3 *  0  1  1  2  2  1  0 -1 -2 -1  0  0  0	
 4925.075  -10.900
  0 -6-10-11-11 -9 -4  5 12 11  9  6  2 *  0  2  2  1  0 -1 -2 -4 -4  0  2  1  0	
  1 -2 -4 -6 -6 -5 -2  2  5  7  6  4  2 *  1  1  1  2  1  1  0 -1 -1  0  1  1  1	
 4925.075   -9.370
  0 -5-10-12-12-10 -5  4 11 11 10  7  2 * -1  0  1 -1 -2 -2 -2 -4 -3  2  3  2  0	
  1 -2 -4 -5 -6 -4 -1  2  6  7  6  4  2 *  1  1  1  1  1  0 -1 -1 -1  0  1  2  1	
 4925.075   -7.840
  0 -5-10-12-12-10 -5  4 11 11 10  7  2 * -1  0  1 -1 -2 -2 -2 -4 -2  2  3  2  0	
  1 -2 -5 -5 -5 -4 -1  3  6  7  6  4  2 *  1  1  1  1  1  0 -1 -1 -1  0  1  2  1	
 4925.075   -6.309
  1 -5 -9-11-12-10 -5  3 10 11 10  7  3 *  0  0  1 -1 -1 -2 -2 -4 -3  2  3  2  0	
  1 -2 -4 -5 -5 -4 -1  2  5  7  6  4  2 *  1  1  1  1  1  0 -1 -1 -1  0  1  2  1	
 4925.075   -4.779
  1 -4 -8-10-10 -9 -5  3 10 10  9  6  3 *  0  1  1  0 -1 -1 -2 -4 -3  1  3  2  0	
  1 -2 -4 -5 -5 -4 -2  1  4  6  6  4  2 *  1  1  1  1  0  0 -1 -1 -1  0  1  2  1	
 4925.075   -3.249
  1 -4 -8-10-10 -8 -4  3 10 11  9  6  3 *  1  1  1  0 -1 -1 -3 -4 -3  1  4  3  1	
  1 -1 -3 -5 -5 -5 -3  0  4  6  5  4  2 *  1  0  0  0  0 -1 -1 -2 -1  0  2  2  1	
 4925.075   -1.719
  0 -4 -9-10 -9 -7 -3  5 11 11  8  6  2 *  1  1  2  1 -1 -2 -4 -5 -3  2  4  3  1	
  2 -1 -3 -5 -6 -5 -3 -1  3  5  6  5  3 *  1  0  0  0  0 -1 -1 -2 -1  0  2  2  2	
 4925.075   -0.189
  0 -4 -9-10 -9 -7 -3  5 11 10  8  5  2 *  1  1  2  0 -1 -2 -4 -5 -3  2  4  3  1	
  2 -1 -3 -5 -6 -5 -3  0  3  5  5  4  3 *  1  0  0  0 -1 -1 -2 -2 -1  0  2  3  2	
 4925.075    1.341
 -1 -6 -9 -9 -7 -5  0  8 13  9  6  4  1 *  1  1  1 -1 -2 -2 -3 -5 -2  3  5  4  2	
  1 -1 -4 -5 -5 -4 -1  2  5  6  5  3  2 *  1  1  1  0 -1 -2 -3 -2 -1  0  2  3  2	
 4925.075    2.871
 -3 -8-13-11 -7 -4  3 12 16  9  4  2 -1 *  2  1  0 -4 -4 -2 -3 -5 -2  5  7  5  2	
  0 -2 -5 -7 -6 -3  0  4  7  7  5  2  1 *  2  1  1  0 -2 -4 -4 -2 -1  1  3  3  2	
 4925.075    4.401
 -2 -7-11-10 -6 -4  1 10 15  9  4  1  0 *  2  1  0 -2 -2 -1 -3 -5 -3  4  6  4  2	
  0 -2 -5 -7 -6 -4 -1  3  6  6  4  2  1 *  2  1  1  0 -1 -3 -3 -2 -1  1  2  3  2	
 4925.075    5.931
 -2-10-17-14 -8 -7  0 12 23 13  4  0 -1 *  1  0  0 -1 -1  0 -1 -3 -1  2  4  2  1	
  0 -2 -7 -9 -9 -7 -1  3  8  8  5  1  0 *  2  0  0  0 -1 -1 -1 -1  0  0  1  2  2	
 4925.075    7.461
 -3-12-22-18 -9 -8  0 14 30 17  4 -1 -2 *  0 -1 -1 -1  0  1  0 -1  0  2  3  1  0	
  0 -2 -8-11-11 -9 -2  3  9 10  6  1  0 *  1  0 -1 -1  0 -1 -1 -1  0  0  0  1  1	
 4925.075    8.991
 -4-12-22-18 -7 -2  0 10 29 19  4 -4 -3 *  0 -1 -2 -2  0  2  1  0  2  2  2  0 -1	
  0 -3-10-13-10 -9 -4  0  8 10  5  1  0 *  1 -1 -2 -2 -1 -1 -1 -1  0  1  0  0  1	
 4925.075   10.521
 -3-10-20-17 -6  0  0  4 26 19  5 -5 -3 *  0 -1 -2 -1  0  2  0 -1  2  3  1 -2 -1	
  0 -4 -9-12 -9 -8 -4 -2  6 10  5  1  0 *  0 -1 -2 -2 -1 -1 -1 -1  0  1  0  0  0	
 4926.075  -17.785
 -2 -8-12-12-10 -7 -2  9 16 13  9  6  0 *  1  5  7  5  3  1 -2 -7 -8 -3 -1 -1  0	
  2 -2 -5 -7 -7 -6 -3  1  5  8  8  6  3 *  0  1  2  3  3  2  1 -1 -3 -3 -2 -1  0	
 4926.075  -16.255
 -2 -8-12-12-10 -7 -2  8 15 13  9  6  1 *  1  5  6  5  3  1 -2 -7 -7 -3  0  0  0	
  2 -2 -5 -7 -7 -6 -3  0  5  8  8  6  3 *  0  1  2  3  2  2  1 -1 -2 -2 -2 -1  0	
 4926.075  -14.725
 -2 -8-12-12-11 -8 -2  8 15 13 10  6  1 *  1  4  6  4  2  0 -2 -6 -7 -2  0  0  0	
  2 -1 -5 -7 -7 -6 -3  0  5  8  8  6  3 *  0  1  2  2  2  1  0 -1 -2 -2 -1  0  0	
 4926.075  -13.195
 -1 -7-11-12-11 -8 -3  7 14 13 10  7  2 *  1  3  4  2  1  0 -2 -6 -5 -1  2  1  0	
  2 -1 -4 -6 -7 -5 -3  1  5  7  7  6  3 *  0  1  1  2  2  1  0 -2 -2 -1  0  1  0	
 4926.075  -11.665
  0 -6-10-12-12-10 -5  5 12 12 10  7  2 *  0  2  2  0 -1 -1 -3 -5 -4  1  3  2  0	
  2 -1 -4 -6 -6 -5 -2  2  5  7  7  5  3 *  1  1  1  1  1  0 -1 -2 -1  0  1  1  1	
 4926.075  -10.135
  0 -5-10-12-12-10 -5  4 11 12 10  7  3 *  0  0  1 -1 -2 -2 -3 -4 -3  2  3  2  0	
  1 -2 -4 -6 -6 -5 -1  2  5  7  6  5  2 *  1  1  1  1  1  0 -1 -2 -1  0  2  2  1	
 4926.075   -8.605
  0 -5-10-12-13-11 -6  4 11 12 10  7  3 * -1  0  0 -1 -2 -2 -3 -4 -2  2  3  2  0	
  1 -2 -5 -6 -6 -4 -1  3  6  7  6  4  2 *  1  1  1  1  1  0 -1 -1 -1  0  2  2  1	
 4926.075   -7.075
  1 -5-10-12-13-11 -6  4 11 12 10  7  3 * -1  0  0 -1 -2 -2 -3 -4 -2  2  3  2  0	
  1 -2 -5 -6 -6 -4 -1  3  6  7  6  4  2 *  1  1  1  1  1  0 -1 -1 -1  1  2  2  1	
 4926.075   -5.545
  2 -4 -8-11-12-10 -6  2 10 11 10  7  4 *  0  0  1  0 -1 -2 -3 -4 -3  2  4  3  0	
  1 -1 -4 -5 -5 -4 -2  2  5  7  6  4  2 *  1  0  1  1  0  0 -1 -1 -1  1  2  2  1	
 4926.075   -4.014
  2 -2 -7 -9-10 -9 -6  1  8 11 10  7  4 *  1  1  1  0 -1 -1 -3 -4 -3  1  4  3  1	
  1 -1 -3 -5 -5 -4 -3  0  4  6  5  4  2 *  1  0  0  0  0 -1 -2 -1 -1  1  2  2  1	
 4926.075   -2.484
  1 -3 -7 -9-10 -8 -5  3  9 10  9  7  3 *  1  1  1  0 -1 -2 -3 -5 -3  2  4  3  1	
  1 -1 -3 -5 -5 -4 -3  0  3  5  5  4  2 *  1  0  0  0  0 -1 -2 -2 -1  0  2  2  1	
 4926.075   -0.954
  1 -4 -7 -9 -9 -7 -4  4 10 10  8  6  2 *  1  1  2  1 -1 -2 -4 -5 -4  2  4  3  1	
  1 -1 -3 -5 -5 -4 -2  0  3  5  5  4  2 *  1  1  1  0  0 -1 -2 -2 -1  0  2  3  2	
 4926.075    0.576
  0 -4 -7 -9 -8 -7 -3  5 11  9  6  4  2 *  1  2  2  1 -1 -1 -4 -7 -5  2  5  4  2	
  1 -1 -3 -5 -5 -4 -2  1  4  5  4  3  2 *  2  1  1  1  0 -1 -2 -3 -2  0  2  3  2	
 4926.075    2.106
  0 -4 -7 -8 -7 -6 -2  7 13  8  3  3  1 *  2  3  3  1  0 -1 -4 -8 -7  1  5  4  2	
  0 -2 -4 -5 -5 -3  0  3  5  5  3  1  1 *  2  2  2  1  0 -1 -2 -3 -3 -1  2  3  2	
 4926.075    3.636
 -1 -5 -8 -9 -7 -5 -1  8 13  8  3  2  0 *  2  3  2  1 -1 -1 -4 -8 -7  1  6  5  2	
  0 -2 -4 -6 -5 -3  0  3  6  5  3  1  0 *  2  2  2  1  0 -2 -3 -3 -3 -1  2  3  2	
 4926.075    5.166
 -2 -8-14-13 -9 -8 -1 12 22 11  3  1 -1 *  1  2  2  1  0  0 -2 -5 -5  1  5  4  2	
  0 -1 -6 -8 -8 -6  0  4  8  8  4  1  0 *  2  1  1  1  0 -1 -1 -2 -2 -1  1  2  2	
 4926.075    6.696
 -4-16-26-22-13-17 -2 22 39 18  3  1 -2 *  0  0  1  1  0  1  0  0  0  0  3  2  0	
  1  1 -7-11-15-14  1  6 14 13  8  2  1 *  2  0  0  0  0  0  0  0  0  0  0  1  2	
 4926.075    8.226
 -4-15-26-22-12-13 -5 17 39 20  5  1 -2 *  0  0  1  1  0  1  0  0 -1 -1  3  2  0	
  1  1 -7-12-14-12  1  5 13 14  9  2  0 *  2  0  0  0  0  0  0  0  0  0  0  1  2	
 4926.075    9.756
 -4-14-26-23-12-13 -5 13 40 23  7  0 -2 *  0  0  1  1  1  1  0 -1 -2 -1  1  1  0	
  2  1 -7-13-14 -9  1  0 10 16 11  4  1 *  1  0  0  1  1  0  0  0  0 -1  0  0  1	
 4926.075   11.286
 -2-12-26-25-15-13 -8  4 39 27  9 -1 -1 *  0  0  0 -1 -2 -1 -1 -1  2  2  0  0  0	
  2  1 -6-14-14 -9 -2 -4  8 19 13  6  1 *  0  0  0  0 -1 -1 -1  0  1  1  1  0  0	
 4926.075   12.816
 -3-12-26-24-10 -7 -3  2 39 31 11 -2 -2 *  0  0  0  0  0  0  0  0  1  1  0  0  0	
  1  0 -7-16-14 -6 -1 -5  7 19 15  7  1 *  0  0  0  0  0  0  0  0  0  0  0  0  0	
 4927.075  -18.550
 -2 -8-12-13-11 -8 -2  8 15 14 11  7  1 *  1  4  6  4  2  1 -2 -7 -7 -2  1  0  0	
  2 -1 -5 -7 -7 -6 -4  0  5  8  8  6  4 *  0  1  2  2  2  1  0 -2 -2 -2 -1  0  0	
 4927.075  -17.020
 -2 -8-12-13-11 -8 -3  8 15 14 11  7  1 *  1  4  5  3  2  0 -2 -7 -7 -1  1  1  0	
  2 -1 -5 -7 -8 -6 -4  0  4  8  8  6  4 *  0  0  2  2  2  1  0 -2 -2 -2 -1  0  0	
 4927.075  -15.490
 -1 -8-12-13-12 -9 -3  7 15 14 11  8  2 *  1  4  5  2  1  0 -2 -7 -6  0  2  1  0	
  3 -1 -5 -7 -8 -6 -4  0  4  8  8  7  4 *  0  0  1  2  2  1  0 -2 -2 -2  0  1  1	
 4927.075  -13.960
 -1 -7-12-13-12 -9 -4  6 14 14 12  8  2 *  1  3  4  1  0 -1 -3 -6 -5  1  3  2  0	
  3 -1 -4 -7 -8 -6 -4  0  4  7  8  7  4 *  1  0  1  2  1  0 -1 -2 -2 -1  1  1  1	
 4927.075  -12.430
  0 -6-11-13-12-10 -5  5 13 14 12  8  2 *  0  2  2  0 -1 -1 -3 -6 -4  2  4  2  0	
  2 -1 -4 -6 -7 -6 -3  0  4  7  8  6  4 *  1  0  1  1  1  0 -1 -2 -2  0  1  2  1	
 4927.075  -10.900
  0 -5-10-12-12-10 -5  4 12 12 11  7  3 *  0  1  1 -1 -2 -2 -3 -5 -3  2  4  2  0	
  2 -1 -4 -6 -6 -5 -2  2  5  7  7  5  3 *  1  1  1  1  1  0 -1 -2 -1  0  2  2  1	
 4927.075   -9.370
  1 -5-10-12-12-10 -6  4 11 12 10  7  3 *  0  0  1 -1 -2 -2 -3 -4 -2  2  4  2  0	
  1 -1 -4 -5 -6 -5 -2  2  5  7  6  5  3 *  1  1  1  1  1  0 -1 -2 -1  1  2  2  1	
 4927.075   -7.840
  1 -5-10-12-12-11 -6  4 11 11 10  7  3 * -1  0  1 -1 -2 -2 -3 -4 -2  2  4  2  0	
  1 -2 -4 -5 -6 -4 -1  2  5  7  6  4  2 *  1  1  1  1  1  0 -1 -2 -1  1  2  2  1	
 4927.075   -6.310
  1 -4 -8-11-12-10 -6  3 10 11 10  7  3 *  0  0  1 -1 -2 -2 -3 -4 -3  2  4  3  0	
  1 -1 -4 -5 -5 -4 -2  2  5  6  6  4  2 *  1  0  1  1  0  0 -1 -2 -1  1  2  2  1	
 4927.075   -4.780
  2 -3 -6 -9-10 -9 -6  1  8 11 10  7  4 *  1  1  1  0 -1 -2 -3 -4 -3  2  4  3  1	
  1 -1 -3 -5 -5 -4 -2  0  4  5  5  4  2 *  1  0  1  0 -1 -1 -2 -2 -1  1  2  2  1	
 4927.075   -3.249
  2 -3 -6 -9-10 -9 -5  2  9 10  9  7  3 *  1  1  2  0 -1 -2 -3 -5 -3  2  5  3  1	
  1 -1 -3 -4 -5 -4 -2  0  3  5  5  4  2 *  1  0  1  0 -1 -1 -2 -2 -1  1  2  2  1	
 4927.075   -1.719
  1 -3 -7 -9 -9 -8 -4  3  9  9  8  6  2 *  1  1  2  1 -1 -2 -4 -5 -3  2  5  3  1	
  1 -1 -3 -4 -5 -4 -2  0  3  5  5  4  2 *  1  1  1  0 -1 -1 -2 -2 -1  0  2  3  2	
 4927.075   -0.189
  0 -4 -7 -8 -8 -7 -3  5 10  8  6  4  2 *  1  2  2  1  0 -1 -4 -7 -5  2  5  4  2	
  1 -1 -3 -4 -5 -4 -2  1  4  5  4  3  2 *  2  1  1  1 -1 -1 -2 -3 -2  0  2  3  2	
 4927.075    1.341
  0 -4 -7 -8 -7 -6 -2  7 12  7  3  2  1 *  2  3  3  1  0 -1 -4 -9 -8  1  6  5  3	
  0 -1 -4 -5 -5 -3  0  3  5  5  3  1  1 *  2  2  2  1  0 -1 -3 -4 -4 -2  2  3  3	
 4927.075    2.871
  0 -4 -7 -8 -7 -6 -2  7 13  7  2  2  1 *  2  3  3  2  0 -1 -4 -9 -9  0  6  5  3	
  0 -2 -4 -5 -5 -3  0  3  5  5  3  1  0 *  2  2  2  2  0 -1 -3 -4 -4 -2  1  3  2	
 4927.075    4.401
 -1 -4 -7 -8 -7 -6 -2  8 13  7  2  2  1 *  2  3  3  2  0 -1 -4 -9 -9  0  6  5  3	
  0 -2 -4 -6 -5 -3  0  3  5  5  3  1  0 *  2  2  2  2  0 -1 -2 -3 -4 -2  1  3  2	
 4927.075    5.931
 -2 -8-14-13 -8 -7 -1 12 21 11  2  0 -1 *  2  2  3  2  0  0 -3 -6 -6  0  4  4  2	
  0 -2 -6 -8 -8 -6 -1  3  7  7  4  1  0 *  2  2  2  2  1  0 -1 -2 -2 -1  1  2  2	
 4927.075    7.461
 -3-13-22-18 -9 -9 -1 16 30 16  3 -1 -2 *  1  1  3  2  1  1 -1 -2 -4 -1  3  3  1	
  0 -2 -8-11-11 -9 -1  4 10 10  5  1  0 *  2  1  1  2  1  1  0  0 -1 -1  0  1  2	
 4927.075    8.991
 -3-12-22-18 -7 -4  0 11 29 18  4 -3 -3 *  1  2  3  2  0 -1 -1 -1 -4 -3  1  3  1	
 -1 -3 -9-12-10 -9 -2  2  8 10  5  0 -1 *  2  1  2  2  1  1  1  0 -1 -1  0  1  2	
 4928.075  -17.785
 -1 -7-12-14-13-10 -4  7 15 15 13  9  2 *  1  3  3  1 -1 -1 -3 -7 -5  1  4  2  1	
  3 -1 -4 -7 -8 -7 -5 -1  4  7  9  7  5 *  1  0  1  2  1  0 -1 -2 -2 -1  1  2  1	
 4928.075  -16.255
  0 -7-12-14-13-11 -5  6 15 16 14 10  3 *  1  3  3  0 -2 -1 -3 -7 -5  2  5  3  1	
  4  0 -4 -7 -8 -7 -5 -1  3  7  9  8  5 *  1  0  1  1  1 -1 -2 -2 -2 -1  2  3  1	
 4928.075  -14.725
  0 -7-12-15-14-12 -6  5 15 16 15 11  3 *  1  2  2 -1 -3 -2 -4 -7 -4  4  7  4  1	
  4  0 -4 -7 -9 -8 -5 -2  3  7  9  8  6 *  1  0  1  1  0 -1 -2 -3 -2 -1  2  3  2	
 4928.075  -13.195
  0 -7-12-14-14-12 -6  5 14 16 14 11  3 *  1  2  2 -2 -3 -2 -4 -6 -4  4  7  4  1	
  4  0 -4 -7 -8 -7 -5 -1  3  7  9  8  5 *  1  0  1  1  0 -1 -2 -3 -2  0  2  3  2	
 4928.075  -11.665
  0 -6-11-13-13-11 -6  5 13 14 13  9  3 *  1  2  1 -2 -3 -2 -4 -6 -3  4  6  4  1	
  3  0 -4 -7 -7 -7 -4 -1  4  7  8  7  5 *  1  0  1  1  0 -1 -2 -2 -2  0  2  3  2	
 4928.075  -10.135
  0 -5-10-12-12-10 -5  4 11 12 11  8  3 *  0  1  1 -1 -2 -2 -3 -5 -3  3  5  3  1	
  2 -1 -4 -6 -6 -5 -3  1  4  7  7  5  3 *  1  1  1  1  0 -1 -2 -2 -1  0  2  3  2	
 4928.075   -8.605
  0 -5 -9-11-11 -9 -5  4 10 11 10  7  3 *  0  1  1 -1 -2 -2 -4 -5 -3  3  5  3  1	
  2 -1 -4 -5 -5 -5 -2  1  4  6  6  5  3 *  1  1  1  1  0 -1 -2 -2 -1  1  2  3  2	
 4928.075   -7.075
  1 -4 -8-10-11 -9 -5  3 10 10  9  7  3 *  0  1  1  0 -1 -2 -4 -5 -3  2  5  3  1	
  1 -1 -4 -5 -5 -4 -2  1  4  6  6  4  2 *  1  1  1  0  0 -1 -2 -2 -1  1  2  3  2	
 4928.075   -5.545
  1 -4 -7 -9-10 -8 -5  3  9 10  9  6  3 *  0  1  1  0 -1 -2 -4 -5 -3  2  5  3  1	
  1 -1 -3 -4 -5 -4 -2  0  3  5  5  4  2 *  1  1  1  0 -1 -1 -2 -2 -1  1  2  3  2	
 4928.075   -4.015
  1 -3 -6 -8 -9 -8 -4  3  9  9  8  6  2 *  0  1  2  1  0 -2 -4 -5 -3  2  5  3  1	
  1 -1 -3 -4 -4 -4 -2  0  3  5  5  4  2 *  1  0  1  0 -1 -1 -2 -2 -1  1  3  3  2	
 4928.075   -2.484
  0 -4 -6 -8 -8 -7 -4  4  9  9  8  6  2 *  0  1  2  1  0 -1 -4 -6 -3  2  5  3  1	
  1 -1 -3 -4 -4 -4 -2  0  2  5  5  4  2 *  1  1  1  0 -1 -2 -2 -2 -2  1  3  3  2	
 4928.075   -0.954
  0 -4 -6 -8 -8 -7 -3  4  9  9  7  5  2 *  1  1  2  1  0 -2 -4 -6 -4  2  6  4  1	
  1 -1 -3 -4 -4 -4 -2  0  3  5  5  4  2 *  1  1  1  0 -1 -2 -2 -3 -2  0  3  3  2	
 4928.075    0.576
  0 -4 -7 -8 -8 -6 -3  5 10  7  4  3  1 *  2  3  3  0 -1 -2 -4 -9 -6  3  7  5  3	
  1 -1 -3 -4 -4 -3 -1  1  3  4  4  2  1 *  3  2  2  1 -1 -2 -3 -4 -4 -1  2  4  3	
 4928.075    2.106
  0 -3 -6 -7 -7 -5 -2  6 11  7  3  2  1 *  3  3  3  1 -1 -2 -4-10 -9  1  7  6  4	
  0 -1 -3 -4 -4 -3  0  2  4  4  3  1  1 *  3  2  2  2  0 -2 -3 -4 -4 -2  2  3  3	
 4928.075    3.636
  0 -4 -6 -7 -6 -5 -2  6 11  7  2  2  1 *  3  3  3  1 -1 -2 -4 -9 -9  0  6  6  4	
  0 -1 -3 -5 -4 -3  0  2  4  4  2  1  1 *  3  2  2  2  0 -2 -3 -4 -4 -2  2  3  3	
 4928.075    5.166
 -1 -5 -8 -8 -5 -4  0  8 12  7  2  0  0 *  3  4  4  2 -1 -2 -4 -8 -8  0  5  5  3	
 -1 -3 -5 -6 -5 -3  0  2  4  4  2  0 -1 *  2  2  3  2  0 -1 -2 -3 -3 -1  2  3  3	
 4928.075    6.696
 -2 -7-11 -7 -1  0  2  7 13  8  0 -3 -2 *  2  4  4  1 -1 -1 -3 -5 -6 -1  3  4  2	
 -2 -4 -7 -7 -4 -3 -1  1  4  3  0 -2 -2 *  2  3  3  2  1  0 -1 -1 -2 -1  1  3  2	
 4929.075  -18.550
  0 -7-12-14-13-11 -5  6 15 16 14 10  3 *  1  3  3  0 -2 -1 -3 -7 -5  2  5  3  1	
  4  0 -4 -7 -8 -7 -5 -1  3  7  9  8  5 *  1  0  1  1  1 -1 -2 -2 -2 -1  2  2  1	
 4929.075  -17.020
  0 -7-12-15-14-12 -6  5 15 17 15 11  3 *  1  2  2 -2 -3 -2 -4 -7 -4  4  7  5  1	
  4  0 -4 -8 -9 -8 -6 -2  3  7  9  9  6 *  1  0  1  1  0 -1 -2 -3 -2 -1  3  4  2	
 4929.075  -15.490
  0 -7-12-15-15-13 -6  5 15 17 16 12  3 *  1  2  1 -2 -3 -2 -4 -7 -4  4  8  5  1	
  5  0 -4 -8 -9 -8 -6 -2  3  7  9  9  6 *  1  0  1  1  0 -1 -3 -3 -2 -1  3  4  2	
 4929.075  -13.960
  0 -7-12-15-15-13 -6  5 15 17 16 12  4 *  1  2  1 -2 -4 -3 -4 -7 -4  5  8  5  2	
  5  0 -4 -8 -9 -8 -6 -2  3  7  9  9  6 *  1  0  0  1  0 -2 -3 -3 -2  0  3  4  2	
 4929.075  -12.430
  0 -7-12-15-15-12 -6  5 14 16 15 11  3 *  1  2  1 -2 -4 -3 -4 -7 -4  5  8  5  1	
  4  0 -4 -7 -9 -8 -6 -2  3  7  9  8  6 *  1  0  1  1  0 -2 -3 -3 -2  0  3  4  2	
 4929.075  -10.900
  0 -6-11-13-13-11 -6  5 13 15 13 10  3 *  1  2  1 -2 -3 -2 -4 -6 -3  4  7  4  1	
  3  0 -4 -7 -8 -7 -5 -1  3  7  8  7  5 *  1  0  1  1  0 -1 -2 -3 -2  0  3  4  2	
 4929.075   -9.370
  0 -5 -9-11-11 -9 -5  4 11 11 10  7  2 *  1  1  1 -1 -2 -2 -4 -6 -3  3  6  4  1	
  2 -1 -3 -5 -6 -5 -3  0  3  6  6  5  3 *  1  1  1  0  0 -1 -2 -2 -2  0  3  3  2	
 4929.075   -7.840
  0 -4 -8-10-10 -8 -4  4 10 10  9  6  2 *  1  1  2  0 -2 -2 -4 -6 -3  3  6  4  1	
  2 -1 -3 -4 -5 -5 -3  0  3  5  5  4  3 *  2  1  1  0 -1 -2 -2 -2 -2  1  3  3  2	
 4929.075   -6.310
  0 -4 -7 -9 -9 -7 -4  4  9 10  8  6  2 *  1  1  2  0 -1 -2 -4 -6 -3  3  6  4  1	
  2 -1 -3 -4 -5 -4 -3  0  3  5  5  4  2 *  2  1  1  0 -1 -2 -2 -3 -2  1  3  3  2	
 4929.075   -4.780
  0 -4 -7 -8 -8 -7 -3  4  9  9  7  5  2 *  1  1  2  0 -1 -2 -5 -6 -3  3  6  4  2	
  1 -1 -3 -4 -5 -4 -2  0  3  5  5  4  2 *  2  1  1  0 -2 -2 -2 -3 -2  1  3  4  2	
 4929.075   -3.250
  0 -4 -6 -8 -8 -7 -3  4  9  8  7  5  1 *  0  1  2  1  0 -2 -5 -6 -3  3  6  4  1	
  1 -1 -3 -4 -4 -4 -2  0  2  4  5  4  2 *  1  1  1  0 -1 -2 -2 -3 -2  1  3  3  2	
 4929.075   -1.720
  0 -4 -6 -8 -8 -7 -3  4  9  8  7  5  2 *  0  1  2  1  0 -2 -5 -6 -4  3  6  4  1	
  1 -1 -3 -4 -4 -4 -2  0  2  4  5  4  2 *  1  1  1  0 -1 -2 -3 -3 -2  1  3  3  2	
 4929.075   -0.189
  0 -4 -6 -8 -8 -6 -3  4  8  8  7  5  2 *  2  2  3  1 -1 -2 -5 -7 -5  3  6  5  2	
  1 -1 -2 -4 -4 -4 -2  0  3  4  4  3  2 *  2  1  1  0 -1 -2 -3 -4 -3  0  3  4  3	
 4929.075    1.341
  0 -4 -6 -7 -6 -5 -2  5  8  5  4  3  1 *  4  4  3 -1 -3 -3 -6-11 -6  5  9  7  4	
  0 -1 -2 -3 -3 -2 -1  0  3  4  3  2  1 *  4  3  3  1 -1 -3 -4 -5 -5 -2  3  5  4	
 4929.075    2.871
  0 -3 -6 -6 -5 -4 -1  5  9  6  3  2  1 *  4  4  3  0 -2 -3 -6-10 -8  2  8  7  4	
  0 -1 -3 -4 -3 -2  0  2  3  4  2  1  1 *  3  3  2  1 -1 -3 -4 -4 -4 -1  2  4  4	
 4929.075    4.401
 -1 -4 -6 -6 -5 -4 -1  6 10  6  2  1  0 *  3  4  4  0 -2 -2 -5 -9 -7  2  7  6  3	
  0 -2 -3 -4 -4 -2  0  2  4  4  2  1  0 *  3  3  3  2  0 -2 -3 -3 -3  0  3  4  3	
 4930.075  -17.785
  0 -7-12-15-14-12 -6  5 15 17 15 11  3 *  1  2  2 -2 -3 -2 -4 -7 -4  4  7  5  1	
  4  0 -4 -8 -9 -8 -6 -2  3  7  9  9  6 *  1  0  1  1  0 -1 -3 -3 -2  0  3  4  2	
 4930.075  -16.255
  0 -7-12-15-15-13 -6  5 15 17 16 12  4 *  1  2  1 -2 -4 -3 -4 -7 -4  5  8  5  2	
  5  0 -4 -8 -9 -8 -6 -2  3  7 10  9  6 *  1  0  0  1  0 -2 -3 -3 -2  0  3  4  2	
 4930.075  -14.725
  0 -7-13-15-15-13 -6  5 15 17 16 12  4 *  1  2  1 -2 -4 -3 -4 -7 -4  5  8  5  2	
  5  0 -4 -8 -9 -8 -6 -2  3  7 10  9  6 *  1  0  0  1  0 -2 -3 -3 -2  0  3  4  2	
 4930.075  -13.195
  0 -7-12-15-15-13 -6  5 15 17 16 12  4 *  1  2  1 -2 -4 -3 -4 -7 -4  5  8  5  2	
  5  0 -4 -8 -9 -8 -6 -2  3  7 10  9  6 *  1  0  0  1  0 -2 -3 -3 -2  0  3  4  2	
 4930.075  -11.665
  0 -7-12-14-14-12 -6  5 14 16 15 11  3 *  1  2  1 -2 -4 -3 -4 -7 -4  5  8  5  2	
  4  0 -4 -7 -8 -8 -6 -2  3  7  9  8  6 *  1  0  1  1  0 -2 -3 -3 -2  0  3  4  2	
 4930.075  -10.135
  0 -6-10-13-12-11 -5  5 13 14 13  9  3 *  1  2  1 -2 -3 -3 -4 -6 -3  4  7  5  1	
  3  0 -4 -6 -7 -7 -5 -1  3  6  8  7  5 *  1  0  1  1  0 -2 -3 -3 -2  0  3  4  2	
 4930.075   -8.605
  0 -5 -8-10-10 -8 -4  4 11 11 10  7  2 *  1  2  2 -1 -2 -3 -4 -6 -3  4  6  4  1	
  2  0 -3 -5 -5 -5 -3  0  3  5  6  5  3 *  2  1  1  0 -1 -2 -3 -3 -2  0  3  4  2	
 4930.075   -7.075
 -1 -5 -8 -9 -9 -7 -3  5 10 10  9  6  1 *  1  2  2  0 -2 -3 -5 -6 -3  3  6  4  2	
  2  0 -3 -4 -5 -5 -3  0  3  5  5  4  3 *  2  1  1  0 -1 -2 -3 -3 -2  1  3  4  2	
 4930.075   -5.545
 -1 -5 -8 -9 -8 -7 -3  5 10 10  8  5  1 *  1  2  2  0 -2 -3 -5 -6 -3  3  6  4  2	
  2 -1 -3 -4 -5 -5 -3  0  3  5  5  4  3 *  2  1  1  0 -1 -2 -3 -3 -2  1  3  4  3	
 4930.075   -4.015
 -1 -5 -8-10 -9 -7 -3  5 11 11  9  6  1 *  2  2  2  0 -2 -3 -5 -7 -3  3  6  4  2	
  2  0 -2 -4 -5 -5 -4 -1  2  4  5  5  3 *  2  1  1  0 -1 -2 -3 -3 -2  1  3  4  3	
 4930.075   -2.485
  0 -4 -7 -8 -8 -7 -3  4  9  9  8  5  2 *  1  2  2  1 -1 -2 -5 -7 -4  3  6  4  2	
  1 -1 -2 -4 -4 -4 -3  0  2  4  5  4  2 *  2  1  1  0 -1 -2 -3 -3 -2  1  3  4  2	
 4930.075   -0.955
  1 -3 -6 -8 -7 -6 -3  3  7  8  7  6  2 *  2  3  3  1 -2 -3 -6 -7 -5  2  7  5  3	
  1 -1 -2 -4 -4 -4 -2  0  3  5  4  3  2 *  2  1  1  0 -1 -2 -4 -4 -3  1  4  4  3	
 4930.075    0.576
  1 -3 -6 -7 -6 -5 -3  3  6  6  6  5  3 *  3  4  4  1 -3 -4 -6 -9 -6  2  7  7  4	
  0 -1 -3 -4 -4 -4 -2  1  4  4  4  3  1 *  3  2  1  0 -1 -3 -5 -5 -3  1  4  5  3	
 4930.075    2.106
  1 -3 -6 -6 -4 -4 -1  4  7  5  3  3  2 *  4  4  4  0 -4 -5 -7-10 -7  4  9  8  5	
  0 -2 -3 -4 -3 -2  0  2  3  3  2  1  1 *  3  3  3  1 -2 -4 -5 -5 -4 -1  3  5  4	
 4930.075    3.636
  0 -4 -6 -5 -4 -3 -1  4  7  4  2  2  1 *  4  4  3 -1 -4 -4 -6-10 -6  4  9  7  4	
  0 -2 -3 -3 -3 -2  0  1  3  3  2  1  0 *  3  3  2  1 -2 -3 -4 -4 -3  0  4  5  4	
 4931.075  -18.550
  0 -7-12-15-14-12 -6  6 15 17 15 11  3 *  1  2  2 -2 -3 -2 -4 -7 -4  4  7  4  1	
  4  0 -4 -7 -9 -8 -5 -2  3  7  9  8  6 *  1  0  1  1  0 -2 -3 -3 -2  0  3  3  2	
 4931.075  -17.020
  0 -7-12-15-15-13 -6  5 15 17 16 12  4 *  1  2  1 -2 -4 -3 -4 -7 -4  5  8  5  2	
  5  0 -4 -8 -9 -8 -6 -2  3  7  9  9  6 *  1  0  0  1  0 -2 -3 -3 -2  0  3  4  2	
 4931.075  -15.490
  0 -7-13-15-15-13 -6  5 15 17 16 12  4 *  1  2  1 -2 -4 -3 -4 -7 -4  5  8  5  2	
  5  0 -4 -8 -9 -8 -6 -2  3  7 10  9  6 *  1  0  0  1  0 -2 -3 -3 -2  0  3  4  2	
 4931.075  -13.960
  0 -7-13-15-15-13 -6  5 15 17 16 12  4 *  1  2  1 -2 -4 -3 -4 -7 -4  5  8  5  2	
  5  0 -4 -8 -9 -8 -6 -2  3  7 10  9  6 *  1  0  0  1  0 -2 -3 -3 -2  0  3  4  2	
 4931.075  -12.430
  0 -7-12-15-15-13 -6  5 15 17 16 12  4 *  1  2  1 -2 -4 -3 -4 -7 -4  5  8  5  2	
  5  0 -4 -8 -9 -8 -6 -2  3  7  9  9  6 *  1  0  0  1  0 -2 -3 -3 -2  0  3  4  2	
 4931.075  -10.900
  0 -6-11-13-13-11 -5  5 13 15 14 10  3 *  1  2  1 -2 -3 -3 -4 -7 -3  5  8  5  2	
  4  0 -4 -7 -8 -7 -5 -2  3  6  8  8  5 *  1  0  1  1  0 -2 -3 -3 -2  0  3  4  2	
 4931.075   -9.370
  0 -5 -9-11-11 -9 -4  5 12 13 11  8  2 *  1  2  2 -1 -3 -3 -4 -7 -3  4  7  4  2	
  3  0 -3 -5 -6 -6 -4 -1  3  5  6  6  4 *  2  1  1  0 -1 -2 -3 -3 -2  0  3  4  2	
 4931.075   -7.840
 -1 -5 -8-10 -9 -7 -3  5 11 11  9  6  1 *  1  2  2  0 -2 -3 -5 -7 -3  4  6  4  2	
  2  0 -3 -4 -5 -5 -3 -1  2  5  5  5  3 *  2  1  1  0 -1 -2 -3 -3 -2  1  3  4  3	
 4931.075   -6.310
 -1 -5 -8-10 -9 -7 -3  5 11 11  9  6  1 *  2  2  2  0 -2 -3 -5 -7 -3  3  6  4  2	
  2  0 -2 -4 -5 -5 -3 -1  2  4  5  5  3 *  2  1  1  0 -1 -2 -3 -3 -2  1  3  4  3	
 4931.075   -4.780
 -1 -6 -9-10 -9 -7 -2  5 11 11  9  6  1 *  2  2  2  0 -2 -3 -5 -7 -3  3  6  4  2	
  3  0 -2 -4 -5 -5 -4 -1  2  4  5  5  3 *  2  1  1  0 -1 -2 -3 -3 -2  1  3  4  3	
 4931.075   -3.250
 -1 -5 -8-10 -9 -7 -3  5 10 10  9  6  1 *  2  2  2  0 -2 -3 -5 -7 -4  3  6  4  2	
  2  0 -2 -4 -5 -5 -3 -1  2  4  5  4  3 *  2  1  1  0 -1 -2 -3 -3 -2  1  3  4  3	
 4931.075   -1.720
  1 -4 -7 -8 -7 -6 -3  3  8  8  8  6  2 *  3  3  3  1 -3 -4 -6 -8 -5  2  7  6  4	
  1 -1 -2 -4 -5 -4 -3  0  3  4  4  3  2 *  2  1  1  0 -1 -2 -4 -5 -3  1  4  4  3	
 4931.075   -0.190
  2 -2 -5 -7 -6 -5 -3  1  5  6  7  7  4 *  5  4  4  1 -4 -5 -7 -9 -8  2  8  8  6	
  0 -1 -2 -4 -4 -4 -2  2  5  5  4  2  1 *  3  2  1 -1 -1 -2 -6 -6 -4  1  5  5  3	
 4931.075    1.341
  1 -3 -6 -7 -6 -5 -3  2  6  6  7  6  3 *  4  4  4  0 -4 -5 -7 -8 -6  3  8  7  5	
  0 -1 -2 -4 -4 -4 -2  1  4  5  4  3  1 *  3  2  1  0 -1 -3 -5 -6 -3  1  4  5  3	
 4931.075    2.871
  1 -3 -5 -6 -6 -5 -3  2  6  6  6  5  2 *  4  4  3 -2 -5 -5 -7 -9 -5  5  9  7  4	
  1 -1 -2 -3 -4 -3 -2  1  3  4  3  2  1 *  3  2  2  0 -2 -3 -5 -5 -3  1  4  5  4	
 4932.075  -17.785
  0 -7-12-15-14-12 -6  5 15 17 16 11  3 *  1  2  1 -2 -4 -2 -4 -7 -4  5  8  5  1	
  4  0 -4 -7 -9 -8 -6 -2  3  7  9  8  6 *  1  0  1  1  0 -2 -3 -3 -2  0  3  4  2	
 4932.075  -16.255
  0 -7-12-15-15-13 -6  5 15 17 16 12  4 *  1  2  1 -2 -4 -3 -4 -7 -4  5  8  5  2	
  5  0 -4 -8 -9 -8 -6 -2  3  7  9  9  6 *  1  0  0  1  0 -2 -3 -3 -2  0  3  4  2	
 4932.075  -14.725
  0 -7-12-15-15-13 -6  5 15 17 16 12  4 *  1  2  1 -2 -4 -3 -4 -7 -4  5  8  5  2	
  5  0 -4 -8 -9 -8 -6 -2  3  7  9  9  6 *  1  0  0  1  0 -2 -3 -3 -2  0  3  4  2	
 4932.075  -13.195
  0 -7-12-15-15-13 -6  5 15 17 16 12  3 *  1  2  1 -2 -4 -3 -4 -7 -4  5  8  5  2	
  5  0 -4 -8 -9 -8 -6 -2  3  7  9  9  6 *  1  0  0  1  0 -2 -3 -3 -2  0  3  4  2	
 4932.075  -11.665
  0 -6-12-14-14-12 -6  5 14 16 15 11  3 *  1  2  1 -2 -4 -3 -4 -7 -4  5  8  5  2	
  4  0 -4 -7 -8 -7 -5 -2  3  7  8  8  6 *  1  0  1  1  0 -2 -3 -3 -2  0  3  4  2	
 4932.075  -10.135
  0 -6-10-12-12-10 -5  5 13 14 13  9  3 *  2  2  1 -2 -3 -3 -4 -7 -3  5  8  5  2	
  3  0 -3 -6 -7 -6 -5 -1  3  6  7  7  5 *  2  1  1  0 -1 -2 -3 -3 -2  0  3  4  3	
 4932.075   -8.605
  0 -5 -9-11-10 -8 -4  5 11 12 10  7  2 *  2  2  2 -1 -3 -3 -5 -7 -3  4  7  4  2	
  3  0 -3 -5 -6 -5 -4 -1  2  5  6  5  4 *  2  1  1  0 -1 -2 -3 -3 -2  1  3  4  3	
 4932.075   -7.075
 -1 -5 -8-10 -9 -7 -3  5 11 11  9  6  1 *  2  2  2 -1 -2 -3 -5 -7 -3  4  7  4  2	
  2  0 -2 -4 -5 -5 -4 -1  2  4  5  5  3 *  2  1  1  0 -1 -2 -3 -3 -2  1  3  4  3	
 4932.075   -5.545
 -1 -5 -8-10 -9 -7 -3  5 11 11  9  6  1 *  2  2  2  0 -2 -3 -5 -7 -3  3  6  4  2	
  2  0 -2 -4 -5 -5 -4 -1  2  4  5  5  3 *  2  1  1  0 -1 -2 -3 -3 -2  1  3  4  3	
 4932.075   -4.015
 -1 -5 -8-10 -9 -7 -3  5 10 11  9  6  1 *  2  2  2  0 -2 -3 -5 -7 -3  3  6  4  2	
  2  0 -2 -4 -5 -5 -4 -1  2  4  5  4  3 *  2  1  1  0 -1 -2 -3 -3 -2  1  3  4  3	
 4932.075   -2.485
  0 -5 -8 -9 -8 -7 -3  4  9 10  9  6  2 *  2  2  2  0 -2 -3 -5 -7 -4  4  7  5  2	
  2  0 -2 -4 -5 -5 -3  0  2  4  4  4  3 *  2  1  1  0 -1 -2 -4 -4 -2  1  3  4  3	
 4932.075   -0.955
  1 -3 -6 -8 -7 -6 -3  2  6  8  8  6  3 *  3  3  3  0 -3 -4 -6 -8 -5  3  8  6  4	
  1 -1 -2 -4 -4 -4 -2  0  3  4  4  3  2 *  3  2  1  0 -1 -3 -5 -5 -3  1  4  5  3	
 4932.075    0.575
  1 -3 -5 -7 -7 -6 -4  1  5  7  8  6  3 *  3  3  2 -1 -4 -5 -7 -8 -4  5  9  7  4	
  1 -1 -2 -3 -4 -4 -2  0  3  4  4  3  2 *  3  2  1  0 -2 -3 -5 -5 -3  1  4  5  4	
 4932.075    2.105
  1 -2 -5 -7 -7 -6 -4  0  5  6  7  5  2 *  4  3  2 -3 -7 -7 -8 -9 -4  6 10  8  5	
  1  0 -2 -3 -4 -4 -2 -1  2  3  3  3  2 *  4  3  2  0 -2 -4 -5 -5 -4  0  4  6  5	
 4932.075    3.636
  0 -1 -4 -6 -6 -4 -3 -1  2  6  8  5  1 *  1  2 -1 -6 -7 -5 -6 -6 -3  9 12  7  2	
  1  0 -1 -2 -3 -3 -2 -1  0  1  3  4  2 *  3  1  1 -1 -3 -4 -3 -3 -3 -1  4  6  4	
 4933.075  -18.550
  0 -7-12-14-14-11 -5  6 14 17 15 11  3 *  2  3  2 -2 -3 -2 -3 -7 -4  4  7  3  1	
  4  0 -4 -7 -8 -7 -5 -1  3  7  8  8  5 *  2  1  1  0 -1 -2 -3 -3 -2  0  2  3  2	
 4933.075  -17.020
  0 -7-12-15-14-12 -6  5 14 17 16 11  3 *  1  3  1 -2 -4 -2 -4 -7 -4  5  7  4  1	
  4  0 -4 -7 -8 -8 -5 -2  3  7  9  8  6 *  1  0  1  1  0 -2 -3 -3 -2  0  3  3  2	
 4933.075  -15.490
  0 -7-12-15-14-12 -6  5 15 17 16 11  3 *  1  2  1 -3 -4 -2 -4 -7 -4  5  8  5  2	
  4  0 -4 -7 -9 -8 -6 -2  3  7  9  8  6 *  1  0  0  1  0 -2 -3 -3 -2  0  3  4  2	
 4933.075  -13.960
  0 -7-12-15-14-12 -6  5 14 17 15 11  3 *  1  2  1 -3 -4 -2 -4 -7 -4  5  8  5  2	
  4  0 -4 -7 -9 -8 -6 -2  3  7  9  8  6 *  1  0  0  1  0 -2 -3 -3 -2  0  3  4  2	
 4933.075  -12.430
  0 -6-12-14-14-11 -5  5 14 16 15 11  3 *  1  3  1 -3 -4 -2 -4 -7 -4  5  8  5  2	
  4  0 -4 -7 -8 -7 -5 -2  3  7  9  8  6 *  2  0  1  1  0 -2 -3 -3 -2  0  3  4  2	
 4933.075  -10.900
  0 -6-11-13-13-10 -5  5 13 15 14 10  3 *  2  3  1 -3 -4 -3 -4 -7 -3  5  8  5  2	
  4  0 -3 -6 -7 -7 -5 -1  3  6  8  7  5 *  2  1  1  0 -1 -2 -3 -3 -2  0  3  4  3	
 4933.075   -9.370
  0 -6 -9-11-11 -9 -4  5 12 13 12  8  2 *  2  3  2 -2 -4 -3 -4 -7 -3  5  8  5  2	
  3  0 -3 -5 -6 -6 -4 -1  3  5  6  6  4 *  2  1  1  0 -1 -2 -3 -3 -2  1  3  4  3	
 4933.075   -7.840
 -1 -5 -9-10 -9 -7 -3  5 11 12 10  6  2 *  2  3  2 -1 -3 -3 -5 -7 -3  5  7  4  2	
  2  0 -2 -4 -5 -5 -4 -1  2  5  5  5  3 *  2  1  1  0 -1 -2 -3 -3 -2  1  3  4  3	
 4933.075   -6.310
 -1 -5 -8-10 -9 -7 -3  5 10 11  9  6  1 *  2  3  2 -1 -3 -3 -5 -7 -3  4  7  4  2	
  2  0 -2 -4 -5 -5 -3 -1  2  4  5  5  3 *  2  1  1  0 -1 -2 -3 -3 -2  1  3  4  3	
 4933.075   -4.780
 -1 -5 -8-10 -9 -7 -3  5 10 11  9  6  1 *  2  2  2 -1 -2 -3 -5 -7 -3  4  7  4  2	
  2  0 -2 -4 -5 -5 -3 -1  2  4  5  4  3 *  2  1  1  0 -1 -2 -3 -3 -2  1  3  4  3	
 4933.075   -3.250
  0 -4 -7 -9 -8 -7 -3  4  9 10  9  6  2 *  2  2  2 -1 -3 -4 -5 -7 -3  5  7  5  2	
  2  0 -2 -4 -4 -5 -3 -1  2  4  5  4  3 *  3  2  1  0 -2 -3 -4 -4 -2  1  3  4  3	
 4933.075   -1.720
  1 -3 -6 -8 -8 -7 -4  2  7  9  9  7  2 *  2  2  1 -2 -4 -5 -6 -7 -2  6  9  6  3	
  2  0 -2 -3 -4 -4 -3 -1  2  4  4  4  3 *  3  2  1  0 -2 -3 -4 -4 -3  1  4  5  4	
 4933.075   -0.190
  1 -2 -5 -7 -8 -7 -4  0  5  8  9  7  3 *  2  2  0 -4 -5 -6 -7 -6  0  8 10  6  3	
  2  0 -2 -3 -4 -4 -2 -1  1  3  4  4  3 *  4  3  2  0 -2 -4 -5 -5 -3  0  4  5  5	
 4933.075    1.340
  1 -2 -4 -6 -8 -7 -5 -1  4  7  9  7  3 *  3  2  0 -5 -7 -7 -8 -7  0  9 11  7  4	
  2  0 -1 -3 -3 -4 -2 -1  1  3  4  3  2 *  5  3  2  0 -3 -5 -5 -5 -4  0  4  6  5	
 4933.075    2.870
  0 -3 -4 -6 -7 -7 -5 -2  4  4  5  3  1 *  6  4  3 -5-10 -9-10-11 -6  8 12 11  7	
  1  0 -1 -2 -3 -4 -3 -2  0  2  2  2  2 *  5  4  3  2 -2 -5 -5 -5 -6 -3  4  7  6	
 4933.075    4.401
  1 -2 -4 -6 -6 -6 -4 -2  4  6  7  5  2 *  3  2 -1 -6 -9 -7 -7 -7 -1 10 12  8  4	
  1  0 -1 -2 -2 -3 -2 -1  1  2  3  3  2 *  5  3  1  0 -3 -5 -4 -4 -2  1  5  6  5	
 4934.075  -17.785
  0 -7-12-14-13-11 -5  6 14 17 15 11  3 *  2  4  2 -2 -3 -1 -3 -8 -4  4  7  3  1	
  3  0 -4 -7 -8 -7 -5 -1  4  7  8  7  5 *  2  1  1  0 -1 -2 -3 -3 -2  0  2  3  2	
 4934.075  -16.255
  0 -7-12-14-14-11 -5  6 14 17 15 11  3 *  2  3  1 -3 -4 -2 -3 -8 -4  5  7  4  1	
  4  0 -4 -7 -8 -7 -5 -1  3  7  8  8  5 *  2  1  1  0 -1 -2 -3 -3 -2  0  2  3  2	
 4934.075  -14.725
  0 -6-11-14-13-11 -5  6 14 16 15 11  3 *  2  3  1 -3 -4 -2 -4 -8 -4  5  8  4  2	
  4  0 -4 -7 -8 -7 -5 -1  3  7  8  7  5 *  2  1  1  0 -1 -2 -3 -3 -2  0  3  3  2	
 4934.075  -13.195
  0 -6-11-14-13-11 -5  5 13 16 15 10  3 *  2  3  1 -3 -4 -2 -4 -8 -4  5  8  4  2	
  4  0 -4 -6 -8 -7 -5 -1  3  7  8  7  5 *  2  1  1  0 -1 -2 -3 -3 -2  0  3  3  2	
 4934.075  -11.665
  0 -6-11-13-12-10 -5  5 13 15 14 10  3 *  2  3  1 -3 -4 -2 -4 -8 -4  5  8  5  2	
  3  0 -3 -6 -7 -6 -4 -1  3  6  8  7  5 *  2  1  1  0 -1 -2 -3 -3 -2  0  3  3  3	
 4934.075  -10.135
  0 -6-10-12-11 -9 -4  5 12 14 13  9  3 *  2  4  1 -3 -4 -3 -4 -8 -3  6  9  5  2	
  3  0 -3 -5 -7 -6 -4 -1  3  6  7  6  4 *  2  1  1  0 -1 -2 -3 -3 -1  1  3  4  3	
 4934.075   -8.605
  0 -5 -9-11-10 -8 -3  5 11 13 12  8  2 *  3  4  1 -3 -4 -3 -4 -8 -3  6  9  5  2	
  3  0 -3 -5 -6 -5 -4 -1  3  5  6  6  4 *  3  2  1  0 -2 -3 -3 -3 -1  1  3  4  3	
 4934.075   -7.075
  0 -5 -9-10 -9 -7 -3  5 11 12 10  7  2 *  3  3  1 -2 -4 -3 -5 -8 -3  6  8  5  2	
  2  0 -2 -4 -5 -5 -4 -1  3  5  5  5  3 *  3  2  1  0 -2 -3 -3 -3 -1  1  3  4  3	
 4934.075   -5.545
 -1 -5 -8-10 -9 -7 -3  5 10 11 10  6  2 *  2  3  2 -2 -4 -3 -5 -7 -3  5  8  5  2	
  2  0 -2 -4 -5 -5 -3 -1  2  4  5  5  3 *  3  2  1  0 -2 -3 -3 -3 -2  1  3  4  3	
 4934.075   -4.015
  0 -4 -8 -9 -9 -7 -3  4  9 11 10  6  2 *  2  3  1 -2 -4 -4 -5 -7 -2  6  9  5  3	
  2  0 -2 -4 -5 -5 -3 -1  2  4  5  5  3 *  3  2  1  0 -2 -3 -4 -4 -2  1  3  4  4	
 4934.075   -2.485
  0 -3 -6 -8 -8 -7 -4  2  7 10  9  7  2 *  2  2  0 -3 -5 -5 -6 -7 -1  7  9  6  3	
  2  0 -2 -3 -4 -4 -3 -1  2  4  4  4  3 *  4  2  1  0 -2 -3 -4 -4 -2  1  4  5  4	
 4934.075   -0.955
  1 -2 -5 -7 -8 -7 -4  0  5  9 10  7  3 *  2  1 -1 -4 -6 -6 -6 -6  1  9 11  6  3	
  2  0 -1 -3 -4 -4 -2 -1  1  3  4  4  3 *  5  3  2  0 -3 -4 -5 -5 -3  1  4  5  5	
 4934.075    0.575
  2 -2 -4 -6 -8 -7 -5 -1  4  8 10  8  3 *  2  1 -2 -5 -6 -6 -7 -5  2 10 11  6  2	
  2  0 -1 -3 -4 -3 -2 -1  1  3  4  4  3 *  5  3  2  0 -3 -5 -5 -5 -3  0  3  5  5	
 4934.075    2.105
  2 -1 -4 -6 -7 -6 -4 -1  3  7  9  7  3 *  3  1 -1 -5 -7 -7 -7 -6  1 10 12  7  4	
  2  0 -1 -2 -3 -3 -2 -1  0  2  4  4  3 *  4  3  2  0 -3 -5 -5 -4 -3  1  4  6  5	
 4934.075    3.635
  2 -1 -3 -4 -5 -5 -3  0  3  7  8  6  3 *  4  2 -1 -6 -8 -8 -8 -7  0 10 13  9  5	
  2  1 -1 -2 -2 -2 -2 -1  1  2  3  3  3 *  4  2  1 -1 -3 -5 -5 -4 -2  1  5  6  5	
 4934.075    5.166
  1 -1 -4 -6 -6 -5 -2 -2  3  8  8  5  2 *  2  1 -4 -8 -8 -6 -5 -4  3 13 14  7  3	
  2  0 -1 -2 -2 -2 -2 -1  1  2  3  3  2 *  4  2  0 -1 -3 -4 -3 -2  0  4  5  6  5	
 4935.075  -18.550
 -1 -7-12-14-13-11 -4  7 15 17 15 10  3 *  2  4  2 -2 -3 -1 -3 -8 -5  4  6  2  1	
  3 -1 -4 -7 -8 -7 -4  0  4  7  8  7  4 *  2  1  1  0 -1 -2 -2 -3 -1  0  2  2  2	
 4935.075  -17.020
  0 -7-12-14-13-11 -5  7 14 17 15 10  3 *  2  4  2 -2 -4 -1 -3 -8 -4  4  7  3  1	
  3 -1 -4 -6 -8 -7 -4 -1  4  7  8  7  5 *  2  1  1  0 -1 -2 -3 -3 -1  0  2  2  2	
 4935.075  -15.490
  0 -6-11-14-13-10 -4  6 14 16 15 10  3 *  2  4  2 -3 -4 -2 -3 -8 -4  5  8  4  2	
  3  0 -4 -6 -7 -6 -4 -1  4  7  8  7  5 *  2  1  1  0 -1 -2 -3 -3 -1  1  2  3  2	
 4935.075  -13.960
  0 -6-11-13-12-10 -4  6 13 16 14 10  3 *  2  4  2 -3 -4 -2 -3 -8 -4  5  8  4  2	
  3  0 -3 -6 -7 -6 -4 -1  3  6  8  7  5 *  2  1  1  0 -1 -2 -3 -3 -2  1  2  3  3	
 4935.075  -12.430
  0 -6-10-13-12 -9 -4  6 13 15 14  9  3 *  3  4  2 -3 -5 -2 -4 -8 -4  6  8  4  2	
  3  0 -3 -6 -7 -6 -4 -1  3  6  7  7  4 *  2  2  1  0 -1 -2 -3 -3 -1  1  3  3  3	
 4935.075  -10.900
  0 -6-10-12-12 -9 -4  6 12 15 13  9  3 *  3  4  1 -3 -5 -2 -4 -8 -3  6  9  5  2	
  3  0 -3 -6 -7 -6 -4 -1  3  6  7  6  4 *  3  2  1  0 -1 -3 -3 -3 -1  1  3  3  3	
 4935.075   -9.370
  0 -5-10-12-11 -8 -4  5 12 14 13  9  2 *  3  4  1 -4 -5 -3 -4 -8 -3  7  9  5  3	
  3  0 -3 -5 -6 -6 -4  0  3  6  7  6  4 *  3  2  1  0 -2 -3 -4 -3 -1  1  3  4  3	
 4935.075   -7.840
  0 -5 -9-11-10 -8 -3  5 11 13 12  8  2 *  3  4  1 -4 -5 -3 -4 -8 -3  7 10  5  3	
  3  0 -3 -5 -6 -5 -4 -1  3  5  6  5  4 *  3  2  1 -1 -2 -3 -4 -3 -1  2  3  4  3	
 4935.075   -6.310
  0 -5 -8-11-10 -7 -3  4 10 13 11  7  2 *  3  4  1 -4 -6 -4 -5 -8 -2  7 10  6  3	
  3  0 -2 -4 -5 -5 -4 -1  3  5  6  5  4 *  3  2  1 -1 -2 -3 -4 -4 -1  2  4  4  4	
 4935.075   -4.780
  0 -4 -8-10 -9 -7 -3  4 10 12 11  7  2 *  3  4  1 -4 -5 -4 -5 -8 -2  7 10  6  3	
  2  0 -2 -4 -5 -5 -3 -1  2  5  5  5  3 *  3  2  1 -1 -2 -3 -4 -4 -1  2  4  4  4	
 4935.075   -3.250
  0 -4 -7 -9 -9 -7 -3  3  8 11 11  7  2 *  3  3  0 -5 -6 -5 -6 -8 -1  8 11  6  3	
  2  0 -2 -4 -5 -4 -3 -1  2  4  5  5  3 *  4  2  1 -1 -3 -4 -5 -4 -2  2  4  5  4	
 4935.075   -1.720
  1 -3 -6 -8 -8 -7 -4  1  6 10 10  7  3 *  2  2 -1 -5 -6 -6 -6 -7  0  9 11  6  3	
  2  0 -2 -3 -4 -4 -3 -1  1  3  4  4  3 *  4  3  1  0 -3 -4 -5 -4 -2  1  4  5  5	
 4935.075   -0.190
  1 -2 -5 -7 -8 -7 -4  0  4  9 10  8  3 *  2  1 -2 -5 -7 -6 -7 -6  2 10 11  6  3	
  2  0 -1 -3 -4 -4 -2 -1  1  3  4  4  3 *  5  3  2  0 -3 -5 -5 -5 -3  1  4  5  5	
 4935.075    1.340
  2 -1 -4 -6 -7 -7 -4 -1  4  8 10  7  3 *  2  1 -2 -5 -7 -7 -7 -6  2 10 12  7  3	
  2  0 -1 -2 -3 -3 -2 -1  1  3  4  4  3 *  5  3  2 -1 -3 -5 -5 -4 -3  1  4  5  5	
 4935.075    2.870
  2 -1 -3 -5 -6 -5 -3  0  3  7  9  7  3 *  3  2 -1 -6 -8 -8 -8 -7  0 10 13  9  4	
  2  1 -1 -2 -2 -2 -2 -1  1  2  4  4  3 *  4  2  1 -1 -3 -5 -5 -4 -2  2  5  6  5	
 4935.075    4.400
  2  0 -3 -5 -6 -5 -3  0  3  7  9  7  3 *  4  2 -2 -7 -9 -8 -7 -7  2 12 14  9  5	
  2  1 -1 -2 -3 -3 -2 -1  1  3  4  4  3 *  5  3  1 -1 -4 -5 -4 -3 -1  3  6  7  5	
 4935.075    5.930
  1 -1 -4 -6 -5 -4  0  0  6  8  8  4  1 *  1 -1 -6-11 -9 -6  2 -2  5 16 15  7  2	
  1  0  0  0  1  1  2  3  3  2  3  3  2 *  3  1 -2  0 -2 -2  2  2  2  5  5  5  5	
 4936.075  -17.785
 -1 -7-12-15-14-11 -5  7 15 18 16 11  3 *  2  4  2 -2 -3 -1 -3 -9 -5  4  6  3  1	
  3 -1 -4 -7 -8 -7 -4  0  4  7  8  7  5 *  2  1  1  0 -1 -2 -3 -3 -1  1  2  2  2	
 4936.075  -16.255
  0 -7-12-14-13-11 -5  7 14 17 16 11  3 *  2  4  2 -3 -4 -2 -3 -8 -4  4  7  3  1	
  3 -1 -4 -7 -8 -7 -4  0  4  7  8  7  5 *  2  1  1  0 -1 -2 -3 -3 -1  1  2  2  2	
 4936.075  -14.725
  0 -6-11-13-12-10 -4  6 13 16 15 10  3 *  3  4  2 -3 -4 -2 -4 -9 -4  5  8  4  2	
  3 -1 -4 -6 -7 -6 -4  0  4  7  8  7  4 *  2  2  1  0 -1 -2 -3 -3 -1  1  2  3  3	
 4936.075  -13.195
  0 -6-11-13-12 -9 -4  6 13 16 14 10  3 *  3  5  2 -3 -5 -2 -4 -9 -4  6  8  4  2	
  3 -1 -3 -6 -7 -6 -4  0  4  6  7  6  4 *  3  2  1  0 -2 -3 -3 -3 -1  1  3  3  3	
 4936.075  -11.665
  0 -6-10-12-11 -9 -4  6 12 15 14  9  3 *  3  5  2 -4 -5 -2 -4 -9 -4  6  9  5  3	
  3 -1 -3 -5 -7 -6 -4  0  3  6  7  6  4 *  3  2  1  0 -2 -3 -3 -3 -1  1  3  3  3	
 4936.075  -10.135
  0 -6-10-12-11 -9 -4  5 12 15 14  9  3 *  3  5  1 -4 -5 -3 -4 -9 -3  7 10  5  3	
  3  0 -3 -5 -6 -6 -4  0  3  6  7  6  4 *  3  2  1 -1 -2 -3 -4 -3 -1  1  3  4  3	
 4936.075   -8.605
  0 -5-10-12-11 -8 -4  5 11 15 13  9  3 *  4  5  1 -5 -6 -4 -4 -9 -3  8 10  6  3	
  3  0 -3 -5 -6 -6 -4 -1  3  6  7  6  4 *  3  2  1 -1 -2 -3 -4 -3 -1  2  3  4  4	
 4936.075   -7.075
  0 -5 -9-11-11 -8 -3  4 11 14 13  9  3 *  4  5  1 -5 -7 -4 -5 -9 -3  8 11  6  3	
  3  0 -3 -5 -6 -5 -4 -1  3  6  7  6  4 *  3  2  1 -1 -3 -4 -4 -4 -1  2  4  4  4	
 4936.075   -5.545
  0 -4 -9-11-10 -7 -3  4 10 14 13  8  2 *  4  4  1 -5 -7 -4 -5 -9 -2  9 11  7  4	
  3  0 -2 -5 -6 -5 -4 -1  3  5  6  6  4 *  4  2  1 -1 -3 -4 -4 -4 -1  2  4  5  4	
 4936.075   -4.015
  0 -4 -8-10 -9 -7 -3  4  9 13 12  8  2 *  4  4  0 -5 -7 -5 -5 -8 -2  9 12  7  4	
  3  0 -2 -4 -5 -5 -3 -1  3  5  6  5  4 *  4  2  1 -1 -3 -4 -5 -4 -1  2  4  5  4	
 4936.075   -2.485
  1 -3 -7 -9 -9 -7 -3  2  8 11 11  7  3 *  3  3  0 -6 -8 -6 -6 -8 -1 10 12  7  4	
  3  0 -2 -4 -5 -4 -3 -1  2  4  5  5  3 *  4  3  1 -1 -3 -4 -5 -4 -1  2  4  5  5	
 4936.075   -0.955
  1 -2 -6 -8 -8 -7 -4  1  6 10 11  7  3 *  3  2 -1 -6 -8 -6 -6 -7  1 10 12  7  3	
  2  0 -2 -3 -4 -4 -3 -1  1  4  5  4  3 *  5  3  1 -1 -3 -5 -5 -4 -2  1  4  5  5	
 4936.075    0.575
  1 -2 -5 -7 -8 -7 -4  0  5  9 10  7  3 *  3  2 -2 -6 -8 -7 -7 -6  1 11 12  7  3	
  2  0 -1 -3 -4 -4 -3 -1  1  3  4  4  3 *  5  3  1 -1 -3 -5 -5 -4 -2  1  4  6  5	
 4936.075    2.105
  1 -1 -4 -7 -7 -6 -4  0  5  9 10  7  3 *  3  2 -2 -6 -8 -7 -7 -6  1 11 13  8  3	
  2  0 -1 -3 -4 -3 -2 -1  1  3  4  4  3 *  5  3  1 -1 -3 -5 -5 -4 -2  2  5  6  5	
 4936.075    3.635
  1 -1 -4 -6 -7 -5 -3  0  4  9  9  6  3 *  4  2 -2 -8-10 -7 -6 -5  2 13 15  9  4	
  2  0 -1 -3 -3 -3 -2 -1  1  3  4  4  3 *  5  3  1 -1 -4 -5 -5 -3  0  4  6  7  6	
 4936.075    5.165
  2  0 -4 -7 -7 -3 -3  1  5  9  9  6  3 *  4  2 -3-10-11 -7 -6 -4  5 16 17 10  5	
  3  1 -1 -3 -3 -3 -3 -1  2  4  4  4  3 *  6  3  1 -2 -5 -5 -4 -2  2  6  8  8  7	
 4936.075    6.695
  0 -2 -5 -7 -5 -3 -4 -5  3  8  8  4  1 *  0 -2 -7-11 -8 -8 -2 -8 12 15 13  6  1	
  0 -1  0 -2  3  2  0  0  1 -1  2  3  1 *  0 -1  2  1  8  7  6  6  4 -2  5  6  2	
 4937.075  -18.550
 -1 -8-13-16-15-11 -5  7 16 19 17 12  3 *  2  4  3 -1 -2 -1 -3 -9 -6  2  6  2  1	
  3 -1 -5 -8 -9 -7 -5  0  5  8  9  8  5 *  2  2  1  1  0 -1 -2 -2 -1  0  2  2  2	
 4937.075  -17.020
 -1 -8-13-15-15-11 -5  7 15 18 17 11  3 *  2  4  3 -1 -3 -1 -3 -9 -6  3  6  3  1	
  3 -1 -5 -7 -9 -7 -5  0  5  8  9  8  5 *  2  2  1  0  0 -1 -2 -3 -1  0  2  2  2	
 4937.075  -15.490
 -1 -7-12-14-14-11 -5  6 14 17 16 11  3 *  3  4  2 -2 -4 -2 -3 -9 -5  4  7  3  2	
  3 -1 -4 -7 -8 -7 -4  0  4  7  8  7  5 *  2  2  1  0 -1 -2 -3 -3 -1  1  2  3  2	
 4937.075  -13.960
  0 -7-11-13-13-10 -4  6 13 16 15 10  3 *  3  5  2 -3 -4 -2 -4 -9 -4  5  8  4  2	
  3 -1 -4 -6 -7 -6 -4  0  4  7  8  7  4 *  2  2  1  0 -1 -2 -3 -3 -1  1  2  3  3	
 4937.075  -12.430
  0 -6-11-13-12 -9 -4  5 13 16 14 10  3 *  3  5  1 -4 -5 -3 -4 -9 -4  6  9  5  3	
  3 -1 -3 -6 -7 -6 -4 -1  4  6  8  7  4 *  3  2  1  0 -2 -3 -3 -3 -1  1  3  3  3	
 4937.075  -10.900
  0 -6-10-13-12 -9 -4  5 12 16 14 10  3 *  4  5  1 -4 -6 -3 -4 -9 -3  7 10  5  3	
  3  0 -3 -6 -7 -6 -4 -1  4  6  8  7  4 *  3  2  1 -1 -2 -3 -4 -3 -1  1  3  4  3	
 4937.075   -9.370
  0 -6-10-13-12 -9 -4  5 12 16 15 10  3 *  4  5  1 -4 -6 -4 -4 -9 -3  7 10  6  3	
  3  0 -3 -6 -7 -6 -4 -1  3  6  8  7  5 *  3  2  1 -1 -2 -3 -4 -3 -1  2  3  4  3	
 4937.075   -7.840
  0 -5-10-12-11 -8 -4  5 12 15 14  9  3 *  4  5  1 -5 -7 -4 -5 -9 -3  8 11  6  4	
  3  0 -3 -5 -7 -6 -4 -1  3  6  7  6  4 *  3  2  1 -1 -3 -4 -4 -3 -1  2  4  4  4	
 4937.075   -6.310
  0 -5 -9-11-11 -8 -3  4 11 14 13  9  3 *  4  5  1 -5 -7 -5 -5 -9 -3  8 12  7  4	
  3  0 -3 -5 -6 -6 -4 -1  3  6  7  6  4 *  4  2  1 -1 -3 -4 -4 -4 -1  2  4  5  4	
 4937.075   -4.780
  0 -5 -9-11-10 -7 -3  4 10 14 13  8  2 *  4  5  0 -6 -8 -5 -5 -9 -2  9 12  7  4	
  3  0 -3 -5 -6 -5 -4 -1  3  6  7  6  4 *  4  2  1 -1 -3 -4 -5 -4 -1  2  4  5  4	
 4937.075   -3.250
  0 -4 -8-10-10 -7 -3  3 10 13 12  8  2 *  4  4  0 -6 -8 -6 -6 -8 -1 10 13  8  4	
  3  0 -2 -4 -5 -5 -4 -1  3  5  6  6  4 *  4  2  1 -1 -3 -4 -5 -4 -1  2  4  5  5	
 4937.075   -1.720
  0 -4 -7-10 -9 -7 -3  3  9 13 12  8  3 *  4  4 -1 -7 -9 -6 -6 -8 -1 10 13  8  4	
  3  0 -2 -4 -5 -5 -3 -1  2  5  6  5  4 *  4  3  1 -1 -4 -5 -5 -4 -1  2  5  6  5	
 4937.075   -0.190
  1 -3 -6 -9 -9 -6 -3  2  8 12 11  7  3 *  4  3 -1 -7 -9 -7 -6 -8  0 11 14  8  4	
  3  0 -2 -4 -5 -4 -3 -1  2  4  5  5  4 *  5  3  1 -2 -4 -5 -6 -4 -1  2  5  6  5	
 4937.075    1.340
  1 -2 -6 -8 -8 -6 -2  2  7 11 11  7  3 *  4  3 -2 -8-10 -7 -6 -7  1 12 15  9  4	
  3  0 -2 -3 -4 -4 -2 -1  2  4  5  5  3 *  5  3  1 -2 -4 -6 -6 -4 -1  3  6  6  6	
 4937.075    2.870
  1 -2 -5 -8 -7 -4 -3  2  6 11 10  7  2 *  4  3 -2 -9-11 -7 -6 -7  2 14 16  9  5	
  3  0 -1 -3 -4 -4 -3 -1  2  4  5  4  3 *  5  3  1 -2 -5 -5 -5 -3  0  4  7  7  6	
 4937.075    4.400
  1 -1 -5 -7 -6 -4  0  2  8 10 10  6  2 *  4  3 -3-10-11 -7 -6 -2  4 16 17 10  5	
  2  1 -1 -2 -2 -2  0  2  3  4  5  5  3 *  6  3  0 -3 -5 -5 -5 -2  2  7  8  8  7	
 4937.075    5.930
  1 -1 -4 -6 -5 -3  1  2  6 10  9  5  2 *  4  2 -4-11-11 -4 -6 -2  5 17 18 10  5	
  2  1 -1 -2 -4 -3 -1  1  2  5  5  4  3 *  6  3  0 -4 -7 -7 -6 -3  3  8  8  8  7	
 4937.075    7.460
  0 -2 -3 -4 -3  1  0  2  2  5  5  2  0 *  0 -2 -6 -9 -7 -3 -2 -2  6 12 11  5  1	
  0 -1 -1 -2  0  0  1  1  1  2  2  2  0 *  1 -1 -1 -3 -1  0  1  2  3  2  4  4  2	
 4938.075  -17.785
 -1 -8-14-16-16-12 -6  7 16 19 18 12  3 *  2  4  3  0 -2 -1 -3 -9 -6  2  5  3  2	
  3 -1 -5 -8 -9 -8 -5  0  5  9 10  9  5 *  2  2  2  1  0 -1 -2 -2 -1  0  2  2  2	
 4938.075  -16.255
 -1 -8-14-16-15-12 -5  7 16 19 17 12  3 *  2  4  3 -1 -2 -1 -3 -9 -6  2  6  3  2	
  3 -1 -5 -8 -9 -8 -5  0  5  9 10  8  5 *  2  2  1  1  0 -1 -2 -2 -1  0  2  2  2	
 4938.075  -14.725
 -1 -7-13-15-14-11 -5  6 15 18 16 11  3 *  3  4  2 -2 -3 -2 -4 -9 -5  3  7  4  2	
  3 -1 -5 -7 -8 -7 -5  0  5  8  9  8  5 *  2  2  1  0 -1 -2 -2 -3 -1  1  2  3  2	
 4938.075  -13.195
  0 -7-12-14-14-11 -5  6 14 17 16 11  3 *  3  4  2 -3 -4 -2 -4 -8 -4  5  8  4  3	
  3 -1 -4 -7 -8 -7 -5 -1  4  7  9  8  5 *  2  2  1  0 -1 -2 -3 -3 -1  1  2  3  3	
 4938.075  -11.665
  0 -7-11-14-13-10 -5  5 13 17 16 11  3 *  3  4  1 -3 -5 -3 -4 -8 -4  6  9  5  3	
  3 -1 -4 -6 -8 -7 -5 -1  4  7  9  8  5 *  3  2  1  0 -2 -3 -3 -3 -1  1  3  3  3	
 4938.075  -10.135
  0 -7-11-14-13-10 -5  5 13 17 16 11  3 *  4  4  1 -4 -6 -4 -4 -7 -3  6  9  6  3	
  4  0 -3 -6 -8 -7 -5 -1  4  7  9  8  5 *  3  2  1 -1 -2 -3 -3 -3 -1  1  3  4  3	
 4938.075   -8.605
  0 -6-11-13-12 -9 -4  5 12 16 15 10  3 *  4  4  1 -4 -6 -4 -4 -8 -3  7 10  6  4	
  3  0 -3 -6 -7 -7 -5 -1  3  7  8  7  5 *  3  2  1 -1 -2 -3 -4 -3 -1  1  3  4  3	
 4938.075   -7.075
  0 -6-10-13-12 -9 -4  5 12 16 15 10  3 *  4  4  1 -5 -7 -5 -5 -8 -3  7 10  6  4	
  3  0 -3 -6 -7 -6 -5 -1  3  7  8  7  5 *  3  2  1 -1 -2 -3 -4 -3 -1  1  3  4  3	
 4938.075   -5.545
  0 -6-10-13-12 -9 -4  4 11 16 15 10  3 *  4  4  0 -5 -7 -5 -5 -7 -2  8 11  7  4	
  3  0 -3 -6 -7 -6 -5 -1  3  6  8  7  5 *  3  2  1 -1 -3 -4 -4 -3 -1  2  4  5  4	
 4938.075   -4.015
  0 -5-10-12-11 -8 -4  4 11 15 14  9  3 *  4  4  0 -6 -8 -6 -5 -8 -2  8 12  7  4	
  3  0 -3 -5 -7 -6 -4 -1  3  6  7  7  5 *  3  2  1 -1 -3 -4 -4 -3 -1  2  4  5  4	
 4938.075   -2.485
  0 -5 -9-11-11 -7 -3  4 10 14 13  9  3 *  4  4  0 -6 -8 -6 -6 -8 -1  9 13  8  4	
  3  0 -3 -5 -6 -6 -4 -1  3  6  7  6  4 *  4  2  1 -1 -3 -4 -5 -4 -1  2  5  5  4	
 4938.075   -0.955
  0 -4 -8-11-10 -7 -3  3  9 14 13  8  2 *  4  4 -1 -7 -9 -7 -6 -8 -1 11 14  8  5	
  3  0 -2 -5 -6 -5 -4 -1  3  5  6  6  4 *  4  2  1 -2 -4 -5 -5 -4 -1  3  5  6  5	
 4938.075    0.575
  0 -3 -7-10 -9 -6 -3  3  9 13 12  8  2 *  4  4 -1 -8-10 -7 -6 -8  0 12 14  9  5	
  3  0 -2 -4 -5 -5 -4 -1  2  5  6  5  4 *  5  2  1 -2 -4 -5 -6 -4  0  3  5  6  5	
 4938.075    2.105
  1 -3 -6 -9 -8 -5 -2  2  8 12 11  7  2 *  4  3 -2 -9-11 -7 -7 -7  1 14 16 10  5	
  3  0 -2 -4 -5 -4 -3 -1  2  5  6  5  4 *  5  3  0 -2 -5 -6 -6 -4  0  4  6  7  6	
 4938.075    3.635
  1 -2 -6 -8 -7 -4 -1  3  7 12 11  7  2 *  4  3 -3-10-12 -8 -6 -7  2 15 17 10  5	
  3  0 -2 -3 -5 -4 -3  0  2  5  5  5  4 *  6  3  0 -2 -5 -6 -5 -3  1  5  7  8  6	
 4938.075    5.165
  1 -2 -5 -7 -5 -3 -1  1  7 10  9  5  2 *  4  2 -4-10-12 -7 -5 -3  5 16 17 10  5	
  2  0 -1 -3 -2 -2 -1  1  3  4  5  4  3 *  6  3  0 -3 -4 -4 -3 -1  3  6  8  8  7	
 4939.075  -18.550
  0 -9-15-18-17-13 -7  6 18 21 19 14  4 *  2  4  4  2 -1 -1 -4 -9 -7  0  4  3  2	
  3 -2 -6-10-11 -9 -6  0  6 10 12 10  5 *  1  2  2  2  1  0 -1 -2 -2  0  2  2  2	
 4939.075  -17.020
  0 -9-15-17-17-13 -6  6 17 21 19 13  4 *  2  4  3  1 -1 -1 -4 -8 -7  1  5  3  2	
  3 -2 -6 -9-10 -9 -6  0  6 10 11 10  5 *  2  2  2  1  1  0 -1 -2 -1  0  2  2  2	
 4939.075  -15.490
  0 -8-14-16-16-12 -6  6 16 20 18 13  3 *  3  4  3  0 -2 -2 -4 -8 -6  2  6  4  2	
  3 -1 -5 -8-10 -8 -5 -1  5  9 11  9  5 *  2  2  2  1  0 -1 -2 -2 -1  0  2  3  2	
 4939.075  -13.960
  0 -8-13-16-15-12 -5  6 15 19 17 12  3 *  3  4  2 -1 -3 -2 -4 -8 -5  3  7  4  2	
  3 -1 -5 -8 -9 -8 -5 -1  5  8 10  9  5 *  2  2  1  0 -1 -2 -2 -2 -1  1  2  3  2	
 4939.075  -12.430
  0 -7-13-15-15-11 -5  5 14 19 17 12  3 *  3  4  2 -2 -4 -3 -4 -7 -4  4  8  5  3	
  4 -1 -4 -7 -9 -8 -5 -1  4  8 10  9  6 *  2  1  1  0 -1 -2 -3 -2 -1  1  3  3  3	
 4939.075  -10.900
  0 -7-12-15-14-11 -5  5 14 18 17 12  3 *  4  4  1 -3 -5 -4 -4 -7 -3  5  9  6  4	
  4  0 -4 -7 -9 -8 -5 -1  4  8 10  9  6 *  2  1  1  0 -1 -3 -3 -2 -1  1  3  4  3	
 4939.075   -9.370
  0 -7-12-14-14-10 -5  5 13 18 17 11  3 *  4  4  1 -4 -6 -5 -5 -7 -3  6  9  6  4	
  4  0 -4 -7 -8 -8 -5 -1  3  8  9  9  6 *  2  1  1  0 -2 -3 -3 -2 -1  1  3  4  3	
 4939.075   -7.840
  0 -7-12-14-13-10 -5  5 13 17 17 11  3 *  4  4  1 -4 -7 -5 -5 -7 -3  6 10  7  4	
  4  0 -3 -7 -8 -8 -6 -2  3  7  9  8  6 *  2  1  1 -1 -2 -3 -4 -2 -1  1  3  4  3	
 4939.075   -6.310
  0 -7-11-14-13-10 -4  4 12 17 16 11  3 *  4  4  1 -5 -7 -6 -5 -7 -2  6 10  7  4	
  4  0 -3 -7 -8 -7 -5 -2  3  7  9  8  6 *  3  2  0 -1 -2 -4 -4 -3 -1  1  4  5  3	
 4939.075   -4.780
  0 -6-11-13-12 -9 -4  4 12 16 16 11  3 *  4  4  0 -5 -8 -6 -5 -7 -2  7 11  8  5	
  4  0 -3 -6 -8 -7 -5 -2  3  7  9  8  6 *  3  2  0 -1 -3 -4 -4 -3 -1  1  4  5  4	
 4939.075   -3.250
  0 -6-11-13-12 -9 -4  4 11 16 15 10  3 *  4  4  0 -6 -8 -6 -6 -7 -2  8 11  8  5	
  4  0 -3 -6 -8 -7 -5 -2  3  7  8  8  5 *  3  2  0 -1 -3 -4 -4 -3 -1  2  4  5  4	
 4939.075   -1.720
  0 -5-10-12-11 -8 -4  4 11 15 14  9  3 *  4  4 -1 -7 -9 -7 -6 -7 -1  9 13  8  5	
  3  0 -3 -5 -7 -6 -5 -1  3  6  8  7  5 *  4  2  0 -2 -3 -5 -5 -3 -1  2  5  5  4	
 4939.075   -0.190
  0 -5 -9-12-11 -7 -3  3 10 15 14  9  3 *  4  4 -1 -8-10 -7 -6 -7  0 11 14  9  5	
  3  0 -3 -5 -7 -6 -5 -1  3  6  7  7  5 *  4  2  0 -2 -4 -5 -5 -4  0  3  5  6  5	
 4939.075    1.340
  0 -4 -8-11-10 -7 -3  3  9 14 13  8  2 *  4  3 -2 -9-11 -8 -7 -7  1 13 15 10  5	
  3  0 -2 -5 -6 -6 -4 -1  3  5  7  6  4 *  5  2  0 -2 -5 -6 -6 -4  0  3  6  7  5	
 4939.075    2.870
  1 -3 -7-10 -9 -5 -3  2  8 13 12  7  2 *  4  3 -3-10-12 -9 -7 -7  2 15 17 11  5	
  3  0 -2 -4 -5 -5 -4 -2  2  5  6  6  4 *  5  3  0 -3 -6 -7 -6 -4  0  4  7  7  6	
 4939.075    4.400
  1 -3 -6 -9 -8 -5 -3  2  7 11 11  7  3 *  4  2 -5-12-14-10 -8 -7  4 16 18 12  5	
  3  1 -1 -3 -5 -6 -5 -2  2  5  6  5  4 *  5  3  1 -3 -6 -7 -7 -4  1  5  7  7  6	
 4940.075  -17.785
  0 -9-16-18-18-14 -7  6 18 22 20 14  4 *  2  3  4  2  0 -1 -4 -8 -8 -1  4  4  2	
  3 -2 -7-10-11-10 -6 -1  6 11 13 11  6 *  1  2  2  2  1  1  0 -2 -2  0  2  2  2	
 4940.075  -16.255
  0 -9-15-18-17-13 -7  6 17 21 19 14  4 *  2  4  3  1 -1 -2 -4 -8 -6  1  5  4  2	
  4 -2 -6 -9-11 -9 -6 -1  6 10 12 10  6 *  2  1  2  1  1  0 -1 -2 -1  0  2  3  2	
 4940.075  -14.725
  0 -9-15-17-17-13 -6  6 17 20 19 13  4 *  3  4  3  0 -2 -2 -4 -8 -5  2  6  4  2	
  4 -1 -5 -9-10 -9 -6 -1  5 10 12 10  6 *  2  1  2  1  0 -1 -2 -2 -1  0  2  3  2	
 4940.075  -13.195
  0 -8-14-17-16-13 -6  6 16 20 19 13  4 *  3  4  2 -1 -3 -3 -4 -7 -5  3  7  5  3	
  4 -1 -5 -8-10 -9 -6 -1  5  9 11 10  6 *  2  1  1  1  0 -1 -2 -2 -1  0  2  3  2	
 4940.075  -11.665
  0 -8-13-16-15-12 -6  5 15 19 18 13  4 *  3  4  2 -2 -5 -4 -5 -7 -4  4  8  6  4	
  4  0 -4 -8 -9 -8 -6 -2  4  9 11 10  6 *  2  1  1  0 -1 -2 -3 -2 -1  0  3  4  2	
 4940.075  -10.135
  0 -8-13-15-15-11 -5  5 14 18 18 12  4 *  4  4  1 -3 -6 -5 -5 -6 -3  5  9  7  4	
  5  0 -4 -8 -9 -8 -6 -2  4  8 11 10  6 *  2  1  1  0 -1 -3 -3 -2 -1  0  3  4  3	
 4940.075   -8.605
  0 -8-13-15-14-11 -5  4 13 18 18 13  4 *  4  4  1 -4 -7 -6 -5 -6 -3  5  9  7  5	
  5  1 -4 -8 -9 -9 -6 -2  3  8 11 10  7 *  2  1  1  0 -2 -3 -3 -2 -1  0  3  4  3	
 4940.075   -7.075
  0 -7-13-15-14-11 -5  4 12 18 18 12  4 *  4  4  1 -5 -8 -6 -5 -6 -2  5 10  8  5	
  5  1 -3 -7 -9 -9 -6 -2  3  8 10  9  7 *  2  1  0 -1 -2 -3 -4 -2 -1  0  3  5  3	
 4940.075   -5.545
  0 -7-12-15-14-10 -5  4 12 17 17 12  4 *  5  4  0 -5 -8 -7 -5 -6 -2  6 10  8  5	
  5  1 -3 -7 -9 -8 -6 -2  3  8 10  9  7 *  2  1  0 -1 -2 -4 -4 -2 -1  1  4  5  3	
 4940.075   -4.015
  0 -7-12-14-13-10 -5  4 12 17 17 12  3 *  5  4  0 -5 -8 -7 -5 -6 -2  6 11  8  5	
  5  1 -3 -7 -9 -8 -6 -2  3  7 10  9  6 *  3  1  0 -1 -2 -4 -4 -2 -1  1  4  5  3	
 4940.075   -2.485
  0 -6-11-14-13 -9 -4  4 11 17 16 11  3 *  5  4  0 -6 -9 -7 -6 -6 -2  8 12  8  5	
  4  0 -3 -7 -8 -8 -6 -2  3  7  9  8  6 *  3  1  0 -1 -3 -4 -4 -3  0  1  4  5  4	
 4940.075   -0.955
  0 -6-11-13-12 -9 -4  3 11 16 16 11  3 *  5  4 -1 -7 -9 -7 -6 -6 -1  9 12  9  5	
  4  0 -3 -6 -8 -7 -6 -2  3  7  9  8  6 *  3  2  0 -2 -3 -4 -5 -3  0  2  5  6  4	
 4940.075    0.575
  0 -5-10-12-12 -8 -4  3 11 16 15 10  3 *  5  4 -1 -8-10 -8 -7 -7  0 11 14  9  5	
  4  0 -3 -6 -7 -7 -5 -2  3  6  8  7  5 *  4  2  0 -2 -4 -5 -5 -3  0  3  5  6  5	
 4940.075    2.105
  1 -4 -8-11-10 -7 -3  3  9 14 13  8  3 *  4  3 -3-10-12 -9 -8 -7  2 13 16 11  5	
  3  0 -2 -4 -6 -6 -5 -2  2  6  7  6  4 *  5  3  0 -3 -5 -6 -6 -4  0  4  6  7  5	
 4940.075    3.635
  2 -3 -6 -9-10 -7 -4  2  7  9  9  7  4 *  4  1 -6-13-14-11 -9 -7  3 15 19 14  6	
  4  1 -1 -3 -5 -7 -6 -3  2  5  6  5  5 *  5  4  2 -3 -8 -9 -8 -4  0  4  5  6  5	
 4940.075    5.165
  2 -2 -6 -8 -9 -7 -4  2  7  8  8  6  4 *  4  0 -7-13-14-12-10 -6  4 16 20 14  6	
  4  1 -1 -2 -5 -7 -6 -3  1  5  6  5  4 *  5  4  2 -4 -9-10 -8 -5  0  4  5  6  5	
 4941.075  -18.550
  0-10-16-19-18-14 -8  6 19 22 20 15  4 *  2  3  4  3  0 -1 -4 -9 -8 -1  4  4  2	
  4 -2 -7-10-12-10 -6 -1  6 11 13 11  6 *  1  2  3  2  2  1  0 -1 -2  0  2  3  2	
 4941.075  -17.020
  0 -9-16-19-18-14 -7  6 18 22 20 14  4 *  2  3  4  2  0 -1 -4 -8 -7 -1  4  4  2	
  4 -2 -7-10-11-10 -6 -1  6 11 13 11  6 *  1  1  2  2  1  1  0 -1 -1  0  2  3  2	
 4941.075  -15.490
  0 -9-15-18-18-14 -7  6 17 21 20 14  4 *  2  3  3  1 -1 -2 -4 -8 -6  1  5  4  2	
  4 -2 -6 -9-11 -9 -6 -1  6 11 13 11  6 *  1  1  2  1  1  0 -1 -2 -1  0  2  3  2	
 4941.075  -13.960
  0 -9-15-18-17-13 -6  5 16 21 19 13  4 *  3  4  3  0 -2 -3 -4 -7 -5  2  6  5  3	
  4 -1 -5 -9-10 -9 -6 -1  5 10 12 11  6 *  2  1  2  1  0 -1 -2 -2 -1  0  2  3  2	
 4941.075  -12.430
  0 -8-14-17-16-13 -6  5 15 20 19 13  4 *  3  4  2 -2 -4 -4 -5 -7 -4  3  7  6  4	
  5  0 -5 -8-10 -9 -6 -2  4  9 12 11  7 *  2  1  1  1 -1 -2 -2 -2 -1  0  2  3  2	
 4941.075  -10.900
  0 -8-14-16-16-12 -6  5 14 19 19 13  4 *  4  4  2 -3 -5 -5 -5 -6 -3  4  8  7  4	
  5  0 -4 -8-10 -9 -6 -2  4  9 12 11  7 *  2  1  1  0 -1 -2 -3 -2 -1  0  3  4  2	
 4941.075   -9.370
  0 -8-13-16-15-12 -5  4 13 19 19 13  4 *  4  4  1 -4 -7 -6 -5 -6 -3  4  9  8  5	
  5  1 -4 -8-10 -9 -7 -2  3  8 11 10  7 *  2  1  1  0 -1 -3 -3 -2 -1  0  3  4  3	
 4941.075   -7.840
  0 -8-13-16-15-11 -5  4 13 18 18 13  4 *  4  4  1 -4 -7 -7 -5 -5 -3  4  9  8  5	
  5  1 -4 -8-10 -9 -7 -3  3  8 11 10  7 *  2  1  0  0 -2 -3 -3 -2 -1  0  3  4  3	
 4941.075   -6.310
  0 -8-13-15-14-11 -5  3 12 18 18 13  4 *  5  4  1 -5 -8 -7 -5 -5 -2  5 10  8  5	
  6  1 -3 -8-10 -9 -7 -3  3  8 11 10  7 *  2  1  0 -1 -2 -3 -3 -2 -1  0  3  5  3	
 4941.075   -4.780
  0 -8-13-15-14-11 -5  3 12 18 18 13  4 *  5  4  0 -5 -8 -7 -6 -5 -2  5 10  8  5	
  5  1 -3 -8-10 -9 -7 -3  3  8 11 10  7 *  2  1  0 -1 -2 -4 -4 -2 -1  0  4  5  3	
 4941.075   -3.250
  0 -7-12-15-14-10 -5  3 12 17 18 12  4 *  5  4  0 -5 -9 -7 -6 -5 -2  6 10  8  5	
  5  1 -3 -7 -9 -9 -7 -2  3  8 10  9  7 *  2  1  0 -1 -2 -4 -4 -2 -1  1  4  5  3	
 4941.075   -1.720
  0 -7-12-14-13-10 -5  3 12 17 17 12  3 *  5  4  0 -6 -9 -7 -6 -6 -2  7 11  9  5	
  5  1 -3 -7 -9 -8 -6 -2  3  7 10  9  6 *  3  1  0 -1 -3 -4 -4 -2  0  1  4  5  3	
 4941.075   -0.190
  0 -6-11-14-13 -9 -5  3 11 17 17 11  3 *  5  4 -1 -7-10 -8 -6 -6 -1  9 13  9  5	
  4  0 -3 -6 -8 -8 -6 -2  3  7  9  8  6 *  3  2  0 -2 -3 -5 -5 -3  0  2  5  6  4	
 4941.075    1.340
  0 -5-10-13-12 -8 -4  3 11 16 15 10  3 *  5  3 -2 -9-11 -8 -7 -6  1 12 15 10  5	
  4  0 -3 -6 -7 -7 -6 -2  3  6  8  7  5 *  4  2  0 -2 -5 -6 -6 -3  0  3  6  6  5	
 4941.075    2.870
  1 -4 -8-11-11 -8 -4  3  9 12 12  8  3 *  4  2 -5-11-13-10 -8 -7  2 14 17 12  6	
  4  1 -2 -4 -6 -7 -6 -2  2  6  7  6  5 *  4  3  1 -3 -7 -8 -7 -4  0  3  6  6  5	
 4941.075    4.400
  2 -3 -6 -9-10 -7 -4  2  7  8  8  6  4 *  4  0 -7-13-14-12-10 -6  4 16 20 15  6	
  4  1 -1 -3 -5 -7 -6 -3  1  5  6  5  5 *  5  5  2 -4 -9-10 -8 -5  0  4  5  6  5	
 4941.075    5.930
  2 -3 -6 -9-10 -7 -4  2  7  9  9  6  4 *  4  0 -7-14-15-11 -9 -6  5 17 20 14  6	
  4  1 -1 -3 -5 -7 -6 -3  1  5  6  5  4 *  5  4  2 -4 -9-10 -8 -4  0  5  6  6  5	
 4941.075    7.460
 -1 -5 -8 -9 -9 -5 -2  2  9 13 12  6  0 *  2 -2 -9-14-13 -7 -4  0 10 21 21 13  4	
  3  0 -3 -5 -6 -5 -3  0  4  6  7  6  4 *  6  2 -2 -6 -9 -8 -6 -2  4  9 10 10  7	
 4942.075  -17.785
  0-10-16-19-19-14 -8  6 19 22 20 15  4 *  2  3  4  3  0 -1 -4 -8 -8 -1  4  4  2	
  4 -2 -7-10-12-10 -6 -1  6 12 13 11  6 *  1  2  3  2  1  1  0 -1 -1  0  2  3  2	
 4942.075  -16.255
  0 -9-16-19-18-14 -7  6 18 22 20 14  4 *  2  3  4  2 -1 -2 -4 -7 -6  0  5  4  2	
  4 -2 -6-10-11-10 -6 -1  6 11 13 11  6 *  1  1  2  1  1  0 -1 -1 -1  1  3  3  2	
 4942.075  -14.725
  0 -9-15-18-18-14 -7  5 17 21 20 14  4 *  2  3  3  1 -2 -2 -4 -7 -5  2  6  5  3	
  4 -1 -6 -9-11 -9 -6 -1  5 10 13 11  7 *  1  1  2  1  0  0 -1 -1 -1  0  3  3  2	
 4942.075  -13.195
  0 -9-15-18-17-13 -6  5 16 21 19 14  4 *  3  4  3 -1 -3 -4 -5 -7 -4  3  7  6  3	
  5  0 -5 -9-10 -9 -6 -2  4 10 13 11  7 *  2  1  1  1  0 -1 -2 -2 -1  0  2  3  2	
 4942.075  -11.665
  0 -9-14-17-17-13 -6  5 15 20 19 14  4 *  4  4  2 -2 -5 -5 -5 -6 -4  3  8  7  4	
  5  0 -4 -9-10 -9 -7 -2  4  9 12 11  7 *  2  1  1  1  0 -2 -2 -1 -1 -1  2  3  2	
 4942.075  -10.135
  0 -8-14-17-16-13 -6  4 14 19 19 14  4 *  4  4  2 -3 -6 -6 -5 -6 -3  4  8  7  5	
  5  1 -4 -9-10-10 -7 -3  3  9 12 11  7 *  2  1  1  0 -1 -2 -3 -1 -1 -1  2  4  2	
 4942.075   -8.605
  0 -8-14-16-15-12 -6  4 13 18 19 13  4 *  5  4  1 -4 -7 -7 -6 -5 -3  4  9  8  5	
  6  1 -4 -8-10-10 -7 -3  3  9 12 11  7 *  2  1  0  0 -1 -3 -3 -1 -1  0  3  5  3	
 4942.075   -7.075
  0 -8-14-16-15-11 -5  3 12 18 19 13  4 *  5  4  1 -5 -8 -7 -6 -5 -2  4  9  8  5	
  6  1 -3 -8-10-10 -7 -3  3  8 11 10  8 *  2  1  0 -1 -2 -3 -3 -1 -1  0  3  5  3	
 4942.075   -5.545
  0 -8-13-15-14-11 -5  3 12 18 18 13  4 *  5  4  0 -5 -9 -8 -6 -4 -2  4  9  9  6	
  6  1 -3 -8-10-10 -7 -3  3  8 11 10  8 *  2  1  0 -1 -2 -4 -3 -1 -1  0  4  5  3	
 4942.075   -4.015
  0 -8-13-15-14-11 -5  3 12 18 18 13  4 *  5  4  0 -5 -9 -8 -6 -5 -2  5 10  9  6	
  6  1 -3 -8-10 -9 -7 -3  3  8 11 10  7 *  2  1  0 -1 -2 -4 -4 -2 -1  0  4  5  3	
 4942.075   -2.485
  0 -8-13-15-14-11 -5  3 12 18 18 13  4 *  5  4  0 -5 -9 -8 -6 -5 -2  5 10  9  6	
  6  1 -3 -8-10 -9 -7 -3  3  8 11 10  7 *  2  1  0 -1 -2 -4 -4 -2  0  1  4  5  3	
 4942.075   -0.955
  0 -7-13-15-14-10 -5  3 12 18 18 12  4 *  5  4  0 -6 -9 -8 -6 -5 -2  6 11  9  5	
  5  1 -3 -7 -9 -9 -7 -2  3  8 10  9  7 *  2  1  0 -1 -3 -4 -4 -2  0  1  4  5  3	
 4942.075    0.575
  0 -6-11-14-13-10 -5  3 11 17 17 11  3 *  5  3 -1 -7-10 -8 -6 -6 -1  9 12  9  5	
  5  1 -3 -7 -9 -8 -6 -2  3  7  9  9  6 *  3  1  0 -2 -3 -5 -5 -3  0  2  5  6  4	
 4942.075    2.105
  0 -5-10-13-13 -9 -5  3 11 17 16 10  3 *  5  3 -2 -9-11 -8 -7 -6  1 12 15 10  5	
  4  0 -3 -6 -8 -7 -6 -2  3  7  8  8  5 *  4  2  0 -2 -4 -5 -6 -3  0  3  6  7  5	
 4942.075    3.635
  1 -5 -9-12-12 -8 -5  3 10 15 14  9  3 *  4  2 -4-11-13 -9 -8 -6  3 15 17 12  6	
  4  0 -2 -5 -7 -7 -6 -2  2  6  8  7  5 *  5  3  1 -3 -6 -7 -7 -4  0  4  6  7  5	
 4942.075    5.165
  1 -4 -8-12-12 -9 -5  2  9 15 14  9  3 *  4  1 -5-13-14-10 -8 -5  5 17 19 13  6	
  4  0 -2 -5 -7 -7 -6 -3  2  6  7  7  5 *  5  3  1 -3 -7 -8 -7 -4  1  5  7  7  6	
 4942.075    6.695
  0 -5 -9-12-12 -9 -5  2 10 16 15  9  2 *  4  0 -7-14-14 -9 -7 -4  7 19 21 13  5	
  4  0 -3 -5 -7 -7 -5 -2  3  6  8  7  5 *  6  3  0 -4 -7 -8 -7 -3  2  6  9  9  7	
 4942.075    8.225
  0 -5-11-16-15-10 -6  2 12 20 18 10  2 *  3 -1-10-17-16 -9 -5  0 12 25 25 15  6	
  4  0 -3 -6 -8 -8 -7 -3  4  8 10  9  6 *  7  2 -2 -6 -9 -8 -7 -2  4  9 12 11  8	
 4942.075    9.755
 -1 -7-13-18-15 -8 -3  5 16 25 21 11  2 *  1 -5-13-18-14 -6 -3  4 15 27 25 14  4	
  5 -1 -5 -8 -9 -8 -7 -1  7 10 12 10  7 *  6  0 -4 -8 -9 -8 -6 -1  6 11 12 11  8	
 4943.075  -18.550
  0-10-16-19-19-14 -8  6 19 22 20 15  4 *  2  3  4  3  0 -1 -4 -8 -8 -1  4  4  2	
  4 -2 -7-10-12-10 -6 -1  6 12 13 11  6 *  1  2  3  2  1  1  0 -1 -1  1  2  3  2	
 4943.075  -17.020
  0 -9-16-19-18-14 -7  6 18 22 20 14  4 *  2  3  4  2  0 -2 -4 -7 -5  1  5  4  2	
  4 -2 -6 -9-11 -9 -6 -1  6 11 13 12  6 *  1  1  2  1  0  0 -1 -1 -1  1  3  3  2	
 4943.075  -15.490
  0 -9-16-18-18-14 -7  5 17 21 20 13  4 *  2  3  3  1 -1 -2 -4 -6 -5  2  5  5  2	
  4 -1 -6 -9-11 -9 -6 -1  6 11 13 12  7 *  1  1  2  1  0  0 -1 -1 -1  1  3  3  2	
 4943.075  -13.960
  0 -9-15-18-18-14 -7  5 16 21 20 14  4 *  3  3  3  0 -2 -3 -5 -6 -4  3  6  5  3	
  5 -1 -5 -9-10 -9 -6 -1  5 10 13 12  7 *  1  1  1  1  0 -1 -1 -1 -1  0  2  3  2	
 4943.075  -12.430
  0 -9-15-18-17-14 -7  5 16 21 20 14  4 *  3  4  2 -1 -4 -4 -5 -6 -4  3  7  6  4	
  5  0 -5 -9-11-10 -7 -2  4 10 13 12  7 *  1  1  1  1  0 -1 -2 -1 -2 -1  2  3  2	
 4943.075  -10.900
  0 -9-15-17-17-13 -6  4 15 20 20 14  4 *  4  4  2 -2 -5 -5 -6 -6 -4  3  8  7  4	
  5  1 -4 -9-11-10 -7 -3  3  9 13 12  8 *  2  1  1  1  0 -2 -2 -1 -2 -1  2  3  2	
 4943.075   -9.370
  0 -8-14-17-16-12 -6  4 14 19 19 14  4 *  4  4  1 -3 -6 -6 -6 -6 -3  4  9  8  5	
  6  1 -4 -9-11-10 -7 -3  3  9 12 11  8 *  2  1  1  0 -1 -3 -3 -1 -1 -1  2  4  2	
 4943.075   -7.840
  0 -8-14-16-15-11 -5  3 12 18 19 13  4 *  5  4  1 -4 -8 -7 -6 -5 -2  4  9  8  5	
  6  1 -4 -8-10-10 -7 -3  3  9 12 11  8 *  2  1  0  0 -2 -3 -3 -1 -1  0  3  5  3	
 4943.075   -6.310
  0 -8-13-15-14-11 -5  3 12 18 18 13  4 *  5  4  0 -5 -9 -8 -6 -4 -2  4  9  9  6	
  6  1 -3 -8-10-10 -7 -3  2  8 11 10  8 *  2  1  0 -1 -2 -4 -3 -1 -1  0  4  5  3	
 4943.075   -4.780
  0 -8-13-15-14-11 -5  3 12 18 18 13  4 *  5  4  0 -5 -9 -8 -5 -4 -2  4 10  9  6	
  6  1 -3 -8-10-10 -7 -3  2  8 11 10  8 *  2  1  0 -1 -2 -4 -4 -1  0  0  4  5  3	
 4943.075   -3.250
  0 -8-13-15-14-11 -5  3 12 18 18 13  4 *  5  4  0 -5 -9 -8 -6 -4 -2  5 10  9  6	
  6  1 -3 -8-10-10 -7 -3  2  8 11 10  7 *  2  1  0 -1 -2 -4 -4 -1  0  0  4  5  3	
 4943.075   -1.720
  0 -8-13-15-14-11 -5  3 12 18 18 13  4 *  5  4  0 -6 -9 -8 -6 -5 -2  5 10  9  6	
  6  1 -3 -8-10 -9 -7 -3  3  8 11 10  7 *  2  1  0 -1 -2 -4 -4 -2  0  1  4  5  3	
 4943.075   -0.190
  0 -7-12-15-14-10 -5  3 12 18 18 12  4 *  5  4  0 -6 -9 -8 -6 -5 -1  7 11  9  5	
  5  1 -3 -7 -9 -9 -7 -2  3  8 10  9  7 *  2  1  0 -1 -3 -4 -4 -2  0  1  4  5  3	
 4943.075    1.340
  0 -7-12-14-14-10 -5  3 12 18 18 12  3 *  5  3 -1 -7-10 -8 -6 -5  0  9 13  9  6	
  5  0 -3 -7 -9 -8 -6 -2  3  7 10  9  6 *  3  1  0 -2 -3 -5 -5 -3  0  2  5  6  4	
 4943.075    2.870
  0 -6-11-14-14-10 -5  3 11 18 17 11  3 *  5  3 -2 -9-12 -9 -7 -5  2 13 16 11  6	
  4  0 -3 -6 -8 -8 -6 -2  3  7  9  8  6 *  4  2  0 -2 -5 -6 -6 -3  0  3  6  7  5	
 4943.075    4.400
  0 -5-10-14-14-10 -6  3 11 18 17 11  3 *  5  2 -4-11-13 -9 -7 -5  3 16 18 12  6	
  4  0 -3 -6 -8 -8 -6 -2  3  7  9  8  6 *  5  2  0 -3 -6 -6 -6 -3  1  5  7  8  6	
 4943.075    5.930
  0 -5-10-15-15-11 -6  2 12 20 18 11  3 *  4  2 -5-13-14 -9 -7 -3  6 19 21 13  6	
  4  0 -3 -6 -8 -8 -7 -3  3  7  9  8  6 *  6  2  0 -4 -7 -7 -7 -3  2  6  9  9  7	
 4943.075    7.460
  0 -5-12-18-18-12 -8  2 13 23 21 12  3 *  4  0 -7-15-15 -9 -6 -2  9 22 22 14  6	
  5  0 -3 -7 -9 -9 -8 -3  4  8 11 10  7 *  6  2 -1 -5 -8 -8 -7 -3  3  7 10 10  8	
 4943.075    8.990
  1 -6-13-20-19-13 -8  2 15 27 24 14  4 *  3 -2-10-17-16 -9 -6  0 11 24 24 14  6	
  6  0 -3 -8-11-10 -9 -4  4 10 13 11  8 *  6  1 -2 -6 -9 -8 -7 -3  4  8 11 11  8	
 4943.075   10.520
  0 -8-16-23-21-14 -8  4 19 31 27 15  4 *  1 -4-12-17-15 -8 -5  2 13 24 23 13  4	
  7  0 -5 -9-12-12-10 -4  6 12 15 13  9 *  5  0 -3 -7 -9 -9 -7 -2  5  9 11 10  7	
 4943.075   12.050
 -4-11-18-23-21-13 -7  6 21 32 27 14  1 * -2 -7-11-15-13 -7 -3  4 14 21 18  9  0	
  6 -2 -6-11-13-12-10 -3  7 14 16 13  9 *  4 -2 -5 -7 -8 -7 -6 -1  6 10 10  9  5	
 4944.075  -17.785
 -1 -9-16-19-18-14 -7  5 17 22 19 13  3 *  2  3  3  2  0 -2 -3 -6 -4  2  5  4  2	
  4 -1 -6 -9-10 -9 -5  0  6 11 13 12  7 *  1  1  2  0  0  0 -1 -1 -1  2  4  3  2	
 4944.075  -16.255
 -1 -9-16-18-18-14 -7  5 17 21 19 13  3 *  2  3  3  1 -1 -2 -3 -5 -3  3  6  5  2	
  4 -1 -5 -8-10 -9 -5  0  6 10 13 12  7 *  1  1  1  0 -1  0 -1 -1 -1  2  4  4  2	
 4944.075  -14.725
 -1 -9-15-18-18-14 -7  5 17 21 20 13  4 *  2  3  3  1 -1 -3 -4 -6 -4  3  6  5  3	
  4 -1 -5 -9-10 -9 -6 -1  5 10 13 12  7 *  1  1  1  0  0  0 -1 -1 -1  1  3  3  2	
 4944.075  -13.195
  0 -9-15-18-18-14 -7  5 16 21 20 14  4 *  3  3  3  0 -3 -4 -5 -6 -4  3  7  6  3	
  5  0 -5 -9-11-10 -7 -2  4 10 13 12  7 *  1  1  1  1  0 -1 -2 -1 -2 -1  2  3  2	
 4944.075  -11.665
  0 -9-15-18-18-14 -7  5 16 21 20 14  4 *  3  4  3 -1 -4 -5 -6 -7 -4  3  7  7  4	
  5  0 -5 -9-11-10 -7 -3  4 10 14 12  8 *  1  1  2  2  0 -1 -2 -1 -2 -2  1  3  2	
 4944.075  -10.135
  0 -9-15-18-17-14 -7  5 15 21 20 14  4 *  4  4  2 -2 -4 -5 -6 -7 -4  3  8  7  4	
  5  1 -5 -9-11-10 -7 -3  3 10 13 12  8 *  2  1  1  2  0 -2 -2 -1 -2 -2  1  3  2	
 4944.075   -8.605
  0 -8-14-17-16-12 -6  4 13 19 19 14  4 *  4  4  1 -3 -7 -7 -6 -5 -3  4  9  8  5	
  6  1 -4 -9-11-10 -7 -3  3  9 12 11  8 *  2  1  1  0 -1 -3 -3 -1 -1 -1  3  4  2	
 4944.075   -7.075
  0 -8-13-15-14-11 -5  3 12 18 18 13  4 *  5  4  0 -5 -9 -8 -5 -4 -2  4 10  9  6	
  6  1 -3 -8-10-10 -7 -3  2  8 11 10  8 *  2  1  0 -1 -2 -4 -4 -1  0  0  4  5  3	
 4944.075   -5.545
  0 -8-13-15-14-11 -5  3 11 17 18 13  4 *  5  4  0 -5 -9 -8 -5 -4 -2  4 10  9  6	
  6  1 -3 -8-10-10 -7 -3  2  8 11 10  8 *  2  1  0 -1 -2 -4 -4 -1  0  0  4  5  3	
 4944.075   -4.015
  0 -8-13-15-14-11 -5  3 11 17 18 13  4 *  5  4  0 -5 -9 -8 -5 -4 -2  4 10  9  6	
  6  1 -3 -8-10-10 -7 -3  2  8 11 10  8 *  2  1  0 -1 -2 -4 -4 -1  0  0  4  5  3	
 4944.075   -2.485
  0 -8-13-15-14-11 -5  3 12 18 18 13  4 *  5  4  0 -5 -9 -8 -6 -4 -2  5 10  9  6	
  6  1 -3 -8-10-10 -7 -3  3  8 11 10  7 *  2  1  0 -1 -2 -4 -4 -2  0  0  4  5  3	
 4944.075   -0.955
  0 -8-13-15-14-11 -5  3 12 18 18 13  4 *  5  4  0 -6 -9 -8 -6 -5 -2  6 11  9  6	
  5  1 -3 -8-10 -9 -7 -3  3  8 11 10  7 *  2  1  0 -1 -2 -4 -4 -2  0  1  4  5  3	
 4944.075    0.575
  0 -7-12-15-14-11 -5  3 12 18 18 12  4 *  5  4  0 -6 -9 -8 -6 -5 -1  7 11  9  5	
  5  1 -3 -7 -9 -9 -7 -2  3  8 10  9  7 *  3  1  0 -1 -3 -4 -4 -2  0  1  4  5  3	
 4944.075    2.105
  0 -6-12-15-14-11 -6  3 12 19 18 12  3 *  5  3 -1 -7-10 -8 -6 -5  0 10 13  9  5	
  5  0 -3 -7 -9 -8 -7 -2  3  7 10  9  6 *  3  2  0 -2 -4 -5 -5 -3  0  2  5  6  4	
 4944.075    3.635
  0 -6-11-15-15-11 -6  3 12 20 19 12  3 *  5  3 -2 -9-12 -8 -7 -5  2 13 16 11  6	
  5  0 -3 -6 -9 -8 -7 -2  3  7 10  9  6 *  4  2  0 -2 -5 -5 -6 -3  1  3  6  7  5	
 4944.075    5.165
  0 -5-11-16-16-11 -7  3 13 21 20 12  3 *  5  2 -4-11-13 -9 -6 -4  4 17 19 12  6	
  5  0 -3 -7 -9 -8 -7 -3  3  8 10  9  6 *  5  2  0 -3 -6 -6 -6 -3  2  5  8  8  6	
 4944.075    6.695
  1 -5-12-18-18-13 -8  3 14 24 22 13  4 *  4  1 -5-13-14 -9 -6 -3  6 19 21 13  6	
  5  0 -3 -7 -9 -9 -8 -3  4  8 11 10  7 *  6  2 -1 -4 -7 -7 -7 -3  2  6  9  9  7	
 4944.075    8.225
  1 -5-13-20-20-14 -9  3 15 27 25 15  4 *  4  0 -7-14-14 -9 -6 -2  8 21 21 13  6	
  6  1 -3 -7-10-10 -9 -4  4  9 12 11  8 *  6  2 -1 -5 -7 -7 -7 -3  3  7  9  9  7	
 4944.075    9.755
  1 -6-15-22-22-15 -9  3 17 30 28 16  5 *  3 -1 -8-15-14 -9 -6  0 10 21 21 13  5	
  7  1 -4 -8-12-12-10 -4  5 11 15 13  9 *  5  1 -2 -6 -8 -8 -7 -3  3  7 10  9  7	
 4944.075   11.285
  0 -8-17-25-23-16-10  4 20 33 30 18  5 *  2 -2 -8-13-13 -8 -5  0  9 19 18 11  4	
  8  1 -4-10-13-13-11 -4  5 12 17 15 10 *  4  0 -3 -6 -7 -7 -6 -2  3  7  9  8  6	
 4944.075   12.815
  0 -9-18-24-23-16 -9  4 20 33 29 17  4 *  1 -3 -7-11-11 -7 -4  0  8 15 14  8  3	
  8  0 -5-10-14-13-11 -4  5 12 17 16 10 *  3 -1 -3 -5 -7 -7 -5 -2  3  7  8  7  4	
 4945.075  -18.550
 -1 -9-16-19-18-14 -7  5 17 21 19 13  3 *  2  3  3  2  0 -2 -3 -5 -3  3  6  4  2	
  4 -1 -6 -8-10 -9 -5  0  6 11 13 12  7 *  1  1  1  0 -1  0 -1 -1  0  2  4  4  2	
 4945.075  -17.020
 -1 -9-15-18-18-14 -6  5 17 21 19 12  3 *  2  3  3  1 -1 -2 -3 -4 -2  4  6  5  2	
  4 -1 -5 -8 -9 -8 -4  0  6 10 13 12  7 *  1  0  1 -1 -1  0 -1 -1  0  3  4  4  2	
 4945.075  -15.490
 -1 -9-15-18-18-14 -6  5 17 21 19 12  3 *  2  3  3  1 -1 -2 -3 -5 -2  3  6  5  2	
  4 -1 -5 -8 -9 -9 -5  0  6 10 13 12  7 *  1  1  1 -1 -1  0 -1 -1  0  2  4  4  2	
 4945.075  -13.960
  0 -9-15-18-18-14 -7  5 17 21 20 13  4 *  3  3  3  0 -2 -3 -4 -6 -3  3  7  6  3	
  5  0 -5 -9-10 -9 -6 -1  5 10 13 12  7 *  1  1  1  1  0 -1 -1 -1 -1  0  3  3  2	
 4945.075  -12.430
  0 -9-15-18-18-14 -7  5 16 21 20 14  4 *  3  3  3  0 -3 -4 -6 -7 -4  3  7  6  4	
  5  0 -5 -9-11-10 -7 -2  4 10 14 13  8 *  1  1  2  2  0 -1 -2 -1 -2 -1  1  3  2	
 4945.075  -10.900
  0 -9-15-19-18-15 -7  5 17 22 21 15  5 *  3  4  3 -1 -3 -4 -6 -8 -5  3  7  7  4	
  5  0 -5-10-11-10 -7 -3  4 10 14 13  8 *  1  1  2  3  1 -1 -2 -1 -3 -2  0  2  2	
 4945.075   -9.370
  0 -9-15-18-18-15 -7  5 16 21 21 15  5 *  3  4  3 -1 -4 -5 -6 -7 -5  3  7  7  4	
  5  0 -5-10-11-10 -8 -3  4 10 14 13  8 *  2  1  2  2  1 -1 -2 -1 -3 -2  0  2  2	
 4945.075   -7.840
  0 -8-14-17-16-13 -6  4 14 19 19 14  4 *  4  4  1 -3 -6 -6 -6 -6 -3  4  8  8  5	
  6  1 -4 -9-11-10 -7 -3  3  9 13 11  8 *  2  1  1  1 -1 -3 -3 -1 -1 -1  2  4  2	
 4945.075   -6.310
  0 -8-13-15-14-11 -5  3 12 18 18 13  4 *  5  4  0 -5 -9 -8 -6 -4 -2  4  9  9  6	
  6  1 -3 -8-10-10 -7 -3  2  8 11 10  8 *  2  1  0 -1 -2 -4 -3 -1 -1  0  4  5  3	
 4945.075   -4.780
  0 -8-13-15-14-11 -5  3 12 18 18 13  4 *  5  4  0 -5 -9 -8 -5 -4 -2  4 10  9  6	
  6  1 -3 -8-10-10 -7 -3  2  8 11 10  8 *  2  1  0 -1 -2 -4 -4 -1  0  0  4  5  3	
 4945.075   -3.250
  0 -8-13-15-14-11 -5  3 12 18 18 13  4 *  5  4  0 -5 -9 -8 -6 -4 -2  4 10  9  6	
  6  1 -3 -8-10-10 -7 -3  2  8 11 10  8 *  2  1  0 -1 -2 -4 -4 -1 -1  0  4  5  3	
 4945.075   -1.720
  0 -8-13-15-14-11 -5  3 12 18 18 13  4 *  5  4  0 -5 -9 -8 -6 -5 -2  5 10  9  6	
  6  1 -3 -8-10 -9 -7 -3  3  8 11 10  7 *  2  1  0 -1 -2 -4 -4 -2 -1  0  4  5  3	
 4945.075   -0.190
  0 -7-13-15-14-11 -5  3 12 18 18 13  4 *  5  4  0 -6 -9 -8 -6 -5 -2  6 11  9  6	
  5  1 -3 -7-10 -9 -7 -3  3  8 11 10  7 *  2  1  0 -1 -2 -4 -4 -2  0  1  4  5  3	
 4945.075    1.340
  0 -7-12-15-15-11 -6  3 12 19 19 13  4 *  5  4 -1 -7-10 -8 -6 -5 -1  8 13  9  6	
  5  0 -3 -7 -9 -9 -7 -3  3  8 10  9  7 *  3  1  0 -1 -3 -4 -4 -2  0  2  5  6  4	
 4945.075    2.870
  0 -6-12-16-16-11 -6  3 13 21 20 13  4 *  5  3 -2 -9-11 -8 -6 -5  1 12 15 10  6	
  5  0 -3 -7 -9 -9 -7 -3  3  8 10  9  7 *  4  2  0 -2 -4 -5 -5 -3  1  3  6  7  5	
 4945.075    4.400
  0 -6-11-16-16-12 -7  3 13 22 21 13  4 *  5  3 -3-10-12 -8 -7 -5  3 15 17 11  6	
  5  0 -3 -6 -9 -8 -7 -3  3  8 10 10  7 *  5  2  0 -3 -5 -6 -6 -3  1  4  7  7  6	
 4945.075    5.930
  1 -5-12-17-18-13 -8  3 14 24 23 14  4 *  5  2 -4-12-13 -8 -6 -4  5 17 19 12  6	
  6  1 -3 -7 -9 -9 -8 -3  4  8 11 10  7 *  5  2 -1 -4 -6 -6 -6 -3  2  5  8  8  6	
 4945.075    7.460
  1 -5-12-19-19-14 -9  3 15 27 25 15  5 *  4  1 -5-13-13 -8 -6 -2  6 19 20 12  6	
  6  1 -3 -7-10-10 -9 -4  4  9 12 11  8 *  5  2 -1 -4 -7 -7 -6 -3  2  6  8  8  7	
 4945.075    8.990
  1 -6-14-21-21-15 -9  3 17 29 27 16  5 *  3  0 -6-13-13 -8 -5 -1  7 18 19 12  5	
  7  1 -4 -8-11-11-10 -4  4 10 14 13  9 *  5  1 -2 -5 -7 -7 -6 -2  3  6  9  8  6	
 4945.075   10.520
  1 -7-16-23-23-16-10  4 19 31 29 18  5 *  2 -1 -6-12-12 -8 -5 -1  7 16 17 10  4	
  8  1 -4 -9-13-13-11 -5  4 11 16 15 10 *  4  0 -2 -5 -7 -7 -5 -2  3  7  9  7  5	
 4945.076   12.050
  1 -9-18-24-23-17-10  3 19 32 30 19  6 *  1 -2 -6-11-11 -8 -5  0  7 14 15  9  3	
  8  1 -5-10-14-15-11 -5  4 12 18 17 11 *  3  0 -3 -5 -7 -7 -5 -2  3  7  9  7  4	
 4945.076   13.580
  1 -9-18-24-23-17-10  3 20 32 30 19  6 *  1 -2 -6-11-11 -8 -5  0  7 14 14  8  3	
  8  1 -5-11-15-15-12 -5  4 13 18 17 11 *  3 -1 -3 -5 -7 -7 -5 -2  2  7  9  7  4	
 4946.075  -17.785
 -1 -9-15-18-18-14 -6  5 17 21 19 12  3 *  2  3  3  1 -1 -2 -3 -4 -2  4  6  5  2	
  4 -1 -5 -7 -9 -8 -4  0  6 10 13 12  7 *  1  0  1 -1 -1  0 -1 -1  0  3  5  4  2	
 4946.075  -16.255
 -1 -9-15-18-18-14 -6  5 17 21 19 12  3 *  2  3  3  1 -1 -2 -3 -4 -2  4  6  5  2	
  4 -1 -5 -7 -9 -8 -4  0  6 10 13 12  7 *  1  0  1 -1 -1  0 -1 -1  0  3  4  4  2	
 4946.075  -14.725
 -1 -9-15-18-18-14 -6  5 17 21 19 13  3 *  2  3  3  1 -1 -3 -4 -5 -3  3  6  5  3	
  5 -1 -5 -8-10 -9 -5 -1  5 10 13 12  7 *  1  1  1  0 -1 -1 -1 -1 -1  1  3  4  2	
 4946.075  -13.195
  0 -9-15-19-18-14 -7  5 17 21 20 14  4 *  3  3  3  0 -2 -3 -5 -6 -4  3  7  6  3	
  5  0 -5 -9-11 -9 -6 -2  4 10 14 13  7 *  1  1  2  1  0 -1 -1 -1 -2 -1  2  3  2	
 4946.075  -11.665
  0 -9-15-19-18-15 -7  5 17 22 21 15  5 *  3  4  3 -1 -3 -4 -6 -8 -5  3  7  6  4	
  5  0 -5-10-11-10 -7 -3  4 10 14 13  8 *  1  1  2  2  1 -1 -1 -1 -3 -2  0  2  2	
 4946.075  -10.135
  0 -9-16-19-19-15 -7  5 17 22 21 15  5 *  3  4  3  0 -3 -4 -6 -8 -5  3  7  7  4	
  5  0 -5-10-12-10 -8 -3  4 10 14 13  8 *  1  1  2  3  1 -1 -1 -1 -3 -3  0  2  2	
 4946.075   -8.605
  0 -9-15-18-18-14 -7  5 16 21 21 15  5 *  4  4  3 -1 -4 -5 -6 -7 -4  3  7  7  4	
  6  0 -5-10-11-10 -8 -3  4 10 14 13  8 *  2  1  2  2  1 -1 -2 -1 -3 -2  0  2  2	
 4946.075   -7.075
  0 -8-14-17-16-12 -6  4 14 19 19 14  4 *  4  4  1 -3 -7 -7 -6 -6 -3  4  9  8  5	
  6  1 -4 -9-11-10 -7 -3  3  9 12 11  8 *  2  1  1  0 -1 -3 -3 -1 -1 -1  2  4  2	
 4946.075   -5.545
  0 -8-14-16-15-12 -5  3 12 18 19 13  4 *  5  4  1 -4 -8 -7 -6 -5 -3  4  9  8  5	
  6  1 -4 -8-10-10 -7 -3  3  9 12 11  8 *  2  1  0  0 -2 -3 -3 -1 -1  0  3  5  3	
 4946.075   -4.015
  0 -8-14-16-15-11 -5  3 12 18 19 13  4 *  5  4  1 -5 -8 -7 -6 -5 -2  4  9  8  6	
  6  1 -3 -8-10-10 -7 -3  3  8 11 11  8 *  2  1  0 -1 -2 -3 -3 -1 -1  0  3  5  3	
 4946.075   -2.485
  0 -8-13-16-15-11 -5  3 12 18 19 13  4 *  5  4  1 -5 -8 -7 -6 -5 -2  5 10  8  6	
  6  1 -3 -8-10 -9 -7 -3  3  8 11 10  7 *  2  1  0 -1 -2 -3 -4 -2 -1  0  4  5  3	
 4946.075   -0.955
  0 -8-13-15-15-11 -6  3 12 18 19 13  4 *  5  4  0 -5 -9 -8 -6 -5 -2  6 10  9  6	
  5  1 -3 -8-10 -9 -7 -3  3  8 11 10  7 *  2  1  0 -1 -2 -4 -4 -2 -1  1  4  5  3	
 4946.075    0.575
  0 -7-13-16-15-11 -6  4 13 19 19 13  4 *  5  4  0 -6 -9 -8 -6 -5 -1  7 12  9  6	
  5  1 -3 -7-10 -9 -7 -3  3  8 11 10  7 *  3  1  0 -1 -3 -4 -4 -2  0  1  4  5  4	
 4946.075    2.105
  0 -7-12-16-16-12 -6  4 13 21 20 13  4 *  5  3 -1 -8-10 -8 -6 -5  0 11 14 10  6	
  5  0 -3 -7 -9 -9 -7 -3  3  8 11 10  7 *  4  2  0 -2 -4 -5 -5 -3  0  3  5  6  5	
 4946.075    3.635
  0 -6-12-16-16-12 -7  4 14 22 21 13  4 *  5  3 -2 -9-11 -8 -6 -5  2 13 16 11  6	
  5  0 -3 -7 -9 -9 -7 -3  4  8 11 10  7 *  4  2  0 -3 -5 -5 -6 -3  1  4  6  7  5	
 4946.075    5.165
  1 -6-11-17-17-12 -8  4 14 23 22 14  4 *  5  2 -3-10-12 -8 -6 -5  3 15 17 11  6	
  5  0 -3 -7 -9 -9 -8 -3  4  8 11 10  7 *  5  2  0 -3 -5 -6 -6 -3  1  4  7  7  6	
 4946.075    6.695
  1 -5-12-18-19-13 -8  4 15 26 24 15  5 *  4  2 -4-11-12 -8 -6 -3  4 16 18 11  6	
  6  1 -3 -7-10 -9 -8 -3  4  9 12 11  8 *  5  2 -1 -3 -6 -6 -6 -3  2  5  7  7  6	
 4946.075    8.225
  1 -6-13-20-21-15 -9  4 17 29 27 17  5 *  3  0 -5-11-12 -8 -5 -2  6 16 17 11  5	
  7  1 -3 -8-11-11-10 -4  4 10 14 13  9 *  4  1 -1 -4 -6 -6 -5 -2  2  6  8  7  6	
 4946.075    9.755
  1 -7-15-22-22-16-10  4 18 31 29 18  6 *  2 -1 -6-11-11 -8 -5 -1  6 15 16 10  4	
  8  1 -4 -9-13-13-11 -5  4 11 16 15 10 *  4  0 -2 -5 -6 -6 -5 -2  3  6  8  7  5	
 4946.075   11.285
  1 -9-18-24-23-17-10  3 19 31 30 19  6 *  1 -2 -6-11-11 -8 -5 -1  7 14 14  9  3	
  8  1 -5-11-15-15-11 -5  4 13 18 17 11 *  3  0 -3 -5 -7 -7 -5 -2  3  7  9  7  4	
 4946.076   12.815
  0-10-20-25-24-18-10  3 20 31 30 19  5 *  1 -2 -6-10-11 -9 -5 -1  7 13 14  9  3	
  8  0 -6-12-16-16-12 -5  3 13 19 18 11 *  2 -1 -3 -5 -7 -7 -5 -2  2  7  9  7  4	
 4947.075  -18.550
 -1 -9-16-19-18-14 -6  6 17 21 19 12  3 *  2  3  3  1 -1 -2 -3 -5 -2  4  6  5  2	
  4 -1 -5 -8 -9 -8 -5  0  6 10 13 12  7 *  1  1  1  0 -1  0 -1 -1  0  2  4  4  2	
 4947.075  -17.020
 -1 -9-15-18-18-14 -6  5 17 21 19 12  3 *  2  3  3  1 -1 -2 -3 -4 -2  4  6  5  2	
  4 -1 -5 -8 -9 -8 -5  0  6 10 13 12  7 *  1  0  1 -1 -1  0 -1 -1  0  2  4  4  2	
 4947.075  -15.490
 -1 -9-15-18-18-14 -6  5 17 21 19 12  3 *  2  3  3  1 -1 -2 -3 -5 -2  4  6  5  2	
  4 -1 -5 -8 -9 -9 -5  0  5 10 13 12  7 *  1  1  1  0 -1  0 -1 -1  0  2  4  4  2	
 4947.075  -13.960
  0 -9-15-18-18-14 -7  5 17 21 20 13  4 *  3  3  3  0 -2 -3 -5 -6 -3  3  7  6  3	
  5  0 -5 -9-10 -9 -6 -2  5 10 13 13  7 *  1  1  1  1  0 -1 -1 -1 -1  0  2  3  2	
 4947.075  -12.430
  0 -9-15-18-18-15 -7  5 17 21 20 14  4 *  3  3  3  0 -3 -4 -5 -7 -4  3  7  6  3	
  5  0 -5 -9-11-10 -7 -2  4 10 14 13  8 *  1  1  2  2  0 -1 -1 -1 -2 -1  1  3  2	
 4947.075  -10.900
  0 -9-15-19-18-15 -7  5 17 22 21 15  5 *  3  4  3 -1 -3 -4 -6 -8 -5  3  7  7  4	
  5  0 -5-10-11-10 -7 -3  4 10 14 13  8 *  1  1  2  2  1 -1 -2 -1 -3 -2  0  2  2	
 4947.075   -9.370
  0 -9-15-18-18-15 -7  5 16 21 21 15  5 *  3  4  3 -1 -4 -4 -6 -7 -4  3  7  7  4	
  5  0 -5-10-11-10 -7 -3  4 10 14 13  8 *  2  1  2  2  1 -1 -2 -1 -3 -2  1  2  2	
 4947.075   -7.840
  0 -9-15-18-17-14 -7  5 15 21 20 14  5 *  4  4  2 -2 -5 -5 -6 -7 -4  3  8  7  4	
  6  1 -5 -9-11-10 -7 -3  3 10 13 12  8 *  2  1  1  2  0 -2 -2 -1 -2 -2  1  3  2	
 4947.075   -6.310
  0 -8-14-17-16-13 -6  4 14 20 20 14  4 *  4  4  2 -3 -6 -6 -6 -6 -3  4  8  8  5	
  6  1 -4 -9-11-10 -7 -3  3  9 13 12  8 *  2  1  1  1  0 -2 -2 -1 -2 -1  2  4  2	
 4947.075   -4.780
  0 -8-14-16-15-12 -6  4 13 19 19 14  4 *  5  4  1 -4 -7 -7 -6 -5 -3  4  9  8  5	
  6  1 -4 -8-10-10 -7 -3  3  9 12 11  8 *  2  1  1  0 -1 -3 -3 -1 -1  0  3  4  3	
 4947.075   -3.250
  0 -8-14-16-15-12 -6  4 13 19 19 13  4 *  5  4  1 -4 -7 -7 -6 -5 -3  5  9  8  5	
  6  1 -4 -8-10 -9 -7 -3  3  9 12 11  7 *  2  1  1  0 -1 -3 -3 -2 -1  0  3  4  3	
 4947.075   -1.720
  0 -8-13-16-15-11 -6  4 13 19 19 13  4 *  5  4  0 -5 -8 -7 -6 -5 -2  6 10  8  5	
  5  1 -3 -8-10 -9 -7 -3  3  8 11 10  7 *  2  1  0 -1 -2 -4 -4 -2 -1  1  4  5  3	
 4947.075   -0.190
  0 -7-13-16-15-12 -6  4 13 20 20 13  4 *  5  4  0 -6 -9 -7 -6 -5 -1  7 12  9  5	
  5  1 -3 -7-10 -9 -7 -2  3  8 11 10  7 *  3  1  0 -1 -3 -4 -4 -2  0  1  4  5  4	
 4947.075    1.340
  0 -7-12-16-16-12 -6  4 14 21 20 14  4 *  5  4 -1 -7 -9 -7 -6 -5 -1  9 13  9  5	
  5  0 -3 -7 -9 -9 -7 -2  4  8 11 10  7 *  3  1  0 -1 -3 -4 -4 -2  0  2  5  5  4	
 4947.075    2.870
  0 -6-12-16-16-12 -7  4 14 22 21 14  4 *  5  3 -2 -8-10 -7 -6 -5  1 11 15 10  5	
  5  0 -3 -7 -9 -9 -7 -2  4  8 11 10  7 *  4  2  0 -2 -4 -5 -5 -3  1  3  5  6  5	
 4947.075    4.400
  1 -6-12-17-17-13 -8  4 15 24 23 14  4 *  4  3 -2 -9-10 -7 -6 -5  2 13 15 10  5	
  5  0 -3 -7 -9 -9 -8 -3  4  8 11 10  7 *  4  2  0 -3 -4 -5 -5 -3  1  3  6  6  5	
 4947.075    5.930
  1 -6-12-18-18-13 -8  4 15 25 24 15  5 *  4  2 -3-10-11 -7 -6 -4  3 14 17 11  5	
  6  0 -3 -7-10 -9 -8 -3  4  9 12 11  8 *  4  2  0 -3 -5 -5 -5 -3  2  4  6  7  5	
 4947.076    7.460
  1 -6-12-19-19-14 -9  4 16 27 26 16  5 *  4  1 -4-10-11 -7 -5 -3  4 15 17 11  5	
  6  1 -3 -7-10-10 -9 -3  4  9 13 12  9 *  4  1 -1 -4 -6 -6 -5 -2  2  5  7  7  5	
 4947.076    8.990
  1 -7-14-21-21-15 -9  4 18 30 28 18  6 *  2  0 -5-11-11 -7 -5 -2  5 15 16 10  4	
  7  1 -3 -8-12-12-10 -4  4 11 15 14 10 *  3  0 -2 -4 -6 -6 -5 -2  2  6  7  7  5	
 4947.076   10.520
  1 -8-17-24-23-17-10  4 19 31 30 19  6 *  1 -1 -6-11-11 -8 -5 -1  6 14 14  9  3	
  8  1 -5-10-14-14-11 -5  4 12 17 16 11 *  3  0 -2 -5 -7 -6 -5 -2  3  7  8  7  4	
 4947.076   12.050
  0-10-20-25-24-18-10  3 20 31 30 19  5 *  1 -2 -6-10-11 -9 -5 -1  7 13 14  9  3	
  8  0 -6-12-16-16-12 -5  3 13 19 18 11 *  2 -1 -3 -5 -7 -7 -5 -2  2  7  9  7  4	
 4947.076   13.580
  0-11-20-26-24-18-10  3 20 31 30 19  5 *  1 -2 -6-10-11 -9 -5 -1  7 13 14  9  3	
  8  0 -6-12-16-16-12 -5  3 13 20 18 11 *  2 -1 -3 -5 -7 -7 -5 -2  2  7  9  7  4	
 4939.662    6.720
 -1  0 -1 -2 -2 -1 -1 -1 -4-10-11 -9 -3 *  1  2  0 -3 -1  0 -1  3 17 28 26 15  3	
 -4 -1  0 -1 -2 -3 -2 -1 -2 -5 -7 -7 -5 *  4  0  0 -2 -6 -5 -2  1  7 15 18 14  7	
 4941.075    8.990
 -6 -6 -5 -4 -4 -1  1  3  9 10  7  1 -5 * -7 -6 -5 -5 -4 -1  1  3  9  9  6 -1 -7	
  0 -2 -4 -5 -4 -2  1  2  4  7  4  4  2 * -1 -4 -5 -6 -5 -4  1  2  4  5  5  3  1	
 4939.075    5.930
 -2 -3 -4 -3 -3 -2  0  2  4  3  2  1 -1 *  0 -2 -6 -9 -9 -6 -4 -4  4 11 14  8  2	
  0 -1 -2 -3 -2 -2 -1  1  2  3  2  1  1 *  4  1 -1 -5 -8 -7 -4 -3  0  6  7  7  6	
 4939.075    7.460
  0  0  1  1  1  0  1  1  1 -1 -2 -1  0 * -1 -1 -2 -3 -3 -1  0  0  4  7  7  4  0	
 -1 -1  0  1  1  1  0  0  1 -1 -1 -1 -1 *  2  0 -1 -3 -3 -2 -1  1  2  5  5  4  3	
 4938.075    6.695
  0 -2 -2 -2 -1  0  1  3  3  4  4  2  0 *  0 -1 -4 -5 -6 -2 -3 -2  4  9 11  6  1	
  1  0 -1 -1 -1 -1  1  1  2  2  2  2  1 *  3  1 -1 -3 -4 -4 -2  1  2  5  6  6  5	
 4938.075    8.225
 -2 -2 -3 -2  0  0  2  2  1  3  2  1 -1 * -2 -2 -2 -1  0  1  1  0  4  7  6  2 -1	
  0 -1 -1  0 -2 -1 -1  0  2  4  1  1  1 *  1 -1 -2 -2  1  1  1  3  2  2  4  2  2	
 4940.575    7.920
 -9 -9 -8 -7 -5 -2  1  5 11 12  7 -2 -8 * -4 -5 -5 -5 -4 -2 -1  0  6  7  5  1 -3	
 -1 -5 -7 -7 -6 -4  0  3  5  8  6  4  1 *  0 -2 -4 -5 -5 -4 -1  1  3  4  4  3  1	
