Brest                    	
 4817.082 -416.361
  1 -1 -3 -3 -2 -1  0  1  2  2  2  2  2 * -3  1  6  6  4  3  0 -2 -4 -4 -4 -4 -4	
  0 -1 -1 -1 -1 -1  0  0  1  1  1  1  1 * -1  1  2  2  2  1  0 -1 -1 -2 -2 -2 -1	
 4816.920 -416.037
  2 -1 -5 -5 -3 -2  0  2  3  3  3  3  3 *  0  0  0  0  0  0  0  0  0  0  0  0  0	
  1 -1 -2 -2 -2 -1  0  1  1  2  2  2  1 *  0  0  0  0  0  0  0  0  0  0  0  0  0	
 4817.082 -415.390
  2 -1 -5 -4 -3 -2  0  1  2  2  2  2  2 *  2 -1 -4 -3 -2 -2  0  1  2  2  2  2  2	
  0 -1 -2 -2 -1 -1  0  0  1  1  1  1  1 *  0 -1 -1 -1 -1 -1  0  0  1  1  1  1  1	
 4817.405 -415.066
  1  0 -1 -1  0  0  0  0  0  0  1  1  1 *  6 -3-11 -8 -5 -3  0  2  4  4  5  6  6	
  0  0  0  0  0  0  0  0  0  0  0  0  0 *  1 -1 -3 -3 -2 -1  0  1  2  2  2  2  2	
 4822.573 -429.550
  1  0 -3 -5 -5 -2 -1 -2 -3 -3  0  1  1 *  0  0  0  1  1  1  0 -1 -1 -1 -1  0  0	
  0  0 -2 -2 -2 -2 -2 -1  0  0  0  0  0 *  0  0  1 -1 -1  0  0 -1  0  0  0  0  0	
 4822.390 -430.200
  0  0  0 -3 -3 -1  1  1  1  1  1  1  0 *  0  0  0 -1 -3 -2 -1 -1  0  1  1  0  0	
  0  0  0  0  0  0  0  0  0  0  0  0  0 *  0  0  0  0  0  0  0  0  0  0  0  0  0	
 4822.090 -430.533
  0  0 -1  0  0  0  0  0  0  0  0  0  0 *  0  0  0  0  0  0  0  0  0  0  0  0  0	
  0  0  0  0  0  0  0  0  0  0  0  0  0 *  0  0  0  0  0  0  0  0  0  0  0  0  0	
 4822.240 -429.566
 -1  0  1  2  2  2  2  2  2  2  1  1  0 *  0 -1 -1  0  2  2  1  0  0 -1 -1 -1  0	
  0  0  0  0  0  1  1  1  1  1  1  0  0 *  0  0  0  0  0  0  0  0  0  0  0  0  0	
 4822.123 -430.050
  0  0  0  0  1  1  1  1  1  1  0  1  0 *  0  0  0 -1 -1 -1 -1  0  0  0  0  0  0	
  0  0  0  0  0  0  0  0  0  0  0  0  0 *  0  0  0  0  0  0  0  0  0  0  0  0  0	
 4819.558 -427.606
  0  7  7  5  2  1 -5-13-14-11-10 -8 -3 * -2-15-22-25-25-17  1 15 14 12 11  8  2	
  2  5  5  4  2  0 -2 -4 -5 -4 -4 -3 -1 * -3 -7 -8 -7 -4 -1  2  4  5  4  3  2  0	
 4822.173 -429.250
  0  1  5  2 -3  0  1  1  1  1  0  0  0 *  1  8 12 10  2 -3 -3 -3 -4 -4 -4 -4 -1	
  0  0  2  4  3  0  1  2  2  3  1  0  0 *  1  3  5  5  4  1 -2 -3 -3 -3 -2 -2 -1	
 4821.840 -430.334
  1  4  4 -1 -3 -3 -4 -4 -2 -1 -2 -3 -1 *  0  1  1  0  0  0 -1 -1  0  0  0  0  0	
  1  3  3  2  0  0 -1 -2 -3 -2 -2 -1  0 *  0  1  1  1  0  0  0 -1 -1 -1 -1  0  0	
 4816.113 -438.125
 -1  1  2  2  2  1  0 -1 -1 -2 -2 -2 -1 *  1  9 13 13 12  9  3 -7-13-12 -9 -6 -1	
  0  1  1  1  1  0  0  0 -1 -1 -1 -1  0 *  2  5  6  6  5  2  0 -4 -6 -5 -4 -2  0	
 4816.113 -438.609
 -1  1  2  3  2  1  0 -1 -2 -3 -3 -3 -2 *  0  8 12 12 11  9  3 -6-13-13-10 -7 -2	
  0  1  1  1  1  1  0 -1 -1 -1 -1 -1 -1 *  1  4  6  5  4  2  0 -3 -5 -6 -4 -3 -1	
 4816.436 -438.366
 -1  0  1  1  1  1  0 -1 -2 -3 -3 -2 -1 *  1 11 16 16 15 12  4 -8-17-15-12 -9 -2	
  0  0  1  1  1  0  0 -1 -1 -1 -1 -1 -1 *  2  6  8  7  6  3  0 -5 -7 -7 -5 -3 -1	
 4816.436 -438.851
 -1  1  3  3  3  2  1 -1 -4 -5 -5 -3 -2 * -1  8 14 14 14 10  3 -7-16-16-13-10 -4	
  0  1  2  2  1  1  0 -1 -2 -2 -2 -2 -1 *  1  5  7  7  5  3  0 -4 -6 -7 -6 -4 -1	
 4816.759 -438.125
 -1  1  2  2  2  2  0 -2 -5 -5 -4 -3 -1 *  0 11 16 17 16 12  4 -8-17-16-13 -9 -2	
  0  1  2  1  1  1  0 -1 -2 -3 -2 -2 -1 *  2  6  8  7  6  3  0 -4 -7 -7 -6 -3 -1	
 4816.759 -438.609
 -1  2  3  4  3  3  1 -2 -5 -6 -5 -4 -2 * -1  8 14 15 14 10  4 -7-15-15-13 -9 -3	
  0  1  2  2  2  1  0 -1 -2 -3 -3 -2 -1 *  1  5  7  6  5  3  0 -4 -6 -6 -5 -3 -1	
 4817.082 -438.366
  0  4  6  6  5  4  1 -4 -8 -9 -7 -5 -1 * -1  8 14 15 15 11  4 -6-14-14-12 -9 -3	
  0  2  3  3  3  1  0 -3 -4 -5 -4 -3 -1 *  1  5  7  7  6  3  0 -4 -6 -6 -5 -3 -1	
 4817.082 -438.851
 -1  3  5  6  5  4  1 -3 -7 -8 -7 -5 -2 * -2  6 12 13 12  9  4 -5-12-13-11 -8 -4	
  0  2  3  3  3  2  0 -2 -3 -4 -3 -2 -1 *  1  4  6  6  5  3  0 -3 -5 -5 -4 -3 -1	
 4817.405 -438.125
  0  5  8  8  7  6  2 -4 -9 -9 -7 -5 -1 * -2  6 12 13 13 10  4 -4-11-12-11 -8 -4	
  0  3  4  4  3  2  0 -3 -5 -5 -4 -3 -1 *  1  4  6  6  5  3  0 -3 -5 -5 -4 -3 -1	
 4817.405 -438.609
 -1  4  7  7  7  5  2 -3 -8 -8 -7 -5 -2 * -2  5 10 12 11  9  4 -4-10-11-10 -8 -4	
  0  2  4  4  3  2  0 -2 -4 -4 -4 -3 -1 *  1  3  5  5  4  3  0 -2 -4 -4 -4 -3 -1	
 4817.728 -438.366
  0  5  8  9  8  6  3 -3 -8 -9 -7 -5 -1 * -3  4  9 11 11  9  4 -3 -9-11-11 -9 -5	
  0  3  5  5  4  2  0 -3 -4 -5 -4 -3 -1 *  0  3  5  5  4  3  1 -2 -4 -4 -4 -3 -1	
 4817.728 -438.851
 -1  4  7  8  8  6  3 -3 -8 -9 -8 -6 -2 * -4  3  9 11 11  9  4 -3 -9-10-10 -9 -5	
  0  3  4  4  4  2  0 -2 -4 -5 -4 -3 -1 *  0  3  4  5  4  2  0 -2 -4 -4 -3 -3 -1	
 4818.051 -438.125
 -1  4  8  9  9  7  3 -2 -8 -8 -7 -5 -2 * -5  2  8 10 10  8  4 -2 -8-10-11-10 -6	
  0  3  4  5  4  2  0 -2 -4 -4 -4 -3 -1 *  0  2  4  4  4  2  1 -2 -3 -4 -4 -3 -2	
 4818.051 -438.609
 -2  3  7  9  9  7  3 -2 -8 -9 -8 -6 -3 * -5  2  8 10 10  8  4 -2 -8-10-11-10 -6	
  0  3  4  5  4  2  0 -2 -4 -5 -4 -3 -1 *  0  2  4  4  4  2  0 -2 -3 -4 -3 -3 -1	
 4818.374 -438.366
 -3  3  8  9  9  7  4 -2 -7 -9 -8 -7 -4 * -6  0  6  9  9  7  4 -2 -8-11-12-11 -8	
  0  3  4  5  4  3  0 -2 -4 -4 -4 -3 -1 * -1  2  3  4  3  2  1 -1 -3 -4 -4 -3 -2	
 4818.374 -438.851
 -4  2  7  9  9  8  4 -2 -8-10 -9 -8 -5 * -6  0  6  9 10  8  4 -2 -7-10-11-10 -7	
  0  3  4  5  4  3  0 -2 -4 -5 -4 -3 -2 *  0  2  3  4  3  2  0 -2 -3 -3 -3 -3 -2	
 4818.696 -438.125
 -4  2  7  9  9  8  4 -2 -8 -9-10 -8 -5 * -7 -1  6  9  9  7  4 -2 -8-11-13-12 -9	
  0  3  4  5  4  3  1 -2 -4 -5 -4 -3 -2 * -1  1  3  4  3  2  0 -1 -3 -4 -4 -3 -2	
 4818.696 -438.609
 -5  1  7  9  9  8  4 -2 -8-10-10 -9 -6 * -6  0  6  8  9  7  4 -2 -7-10-11-11 -8	
  0  3  4  5  4  3  1 -2 -4 -5 -4 -3 -2 *  0  2  3  3  3  2  0 -1 -3 -3 -3 -3 -2	
 4819.019 -438.366
 -6  1  7  9 10  8  4 -2 -8-11-11-10 -7 * -7 -1  5  8  8  7  3 -2 -7-10-12-11 -8	
  0  2  5  5  4  3  1 -2 -4 -5 -5 -4 -2 * -1  1  3  3  3  2  0 -1 -3 -3 -3 -3 -2	
 4819.019 -438.851
 -6  1  7 10 10  8  4 -2 -9-11-12-11 -7 * -6  0  5  7  7  6  3 -2 -6 -8 -9 -9 -7	
  0  3  5  5  4  3  0 -2 -5 -5 -5 -4 -2 *  0  1  3  3  2  1  0 -1 -2 -3 -3 -2 -1	
 4819.342 -438.125
 -6  1  7  9  9  8  4 -3 -9-11-12-11 -7 * -6 -1  4  6  6  5  2 -1 -5 -8 -9 -9 -7	
  0  3  5  5  4  3  0 -2 -5 -5 -5 -4 -2 * -1  1  2  2  2  1  0 -1 -2 -3 -3 -2 -2	
 4819.342 -438.609
 -5  1  7  9  9  7  4 -3 -9-11-11-10 -7 * -4  0  4  5  5  4  2 -2 -5 -6 -7 -7 -5	
  0  3  5  5  4  3  0 -3 -5 -5 -5 -4 -2 *  0  1  2  2  2  1  0 -1 -2 -2 -2 -2 -1	
 4819.665 -438.366
 -4  3  9 10  9  7  3 -4-10-11-10 -9 -5 * -3 -2  0  1  1  1  1 -1 -2 -3 -4 -4 -4	
  1  4  6  5  4  2  0 -3 -5 -5 -4 -3 -1 * -1  0  0  0  0  0  0  0 -1 -1 -1 -1 -1	
 4819.665 -438.851
 -3  4  8  9  8  7  3 -3 -9-10 -9 -8 -4 * -2  0  2  3  3  2  1 -1 -2 -2 -2 -3 -2	
  1  4  5  5  4  2  0 -3 -5 -5 -4 -3 -1 *  0  0  1  1  1  0  0 -1 -1 -1 -1 -1  0	
 4819.988 -438.125
 -1  5  9 10  9  7  3 -4-10 -9 -8 -6 -3 * -3 -3 -2 -2 -1 -1  0  0  0 -1 -2 -2 -2	
  2  4  6  5  4  2 -1 -4 -5 -5 -4 -2  0 * -1 -1 -1 -1  0  0  0  0  0  0 -1 -1 -1	
 4819.988 -438.609
 -1  5  8  8  8  6  2 -4 -9 -8 -7 -5 -2 * -1 -1  0  0  1  1  1  0  0  0 -1 -1 -1	
  2  4  5  5  4  2  0 -3 -5 -4 -3 -2  0 *  0  0  0  0  0  0  0  0  0  0  0  0  0	
 4820.311 -438.366
  1  5  7  7  6  5  2 -4 -6 -4 -3 -2  0 * -2 -3 -4 -4 -3 -3 -1  1  2  0  0 -1 -2	
  2  3  4  4  3  1 -1 -3 -3 -3 -2 -1  1 * -1 -2 -2 -2 -1  0  0  1  1  0  0  0 -1	
 4820.311 -438.851
  1  5  7  7  6  5  2 -3 -7 -5 -3 -2  0 * -1 -1 -1  0  0  0  0  1  2  1  0  0 -1	
  2  4  4  4  3  1 -1 -3 -4 -3 -2 -1  1 *  0  0  0  0  0  0  0  0  1  1  0  0  0	
 4816.113 -437.638
  0  0  1  1  1  1  0  0 -1 -1 -1 -1  0 *  4  9 12 11 11  8  1 -8-10 -7 -5 -3  2	
  0  0  1  1  0  0  0  0  0  0  0  0  0 *  3  5  6  5  4  2 -1 -4 -5 -4 -2 -1  1	
 4816.436 -437.880
  0  0  0  0  0  0  0 -1 -1 -2 -1 -1  0 *  3 11 15 15 14 10  2 -9-14-11 -9 -5  1	
  0  0  0  0  0  0  0  0 -1 -1 -1 -1  0 *  3  6  7  7  5  2 -1 -5 -6 -5 -4 -2  1	
 4816.436 -437.395
  0  0  0  0  0  0  0  0 -1 -1 -1  0  0 *  1  3  3  3  3  2  0 -2 -3 -3 -2 -1  0	
  0  0  0  0  0  0  0  0  0  0  0  0  0 *  1  1  2  1  1  0  0 -1 -1 -1 -1  0  0	
 4817.082 -437.880
  1  5  6  6  5  3  0 -6-10-10 -7 -4  0 *  1 11 16 17 16 13  4 -8-15-14-12 -8 -1	
  1  3  4  3  2  1 -1 -4 -5 -5 -4 -3 -1 *  2  6  8  7  6  3 -1 -5 -6 -6 -5 -3  0	
 4817.082 -437.395
  2  5  5  4  3  2 -1 -6 -9 -8 -6 -3  0 *  1  5  5  4  4  2 -1 -6-10 -9 -7 -4  0	
  1  3  3  2  1  0 -2 -4 -5 -5 -3 -2  0 *  1  3  3  2  1  0 -1 -3 -4 -4 -3 -2  0	
 4817.082 -436.910
  2  5  4  3  2  0 -2 -6 -9 -7 -5 -2  1 *  1  2  2  1  1  1 -1 -3 -5 -5 -4 -2  0	
  1  3  3  2  1  0 -2 -4 -5 -4 -3 -2  0 *  1  1  1  1  0  0 -1 -2 -2 -2 -1 -1  0	
 4817.405 -437.638
  1  7  9  9  8  5  1 -6-11-10 -8 -4  0 *  0  8 13 15 15 12  5 -5-12-12-10 -7 -2	
  1  4  5  5  4  2 -1 -4 -6 -6 -5 -3 -1 *  1  4  6  6  5  3  0 -3 -5 -5 -4 -3 -1	
 4817.405 -437.152
  3  7  8  7  6  3 -1 -8-13-11 -7 -4  1 *  1  5  5  5  4  3  0 -6-11-10 -8 -5 -1	
  2  4  5  4  3  1 -2 -5 -7 -6 -5 -3  0 *  1  3  3  2  1  0 -1 -3 -4 -4 -3 -2  0	
 4817.728 -437.880
  1  6  9 10  9  7  3 -4 -9 -8 -6 -3  0 * -2  5 10 13 13 11  6 -3 -9-11-10 -8 -4	
  1  4  5  5  4  2  0 -3 -5 -5 -4 -3 -1 *  0  3  5  5  4  3  1 -2 -4 -4 -4 -3 -1	
 4817.728 -437.395
  2  7 10 10  9  7  2 -4 -9 -8 -5 -2  1 * -1  4  6  7  8  7  3 -3 -8 -9 -8 -5 -2	
  1  4  5  5  4  2  0 -3 -5 -5 -4 -2  0 *  0  2  3  3  3  2  0 -2 -3 -3 -3 -2 -1	
 4818.051 -437.638
  1  5  9 10  9  7  3 -3 -8 -8 -6 -3 -1 * -3  3  8 11 11 10  5 -2 -8-10-11 -9 -5	
  1  3  5  5  4  3  0 -2 -4 -4 -4 -2 -1 *  0  2  4  4  4  3  1 -2 -3 -4 -4 -3 -2	
 4818.051 -437.152
  2  7 10 10  9  8  4 -3 -8 -7 -4 -2  1 * -1  3  6  8  9  7  4 -2 -8 -9 -8 -6 -3	
  2  4  5  5  4  3  0 -2 -4 -4 -3 -2  0 *  0  2  3  3  3  2  0 -2 -3 -4 -3 -2 -1	
 4818.374 -437.880
 -1  4  8  9  9  7  4 -2 -7 -8 -7 -5 -2 * -5  1  6  9 10  8  5 -2 -8-11-12-10 -6	
  1  3  5  5  4  3  1 -2 -4 -4 -3 -2 -1 * -1  1  3  4  3  2  1 -1 -3 -4 -4 -3 -2	
 4818.374 -437.395
  0  5  8  9  9  8  4 -2 -7 -7 -5 -4 -1 * -3  2  6  8  9  8  4 -2 -8-11-10 -8 -4	
  1  3  5  5  4  3  1 -2 -4 -4 -3 -2  0 * -1  1  3  3  3  2  0 -2 -3 -4 -4 -3 -2	
 4818.374 -436.910
  0  5  8  9  9  7  4 -2 -6 -5 -4 -3 -1 * -1  4  6  7  8  7  3 -3 -8-10 -8 -5 -2	
  1  3  5  5  4  3  1 -2 -3 -3 -3 -1  0 *  0  2  3  3  3  2  0 -2 -3 -4 -3 -3 -1	
 4818.696 -437.638
 -3  2  7  9  9  8  4 -2 -7 -9 -9 -7 -4 * -6  0  5  9  9  8  4 -2 -8-12-13-11 -8	
  0  3  5  5  4  3  1 -2 -4 -4 -4 -3 -1 * -1  1  3  4  3  2  1 -1 -3 -4 -4 -3 -2	
 4818.696 -437.152
 -2  3  8 10 10  8  4 -2 -7 -8 -8 -6 -4 * -4  2  6  8  9  8  4 -2 -9-12-12 -9 -5	
  1  3  5  5  4  3  1 -2 -4 -4 -3 -2 -1 * -1  1  3  3  3  2  0 -2 -3 -4 -4 -3 -2	
 4819.019 -437.880
 -5  1  7  9 10  8  4 -2 -8-11-11-10 -7 * -7 -1  5  8  9  7  4 -2 -8-12-13-12 -9	
  0  2  5  5  4  3  1 -2 -4 -5 -5 -4 -2 * -1  1  3  3  3  2  1 -1 -3 -4 -4 -3 -2	
 4819.019 -437.395
 -5  2  7 10 10  9  5 -2 -8-11-11-10 -6 * -6  1  6  9 10  8  5 -2 -9-14-13-11 -7	
  0  3  5  5  5  3  1 -2 -4 -5 -5 -4 -2 * -1  1  3  4  3  2  1 -2 -4 -4 -4 -4 -3	
 4819.019 -436.910
 -4  3  9 11 11  9  4 -4 -9-11-11 -9 -6 * -4  4  9 11 11  9  4 -4-11-14-13-10 -5	
  0  3  6  6  5  3  0 -3 -5 -5 -5 -4 -2 * -1  2  4  4  4  2  0 -2 -4 -5 -5 -4 -2	
 4819.342 -437.638
 -7  1  7 10 10  9  5 -2 -9-13-13-12 -8 * -7 -1  4  7  8  6  4 -1 -7-10-12-11 -8	
  0  3  5  6  5  3  1 -2 -5 -6 -5 -4 -2 * -1  1  2  3  3  2  0 -1 -3 -3 -3 -3 -2	
 4819.342 -437.152
 -7  1  8 12 12 10  5 -3-11-15-15-13 -9 * -7  0  6  9 10  8  4 -2 -9-14-14-12 -8	
 -1  3  6  6  6  4  1 -3 -6 -7 -6 -5 -3 * -1  1  3  4  3  2  1 -2 -4 -5 -5 -4 -3	
 4819.665 -437.880
 -6  2 10 12 11  9  4 -4-11-13-13-11 -8 * -5 -1  2  4  4  4  2 -1 -4 -6 -8 -7 -5	
  0  4  6  6  5  3  0 -3 -6 -6 -5 -4 -2 * -1  1  2  2  2  1  0 -1 -2 -2 -2 -2 -1	
 4819.665 -436.910
 -6  4 12 15 14 10  2 -7-13-15-15-13 -8 * -4  4 10 11 11  7  1 -6-11-12-12-10 -7	
  0  4  7  8  6  4  0 -4 -6 -7 -6 -5 -3 * -1  2  4  5  4  2  0 -2 -4 -4 -4 -4 -2	
 4819.665 -437.395
 -8  1 10 13 13 11  5 -4-12-16-16-14-10 * -5  0  5  7  7  6  3 -2 -7-10-11 -9 -7	
  0  4  7  7  6  4  0 -4 -6 -7 -7 -5 -3 * -1  1  3  3  3  2  0 -1 -3 -3 -3 -3 -2	
 4819.988 -437.638
 -3  4 10 11 11  9  4 -5-11-11-10 -9 -5 * -3  0  1  2  2  2  1 -1 -2 -4 -5 -4 -3	
  1  5  6  6  5  3 -1 -4 -6 -6 -5 -3 -1 *  0  0  1  1  1  1  0 -1 -1 -1 -1 -1 -1	
 4819.988 -437.152
 -6  3 11 13 13 10  5 -5-13-14-14-12 -8 * -4  0  4  5  5  5  2 -1 -5 -7 -7 -7 -5	
  1  5  7  7  6  3  0 -4 -7 -7 -6 -5 -2 * -1  1  2  2  2  1  0 -1 -2 -2 -2 -2 -1	
 4816.759 -435.211
  0  0  0 -1 -1 -1 -1 -1 -1  0  0  0  0 *  0 -1 -1 -1  0  0  0  0  0  1  1  0  0	
  0  0  0  0  0  0 -1 -1 -1  0  0  0  0 *  0  0  0  0  0  0  0  0  0  0  0  0  0	
 4817.082 -435.454
  1  1  1  0  0 -1 -1 -2 -2 -1  0  0  1 *  0  0  0  0  0  0  1  1  1  1  1  0  0	
  1  1  1  0  0  0 -1 -1 -1 -1  0  0  0 *  0  0  0  0  0  0  0  0  0  0  0  0  0	
 4817.082 -434.968
  1  0  0  0  0 -1 -1 -1 -1 -1  0  0  1 *  0 -1 -1 -1 -1  0  0  0  0  1  1  1  0	
  0  0  0  0  0  0 -1 -1 -1  0  0  0  0 *  0  0  0  0  0  0  0  0  0  0  0  0  0	
 4817.082 -434.483
  0  0  0  0  0  0  0  0  0  0  0  0  0 *  0  0 -1 -1 -1 -1 -1 -1  0  0  1  0  0	
  0  0  0  0  0  0  0  0  0  0  0  0  0 *  0  0  0  0  0  0  0  0  0  0  0  0  0	
 4817.405 -436.667
  3  7  6  4  3  0 -3 -8-11 -9 -5 -2  2 *  0  1  1  1  1  1  0 -2 -3 -3 -2 -1  0	
  2  4  4  3  1  0 -3 -5 -6 -5 -4 -2  0 *  0  1  1  1  0  0  0 -1 -1 -1 -1 -1  0	
 4817.405 -436.182
  3  6  5  3  2  0 -3 -7 -8 -6 -3 -1  2 *  1  1  1  1  0  0  0 -2 -2 -2 -1  0  0	
  2  3  4  3  1  0 -2 -4 -5 -4 -3 -1  1 *  0  1  1  0  0  0  0 -1 -1 -1 -1  0  0	
 4817.405 -435.696
  3  4  4  3  1  0 -2 -5 -5 -3 -1  0  2 *  0  0  0  0  0  0  0  0  0  0  0  0  0	
  2  3  3  2  1  0 -1 -3 -3 -2 -2 -1  1 *  0  0  0  0  0  0  0  0  0  0  0  0  0	
 4817.405 -435.211
  1  2  2  1  1  0 -1 -2 -2 -1 -1  0  1 *  1  0  0  0 -1 -1 -1 -1 -1  0  1  1  1	
  1  1  1  1  1  0 -1 -1 -1 -1 -1  0  0 *  0  0  0  0  0  0  0  0  0  0  0  0  0	
 4817.405 -434.725
  0  1  1  1  0  0  0 -1 -1  0  0  0  0 *  1  0  0 -1 -1 -1 -1 -2 -1  0  1  1  1	
  0  0  1  0  0  0  0  0  0  0  0  0  0 *  0  0  0  0  0  0  0 -1  0  0  0  0  0	
 4817.728 -436.910
  3  7  9  8  7  5  1 -5 -8 -7 -4 -1  2 *  0  3  4  5  5  4  2 -3 -7 -7 -6 -3 -1	
  2  4  5  5  4  2 -1 -3 -5 -4 -3 -2  0 *  0  1  2  2  2  1  0 -2 -3 -3 -2 -2 -1	
 4817.728 -436.424
  3  7  8  7  6  4  0 -5 -8 -6 -3 -1  2 *  1  3  3  3  3  3  1 -3 -6 -5 -4 -2  0	
  2  4  4  4  3  1 -1 -3 -4 -4 -3 -1  0 *  0  1  1  1  1  0  0 -1 -2 -2 -2 -1  0	
 4817.728 -435.939
  3  6  7  6  4  3 -1 -5 -7 -5 -2  0  2 *  1  3  3  2  2  1  0 -3 -5 -4 -2 -1  1	
  2  3  4  3  2  1 -1 -3 -4 -3 -2 -1  1 *  0  1  1  1  1  0 -1 -1 -2 -2 -1 -1  0	
 4817.728 -435.454
  2  5  5  4  3  2 -1 -4 -5 -3 -1  0  2 *  1  2  2  2  2  1  0 -2 -3 -2 -1  0  1	
  1  3  3  3  2  1 -1 -2 -3 -2 -1  0  1 *  0  1  1  1  1  0  0 -1 -1 -1 -1  0  0	
 4817.728 -434.968
  1  2  3  2  2  1  0 -2 -2 -1  0  0  1 *  1  2  1  1  0  0 -1 -3 -2 -1  0  1  1	
  1  1  2  1  1  0  0 -1 -1 -1  0  0  0 *  1  1  1  1  0  0 -1 -1 -1 -1  0  0  0	
 4817.728 -434.483
  0  1  1  1  1  0  0  0  0  0  0  0  0 *  1  1  1  0 -1 -1 -2 -2 -1  0  1  1  1	
  0  0  0  0  0  0  0  0  0  0  0  0  0 *  1  1  1  0  0  0 -1 -1 -1  0  0  0  0	
 4818.051 -436.667
  3  7  9  9  8  7  3 -3 -7 -5 -3 -1  1 *  0  4  5  5  6  5  2 -3 -7 -8 -6 -3 -1	
  2  4  5  5  4  2  0 -2 -4 -4 -3 -1  0 *  0  1  2  2  2  1  0 -2 -3 -3 -3 -2 -1	
 4818.051 -436.182
  2  6  8  7  7  5  2 -3 -5 -4 -1  0  2 *  2  5  5  5  4  3  1 -4 -7 -6 -4 -1  1	
  2  3  4  4  3  2  0 -2 -3 -3 -2 -1  1 *  1  2  2  2  1  1 -1 -2 -3 -3 -2 -1  0	
 4818.051 -435.696
  1  4  6  6  5  4  1 -3 -4 -3 -2 -1  1 *  3  8 10  9  8  5 -1 -6 -8 -6 -3 -1  1	
  1  2  3  3  2  1  0 -2 -2 -2 -1 -1  0 *  1  3  4  4  3  2  0 -2 -3 -3 -3 -2  0	
 4818.051 -435.211
  1  2  3  4  3  2  0 -2 -2 -1 -1 -1  0 *  3  6  8  8  6  4 -1 -6 -6 -3 -2  0  2	
  1  1  2  2  1  1  0 -1 -1 -1 -1 -1  0 *  1  3  4  3  3  1 -1 -2 -3 -2 -2 -1  0	
 4818.051 -434.725
  0  1  1  1  1  1  0  0  0  0  0  0  0 *  2  3  3  3  2  1 -1 -3 -2  0  0  1  1	
  0  0  1  0  0  0  0  0  0  0  0  0  0 *  1  1  1  1  1  0  0 -1 -1 -1  0  0  0	
 4818.374 -436.424
  1  5  8  9  8  7  3 -2 -6 -5 -4 -2  0 *  1  5  7  8  8  6  3 -4 -9-10 -7 -4 -1	
  1  3  4  5  4  2  0 -2 -3 -3 -2 -1  0 *  0  2  3  3  3  2  0 -2 -4 -4 -3 -3 -1	
 4818.374 -435.939
  1  5  7  8  8  6  2 -3 -5 -4 -3 -2  0 *  2  8 10  9  9  6  1 -6-10 -9 -6 -3  0	
  1  3  4  4  3  2  0 -2 -3 -3 -2 -1  0 *  1  3  4  4  3  2  0 -3 -4 -4 -4 -2 -1	
 4818.374 -435.454
  0  4  7  7  7  5  0 -5 -6 -5 -4 -3 -1 *  4 15 20 20 17 11 -1-11-12-10 -8 -5  0	
  0  3  4  4  3  2  0 -2 -3 -3 -3 -2 -1 *  1  6  9  9  7  4  0 -4 -6 -6 -5 -4 -1	
 4818.374 -434.968
  1  3  5  6  5  3  0 -4 -4 -3 -3 -2  0 *  3 11 16 16 14  8 -2 -9 -8 -6 -5 -3  1	
  0  2  3  3  2  1  0 -2 -2 -2 -2 -1  0 *  1  5  7  7  5  3  0 -3 -4 -4 -3 -2  0	
 4818.696 -436.667
 -2  4  8 10 10  8  4 -2 -7 -7 -7 -5 -3 * -1  5  8  9 10  8  4 -3-11-13-10 -7 -3	
  1  3  5  5  4  3  1 -2 -4 -4 -3 -2 -1 *  0  2  4  4  3  2  0 -2 -4 -5 -4 -3 -2	
 4818.696 -436.182
 -2  4  9 10 10  7  2 -5 -9 -8 -8 -7 -4 *  1 11 16 16 15 10  2 -9-14-13-10 -7 -2	
  0  4  6  6  5  3  0 -3 -4 -5 -4 -3 -2 *  0  5  7  7  6  4  0 -4 -6 -7 -6 -5 -2	
 4818.696 -435.696
  0  5  8  9  8  6  0 -7 -8 -7 -7 -5 -2 *  4 18 26 26 22 14 -1-14-15-13-12 -8 -1	
  0  3  5  5  4  2  0 -3 -4 -4 -4 -3 -2 *  1  7 12 12  9  5  0 -5 -7 -7 -7 -5 -2	
 4818.696 -435.211
  1  5  7  7  7  4 -1 -5 -5 -4 -4 -3  0 *  3 13 19 20 17 10 -2-11 -9 -7 -7 -4  0	
  1  3  4  4  3  2  0 -2 -3 -2 -2 -2 -1 *  1  6  8  8  6  3  0 -4 -5 -4 -4 -3 -1	
 4818.696 -434.725
  0  2  3  4  3  2  0 -3 -2 -2 -2 -2  0 *  2  7 10 10  9  5 -1 -6 -5 -4 -3 -2  0	
  0  1  2  2  2  1  0 -1 -1 -1 -1 -1  0 *  1  3  4  4  3  2  0 -2 -3 -2 -2 -1  0	
 4819.019 -436.424
 -3  4 10 12 12  9  3 -5-10-11-11 -9 -5 * -2  7 12 13 12  9  3 -6-13-14-12 -9 -5	
  0  4  6  6  5  3  0 -3 -5 -5 -5 -4 -2 * -1  3  5  6  5  3  0 -3 -5 -6 -6 -4 -3	
 4819.019 -435.939
 -3  6 12 13 12  9  1 -8-12-12-12-10 -6 *  0 12 19 19 17 11  1-11-15-15-13-10 -4	
 -1  4  7  7  6  3  0 -4 -6 -7 -6 -5 -3 *  0  5  9  9  7  4  1 -4 -7 -7 -7 -6 -3	
 4819.019 -435.454
 -1  6  9 10 10  6 -1 -8 -9 -9 -8 -7 -3 *  3 18 26 26 23 14 -1-15-16-14-13 -9 -2	
  0  4  6  6  5  3  0 -3 -5 -5 -5 -4 -2 *  1  7 12 12 10  6  1 -5 -8 -8 -7 -6 -3	
 4819.342 -436.667
 -5  6 14 16 15 10  1 -9-14-15-15-13 -8 * -4  6 12 14 13  9  1 -8-13-15-14-11 -7	
  0  5  8  8  7  4  0 -4 -6 -7 -7 -6 -3 * -1  3  6  6  5  3  0 -3 -5 -6 -5 -5 -3	
 4819.342 -436.182
 -5  7 16 17 16 11  0-11-16-16-16-13 -9 * -3 10 19 19 17 11  0-12-16-16-15-12 -7	
 -1  5  9 10  8  4  0 -4 -8 -8 -8 -7 -4 * -1  5  9  9  7  4  1 -4 -7 -7 -7 -6 -4	
 4819.342 -435.696
 -2  7 13 14 13  8  0-10-13-12-12-10 -6 *  1 16 25 25 22 14 -1-14-16-15-14-10 -4	
 -1  5  8  8  6  4  0 -4 -6 -7 -7 -6 -4 *  0  7 11 12 10  6  1 -5 -8 -8 -8 -7 -4	
 4819.665 -436.424
 -5  6 15 17 15 10  0-10-15-15-15-13 -8 * -4  6 13 15 13  9  0 -9-13-14-14-11 -7	
 -1  5  8  9  7  4  0 -4 -7 -7 -7 -6 -3 * -1  3  6  6  5  3  0 -3 -5 -6 -5 -5 -3	
 4819.665 -435.939
 -5  7 16 18 16 11  0-12-17-17-16-14 -9 * -4  9 18 19 17 11  0-11-16-16-16-13 -7	
 -1  6 10 10  8  4  0 -5 -8 -9 -8 -7 -4 * -1  5  8  9  7  4  1 -3 -6 -7 -7 -6 -4	
 4819.988 -436.667
 -4  6 14 16 14  9  0-10-13-14-13-11 -7 * -3  6 12 13 11  7 -1 -8-11-12-11-10 -6	
  0  5  8  8  6  3  0 -4 -6 -6 -6 -5 -3 *  0  3  5  5  4  2  0 -2 -4 -4 -4 -4 -2	
 4823.267 -424.046
 -7  2 14 18 14  7  0 -7 -9-10-10-10 -8 * -4  1  7  8  7  4  0 -4 -6 -6 -6 -6 -5	
 -2  4  7  8  6  4  1 -3 -5 -6 -6 -6 -4 * -1  2  3  4  3  2  0 -1 -2 -3 -3 -3 -2	
 4823.428 -423.642
 -5  1  9 12  9  5  0 -4 -6 -7 -7 -6 -5 * -3  1  6  9  8  4  0 -3 -5 -5 -5 -4 -3	
 -1  2  5  5  4  2  1 -2 -3 -4 -4 -4 -3 * -1  1  3  3  3  2  0 -1 -2 -2 -2 -2 -2	
 4823.589 -423.237
 -4  1  8 10  8  4  0 -4 -5 -6 -6 -6 -5 * -3  0  5  7  5  3  0 -2 -3 -4 -4 -4 -3	
 -1  2  4  5  4  2  1 -1 -3 -3 -3 -3 -3 * -1  1  2  2  2  1  0 -1 -1 -2 -2 -2 -1	
 4823.696 -422.833
 -5  1  9 13 10  5  0 -5 -6 -7 -7 -6 -5 * -1  0  2  3  2  1  0 -1 -2 -2 -2 -2 -1	
 -2  2  5  6  5  3  1 -2 -3 -4 -4 -4 -3 *  0  0  1  1  1  0  0  0 -1 -1 -1 -1 -1	
 4823.750 -422.347
 -4  0  7  9  7  3  0 -3 -4 -5 -5 -5 -4 * -2  0  4  5  4  2  0 -2 -2 -3 -3 -2 -2	
 -1  2  3  4  3  2  0 -1 -2 -3 -3 -3 -2 *  0  1  1  2  1  1  0  0 -1 -1 -1 -1 -1	
 4824.019 -422.024
 -2  0  4  6  5  2  0 -2 -3 -3 -3 -2 -2 * -5  0  9 12 10  5  0 -4 -6 -7 -7 -6 -5	
 -1  1  2  2  2  1  0 -1 -1 -2 -2 -2 -1 * -1  2  4  4  4  2  0 -1 -3 -3 -3 -3 -2	
 4824.287 -421.538
 -4  0  6  8  6  3  0 -3 -4 -5 -5 -5 -4 *  0  0  1  2  2  1  0  0 -1 -1 -1 -1  0	
 -1  2  3  4  3  2  0 -1 -2 -3 -3 -3 -2 *  0  0  1  1  0  0  0  0  0  0  0  0  0	
 4824.287 -421.053
 -6  0  9 11  8  4  0 -3 -5 -6 -6 -7 -6 *  1  0 -1 -2 -1  0  0  0  0  0  0  1  1	
 -2  2  4  5  4  2  1 -1 -3 -3 -3 -3 -3 *  0  0  0  0  0  0  0  0  0  0  0  0  0	
 4824.448 -420.648
 -4  0  5  6  4  2  0 -2 -3 -3 -4 -4 -4 * -6  0 10 10  7  3  0 -3 -4 -5 -6 -6 -6	
 -1  1  3  3  2  1  0 -1 -1 -2 -2 -2 -2 * -1  2  3  3  3  1  0 -1 -2 -2 -3 -3 -2	
 4824.663 -420.325
 -3  0  5  5  3  2  0 -1 -2 -3 -3 -3 -3 * -3  0  5  5  4  2  0 -1 -2 -2 -3 -3 -3	
 -1  1  2  2  2  1  0 -1 -1 -1 -2 -2 -1 * -1  1  2  2  1  1  0  0 -1 -1 -1 -1 -1	
 4816.759 -424.532
  0  1  1  0  0 -1 -1 -1 -1 -1 -1 -1  0 *  0 -2 -2 -1  0  0  1  2  2  2  2  2  1	
  0  1  0  0  0  0  0  0  0  0  0  0  0 *  0 -1 -1  0  0  0  0  0  1  1  0  0  0	
 4816.759 -424.046
 -1  2  3  2  0 -1 -2 -3 -3 -2 -2 -2 -2 *  1 -1 -2 -2 -1  0  1  1  1  1  1  1  1	
  0  1  1  1  0  0 -1 -1 -1 -1 -1 -1  0 *  0 -1 -1 -1  0  0  0  0  1  1  1  0  0	
 4816.759 -423.561
 -1  2  4  3  1  0 -2 -3 -3 -3 -3 -3 -2 *  0 -1 -1 -1 -1 -1  0  0  1  1  1  1  0	
  0  2  2  1  1  0 -1 -1 -2 -1 -1 -1 -1 *  0  0 -1 -1  0  0  0  0  0  0  0  0  0	
 4816.759 -423.075
 -1  2  4  4  2  0 -2 -3 -3 -3 -3 -3 -2 *  0  0  0  0 -1 -1 -1 -1  0  0  0  0  0	
  0  2  2  2  1  0 -1 -1 -2 -2 -1 -1 -1 *  0  0  0  0  0  0  0  0  0  0  0  0  0	
 4816.759 -422.590
 -1  2  4  4  3  1 -1 -3 -3 -3 -3 -3 -2 *  0  1  1  1  1  0 -1 -1 -1 -1 -1 -1 -1	
  0  2  2  2  1  0 -1 -1 -1 -1 -1 -1 -1 *  0  0  0  0  0  0  0  0  0  0  0  0  0	
 4816.759 -422.105
  0  1  2  2  1  0 -1 -1 -1 -1 -2 -1 -1 *  0  0  0  0  0  0  0 -1  0  0  0  0  0	
  0  1  1  1  0  0  0 -1 -1 -1 -1 -1  0 *  0  0  0  0  0  0  0  0  0  0  0  0  0	
 4817.082 -430.114
  0 -1 -1 -1 -1  0  0  0  0  1  1  1  1 *  0 -1 -1 -1  0  0  0  0  1  1  1  1  1	
  0  0  0  0  0  0  0  0  0  0  0  0  0 *  0  0  0  0  0  0  0  0  0  0  0  0  0	
 4817.082 -429.629
  0  0  0  0 -1  0  0  0  0  0  0  0  0 *  0 -1 -1 -1 -1  0  0  0  1  1  1  1  0	
  0  0  0  0  0  0  0  0  0  0  0  0  0 *  0  0  0  0  0  0  0  0  0  0  0  0  0	
 4817.082 -424.774
  0  1  0  0 -1 -1 -1 -2 -1 -1 -1 -1 -1 *  1 -3 -4 -1  0  1  3  4  4  4  4  4  2	
  0  1  0  0  0  0  0 -1 -1  0  0  0  0 *  0 -2 -1 -1  0  0  1  1  1  1  1  1  0	
 4817.082 -424.289
  0  1  1  1  0 -1 -2 -3 -3 -2 -2 -2 -1 *  2 -3 -6 -5 -3 -1  2  4  4  4  4  4  3	
  0  1  1  1  0  0 -1 -1 -1 -1 -1 -1  0 *  0 -2 -3 -2 -1  0  1  1  2  2  2  2  1	
 4817.082 -423.804
 -1  2  3  2  1  0 -2 -4 -4 -4 -3 -3 -2 *  1 -2 -4 -4 -4 -2  0  2  2  3  3  3  2	
  0  2  2  1  1  0 -1 -2 -2 -2 -2 -2 -1 *  0 -1 -2 -2 -1 -1  0  1  1  1  1  1  1	
 4817.082 -423.318
 -2  3  5  4  3  1 -2 -4 -5 -5 -5 -4 -3 *  1 -2 -4 -4 -3 -3 -1  1  2  2  2  2  2	
  0  2  3  2  1  0 -1 -2 -3 -3 -2 -2 -1 *  0 -1 -1 -1 -1 -1  0  0  1  1  1  1  1	
 4817.082 -422.833
 -2  3  7  6  4  2 -2 -4 -5 -5 -5 -5 -3 *  0  0  0 -1 -1 -1 -1 -1  0  0  0  0  0	
  0  2  4  3  2  1 -1 -2 -3 -3 -3 -2 -2 *  0  0  0  0  0  0  0  0  0  0  0  0  0	
 4817.082 -422.347
 -2  3  6  5  4  2 -1 -4 -4 -4 -4 -4 -3 *  0  0  1  1  0  0 -1 -1 -1 -1 -1 -1 -1	
  0  2  3  3  2  1  0 -2 -2 -2 -2 -2 -1 *  0  0  0  0  0  0  0  0  0  0  0  0  0	
 4817.082 -421.862
 -1  2  5  5  4  2 -1 -3 -3 -3 -3 -3 -2 * -1  1  2  2  2  1 -1 -2 -2 -2 -2 -1 -1	
  0  2  3  2  1  1  0 -1 -2 -2 -1 -1 -1 *  0  1  1  1  0  0  0 -1 -1 -1 -1 -1  0	
 4817.082 -417.008
  0  0 -1 -1  0  0  0  0  0  0  0  0  0 *  3 -1 -5 -5 -4 -3  0  2  3  3  3  3  3	
  0  0  0  0  0  0  0  0  0  0  0  0  0 *  1 -1 -2 -2 -1 -1  0  1  1  1  1  1  1	
 4817.405 -431.813
  0  1  1  0  0  0  0  0  0  0  0  0  0 *  1 -3 -3 -2 -1 -1  0  1  1  2  2  2  2	
  0  0  0  0  0  0  0  0  0  0  0  0  0 *  0 -1 -1 -1 -1  0  0  0  1  1  1  1  0	
 4817.405 -430.357
  0  0 -1 -1 -1 -1  0  0  0  0  0  0  0 *  0 -1 -1  0  0  0  0  0  1  1  1  0  0	
  0  0  0  0  0  0  0  0  0  0  0  0  0 *  0  0  0  0  0  0  0  0  0  0  0  0  0	
 4817.405 -429.871
  0  0 -1 -1 -1 -1 -1  0  0  0  0  0  0 *  0 -1 -2 -1 -1  0  1  1  1  1  1  1  1	
  0  0  0 -1 -1  0  0  0  0  0  0  0  0 *  0 -1 -1  0  0  0  0  0  1  1  1  0  0	
 4817.405 -429.386
  0  0  0 -1 -1 -1 -1 -1  0  0  0  0  0 *  0 -1 -2 -2 -2 -1  0  1  1  1  1  1  1	
  0  0  0  0 -1 -1  0  0  0  0  0  0  0 *  0 -1 -1 -1 -1  0  0  0  1  1  1  1  0	
 4817.405 -428.901
  0  1  1  0  0  0 -1 -1 -1 -1  0  0  0 *  0 -1 -1 -2 -1 -1  0  0  1  1  1  1  0	
  0  1  1  0  0 -1 -1 -1 -1  0  0  0  0 *  0  0 -1 -1 -1  0  0  0  0  0  0  0  0	
 4817.405 -428.415
  0  1  1  1  1  0  0 -1 -1 -1  0  0  0 *  0  0  0  0  0  0  0  0  0  0  0  0  0	
  0  1  1  0  0  0  0 -1  0  0  0  0  0 *  0  0  0  0  0  0  0  0  0  0  0  0  0	
 4817.405 -424.532
  0  2  2  2  1  0 -2 -4 -3 -3 -2 -2 -1 *  2 -6 -8 -6 -4 -1  4  7  7  7  7  7  4	
  0  1  1  1  1  0 -1 -1 -2 -1 -1 -1  0 *  0 -3 -4 -3 -1  0  1  3  3  3  3  3  1	
 4817.405 -424.046
 -1  4  5  5  4  2 -2 -5 -5 -5 -5 -4 -3 *  2 -5 -9 -8 -6 -4  1  4  5  6  6  6  4	
  0  3  3  3  2  1 -1 -2 -3 -3 -2 -2 -1 *  0 -2 -4 -3 -2 -1  0  2  3  3  3  2  2	
 4817.405 -423.561
 -1  3  6  5  4  2 -1 -4 -5 -4 -4 -4 -3 *  2 -3 -7 -7 -6 -4 -1  2  4  4  4  4  3	
  0  2  3  3  2  1  0 -2 -2 -3 -2 -2 -1 *  1 -1 -3 -3 -2 -1  0  1  2  2  2  2  1	
 4817.405 -423.075
 -2  4  6  6  5  3 -1 -5 -5 -5 -5 -5 -3 *  1 -2 -4 -4 -4 -3 -2  0  2  2  2  3  2	
  0  3  4  3  2  1  0 -2 -3 -3 -3 -3 -2 *  0 -1 -2 -2 -2 -1 -1  0  1  1  1  1  1	
 4817.405 -422.590
 -2  3  5  5  4  2 -1 -4 -5 -5 -5 -5 -3 *  0  0 -1 -2 -2 -2 -1 -1  0  0  0  0  0	
  0  2  4  3  2  1  0 -2 -3 -3 -3 -3 -2 *  0  0  0 -1 -1 -1  0  0  0  0  0  0  0	
 4817.405 -422.105
 -2  3  6  6  4  2 -1 -4 -5 -5 -5 -5 -3 * -1  0  1  1  0  0 -1 -2 -2 -2 -2 -2 -1	
 -1  2  4  3  2  1  0 -2 -3 -3 -3 -3 -2 *  0  1  1  1  0  0  0 -1 -1 -1 -1 -1  0	
 4817.405 -421.619
 -2  3  6  6  5  3 -1 -4 -5 -5 -5 -4 -3 * -1  1  3  3  2  1 -1 -2 -2 -2 -2 -2 -2	
  0  2  4  3  2  1  0 -2 -3 -3 -2 -2 -1 *  0  1  2  1  1  0  0 -1 -1 -1 -1 -1 -1	
 4817.405 -421.134
 -2  3  6  6  5  3 -1 -5 -5 -4 -5 -4 -3 *  0  1  2  2  2  1  0 -1 -1 -1 -1 -1 -1	
  0  3  4  3  2  1 -1 -2 -3 -2 -2 -2 -1 *  0  1  1  1  0  0  0  0 -1  0  0  0  0	
 4817.405 -420.648
 -1  3  6  5  4  2 -1 -4 -4 -4 -4 -3 -2 *  0  0  0  0  0  0  0 -1 -1  0  0  0  0	
  0  2  3  2  2  1  0 -2 -2 -2 -2 -2 -1 *  0  0  0  0  0  0  0  0  0  0  0  0  0	
 4817.405 -420.163
 -1  3  4  4  2  1 -1 -2 -2 -2 -3 -3 -2 *  0  1  2  2  1  0 -1 -2 -1 -1 -1 -1 -1	
  0  2  2  2  1  0  0 -1 -1 -1 -1 -1 -1 *  0  1  1  1  0  0  0 -1 -1  0  0  0  0	
 4817.728 -432.541
  0  1  1  1  0  0  0  0  0  0  0 -1 -1 *  1 -2 -2 -2 -1 -1  0  1  1  1  2  2  2	
  0  0  0  0  0  0  0  0  0  0  0  0  0 *  0 -1 -1 -1  0  0  0  0  0  1  1  1  0	
 4817.728 -432.056
  0  0  0  0  0  0  0  0  0  0  0  0  0 *  1 -4 -4 -3 -2 -1  0  1  2  3  3  4  3	
  0  0  0  0  0  0  0  0  0  0  0  0  0 *  0 -1 -2 -1 -1 -1  0  1  1  1  1  1  1	
 4817.728 -430.114
  0 -1 -1 -1 -1 -1  0  0  1  1  1  1  0 *  0 -1 -1 -1  0  0  1  2  2  2  2  1  1	
  0  0 -1 -1 -1  0  0  0  0  0  0  0  0 *  0 -1 -1  0  0  0  0  1  1  1  1  0  0	
 4817.728 -429.629
  0 -1 -1 -1 -1 -1  0  0  0  0  1  1  1 *  0 -3 -4 -3 -2 -1  1  2  3  3  3  2  1	
  0  0 -1 -1 -1 -1  0  0  0  0  0  0  0 *  0 -1 -2 -1 -1  0  0  1  1  1  1  1  0	
 4817.728 -429.143
  0  0  0  0  0  0  0 -1 -1 -1  0  0  0 *  0 -3 -5 -5 -4 -3  0  2  3  3  3  3  2	
  0  0  0  0  0  0  0 -1  0  0  0  0  0 *  0 -1 -2 -2 -1 -1  0  1  1  1  1  1  1	
 4817.728 -428.658
  0  2  3  2  2  2  0 -1 -2 -2 -1 -1  0 *  0 -2 -4 -4 -4 -3 -1  1  1  1  2  2  1	
  0  1  2  1  0  0  0 -1 -1 -1 -1 -1  0 *  0 -1 -2 -2 -1 -1  0  0  1  1  1  1  1	
 4817.728 -428.172
  0  3  4  4  4  3  1 -1 -2 -2 -1 -1  0 *  0  0 -1 -1 -1 -1  0  0 -1  0  0  0  0	
  0  2  2  2  1  1  0 -1 -1 -1 -1 -1  0 *  0  0  0  0 -1  0  0  0  0  0  0  0  0	
 4817.728 -427.687
  1  3  5  6  6  5  1 -2 -2 -1 -1 -1  0 *  0  1  2  2  2  2  0  0  0  0  0  0  0	
  0  2  2  2  1  1  0 -1 -1 -1 -1 -1  0 *  0  0  0  0  0  0  0  0  0  0  0  0  0	
 4817.728 -426.716
  1  4  5  6  5  4  0 -4 -4 -3 -2 -2  0 *  0 -1 -2 -2 -1 -1  0  1  1  1  1  1  0	
  1  2  3  2  2  1  0 -1 -2 -2 -1 -1  0 *  0 -1 -1 -1  0  0  0  0  1  0  0  0  0	
 4817.728 -426.231
  1  6  8  9  8  6  0 -6 -5 -3 -3 -3 -1 *  0 -1 -1 -1 -1 -1  0  1  0  1  1  1  0	
  1  4  4  4  3  1 -1 -2 -3 -2 -2 -2  0 *  0  0 -1 -1  0  0  0  0  0  0  0  0  0	
 4817.728 -425.745
  0  6  9 10  9  6 -1 -5 -5 -4 -4 -3 -2 *  0  0 -1 -1 -1  0  0  0  0  1  0  0  0	
  1  4  5  4  3  1 -1 -2 -3 -3 -2 -2 -1 *  0  0  0  0  0  0  0  0  0  0  0  0  0	
 4817.728 -425.260
  0  6 11 11 10  6 -2 -7 -7 -6 -5 -4 -2 *  0  1  2  2  1  1  1  2  3  2  1  1  0	
  1  4  6  5  3  1 -1 -3 -4 -3 -3 -3 -1 *  0  0  0  0  0  0  0  0  0  0  0  0  0	
 4817.728 -424.774
 -1  5  8  9  7  4 -1 -6 -6 -5 -5 -4 -2 *  1 -5 -6 -5 -3  0  4  8  8  7  7  6  3	
  0  3  5  4  3  1 -1 -2 -3 -3 -3 -3 -1 *  0 -3 -3 -2 -1  0  1  2  3  3  3  2  1	
 4817.728 -424.289
 -1  4  8  8  7  4 -1 -5 -6 -5 -5 -4 -2 *  2 -3 -7 -7 -5 -3  1  4  5  5  5  4  3	
  0  3  4  4  3  2  0 -2 -3 -3 -3 -2 -2 *  0 -2 -3 -3 -2 -1  0  2  2  2  2  2  1	
 4817.728 -423.804
 -1  4  8  8  7  4  0 -4 -5 -5 -4 -4 -2 *  2 -2 -5 -6 -5 -4 -1  2  3  3  4  3  3	
  0  2  4  4  3  2  0 -2 -3 -3 -3 -3 -2 *  1 -1 -2 -2 -2 -1  0  1  1  2  2  2  1	
 4817.728 -423.318
 -1  4  9  9  8  5  0 -5 -6 -5 -5 -4 -3 *  1 -2 -4 -4 -4 -3 -1  1  2  2  3  3  2	
 -1  3  5  5  4  2  0 -2 -3 -3 -3 -3 -2 *  1 -1 -2 -2 -2 -1 -1  0  1  1  1  1  1	
 4817.728 -422.833
 -1  5  9  9  8  5  0 -5 -6 -6 -6 -5 -3 *  2 -2 -3 -3 -3 -3 -1  0  2  2  3  3  2	
 -1  3  5  5  4  2  0 -2 -3 -4 -4 -3 -2 *  0 -1 -1 -2 -1 -1 -1  0  1  1  1  1  1	
 4817.728 -422.347
 -2  4  9  8  7  5  0 -5 -6 -6 -6 -6 -4 *  2 -2 -4 -3 -3 -2 -1  0  1  1  2  3  3	
 -1  3  5  5  3  2  0 -2 -3 -4 -4 -4 -2 *  0 -1 -1 -1 -1 -1  0  0  0  1  1  1  1	
 4817.728 -421.862
 -2  3  6  6  5  4  0 -4 -6 -6 -6 -5 -4 * -1  0  1  1  1  0 -1 -1 -2 -2 -2 -2 -1	
 -1  3  4  4  3  2  0 -2 -3 -4 -4 -3 -2 *  0  0  1  1  0  0  0 -1 -1 -1 -1 -1 -1	
 4817.728 -421.376
 -2  3  6  5  5  3  0 -4 -5 -5 -5 -4 -3 * -1  0  2  2  2  1  0 -1 -2 -2 -2 -1 -1	
 -1  2  4  3  3  1  0 -2 -3 -3 -3 -3 -2 *  0  1  1  1  1  0  0 -1 -1 -1 -1 -1 -1	
 4817.728 -420.891
 -2  3  7  6  5  3  0 -4 -5 -5 -5 -5 -3 *  0  0  1  1  1  1  0 -1 -1 -1 -1 -1  0	
 -1  3  4  4  3  2  0 -2 -3 -3 -3 -3 -2 *  0  0  1  1  0  0  0  0 -1  0  0  0  0	
 4817.728 -420.406
 -3  3  7  6  5  3 -1 -4 -5 -5 -5 -5 -4 *  0  1  1  1  1  0 -1 -1 -1 -1 -1  0  0	
 -1  3  4  4  3  1  0 -2 -3 -3 -3 -3 -2 *  0  1  1  0  0  0  0  0 -1  0  0  0  0	
 4817.728 -419.920
 -3  4  8  7  5  3 -1 -5 -5 -5 -6 -6 -5 *  0  1  1  1  1  1 -1 -2 -1 -1 -1 -1  0	
 -1  3  5  4  3  1  0 -2 -3 -3 -3 -3 -2 *  0  1  1  1  0  0  0 -1 -1 -1  0  0  0	
 4817.728 -419.435
 -3  3  8  6  5  3 -1 -4 -5 -5 -5 -5 -5 * -1  1  2  2  1  1 -1 -2 -2 -2 -2 -2 -2	
  0  3  4  3  2  1  0 -2 -2 -3 -3 -3 -2 *  0  1  1  1  1  0  0 -1 -1 -1 -1 -1  0	
 4817.728 -418.949
 -1  2  4  3  2  1 -1 -2 -2 -2 -2 -2 -2 * -1  1  2  2  1  1 -1 -1 -1 -1 -1 -1 -1	
  0  1  2  1  1  0  0 -1 -1 -1 -1 -1 -1 *  0  1  1  1  0  0  0  0  0  0  0  0  0	
 4817.728 -415.552
  0  1  2  2  1  1  0 -1 -1 -1 -1 -1  0 *  2 -2 -6 -6 -5 -3  0  3  4  4  4  4  3	
  0  1  1  1  1  0  0  0 -1 -1 -1 -1  0 *  1 -2 -3 -3 -2 -1  0  1  2  2  2  2  1	
 4817.728 -415.066
 -1  0  2  1  1  1  0  0 -1 -1 -1 -1 -1 *  4 -1 -7 -6 -4 -2  0  2  3  3  4  4  4	
  0  0  1  1  0  0  0  0  0  0  0  0  0 *  1 -1 -2 -2 -1 -1  0  1  1  1  1  1  1	
 4818.051 -432.784
  0 -1 -1 -1 -1  0  0  0  1  1  1  1  1 *  1 -4 -4 -3 -2 -2  0  1  2  2  3  3  3	
  0  0 -1  0  0  0  0  0  0  0  0  0  0 *  0 -1 -1 -1 -1 -1  0  0  1  1  1  1  1	
 4818.051 -432.298
 -1  1  1  0  0  0  0  0  0  0 -1 -1 -1 *  1 -2 -2 -1 -1  0  0  1  1  1  2  2  2	
  0  0  0  0  0  0  0  0  0  0  0  0  0 *  0  0 -1  0  0  0  0  0  0  0  1  1  0	
 4818.051 -431.813
  0 -2 -3 -3 -2 -1  0  1  2  2  2  2  1 *  1 -3 -3 -3 -2 -1  0  1  2  2  3  3  2	
  0 -1 -2 -2 -1 -1  0  1  1  1  1  1  1 *  0 -1 -1 -1 -1  0  0  0  1  1  1  1  1	
 4818.051 -431.328
  0 -2 -3 -2 -1 -1  0  1  2  2  2  2  2 *  1 -5 -5 -4 -3 -2  0  2  3  3  4  4  3	
  0 -1 -1 -1 -1  0  0  0  1  1  1  1  1 *  0 -1 -2 -2 -1 -1  0  1  1  1  2  1  1	
 4818.051 -429.871
  0 -3 -3 -2 -1  0  1  2  2  2  2  2  1 *  0 -3 -2 -1 -1  0  1  3  3  3  3  2  1	
  0 -1 -1 -1  0  0  0  1  1  1  1  1  0 *  0 -1 -1 -1  0  0  1  1  1  1  1  1  0	
 4818.051 -429.386
  0  0 -1 -1  0  0  0  0  0  0  0  1  0 *  1 -5 -7 -6 -6 -3  1  4  5  5  5  4  2	
  0  0 -1 -1  0  0  0  0  0  0  0  0  0 *  0 -2 -3 -2 -1 -1  0  2  2  2  2  2  1	
 4818.051 -428.901
 -1  2  4  4  4  2  0 -2 -3 -4 -3 -3 -2 *  1 -3 -6 -6 -6 -4 -1  2  3  4  3  3  2	
  0  2  2  2  1  1  0 -1 -2 -2 -2 -2 -1 *  0 -2 -3 -3 -2 -1  0  1  2  2  2  2  1	
 4818.051 -428.415
 -1  3  6  7  7  4  1 -2 -4 -5 -4 -4 -2 *  0 -2 -4 -5 -5 -4 -2  1  2  2  2  2  1	
  0  2  4  3  3  2  0 -1 -2 -3 -3 -2 -1 *  0 -1 -2 -2 -2 -1 -1  0  1  1  1  1  0	
 4818.051 -427.930
 -1  4  8 10 10  7  3 -2 -5 -6 -5 -4 -3 *  0 -1 -2 -3 -3 -3 -2  0  1  1  1  1  0	
  0  3  5  5  4  3  1 -1 -3 -3 -3 -3 -2 *  0  0 -1 -1 -1 -1  0  0  0  0  0  0  0	
 4818.051 -427.444
 -2  5 11 13 13 11  5 -3 -7 -7 -6 -5 -3 *  0 -1 -2 -2 -2 -2  0  1  2  1  1  1  1	
  0  3  6  6  5  4  1 -2 -3 -4 -3 -3 -2 *  0  0 -1 -1 -1  0  0  0  0  1  0  0  0	
 4818.051 -426.959
 -2  6 12 15 15 13  6 -4 -8 -7 -7 -6 -4 *  0 -1 -2 -2 -1 -1  1  2  2  1  2  1  1	
  0  4  7  7  6  4  1 -2 -4 -4 -4 -3 -2 *  0 -1 -1 -1  0  0  0  1  1  1  1  1  0	
 4818.051 -426.473
 -2  5 12 14 14 12  5 -4 -8 -7 -7 -6 -4 *  0 -1 -1 -1 -1  0  1  2  1  1  1  1  1	
  0  4  6  6  5  4  1 -2 -4 -4 -4 -4 -2 *  0 -1 -1 -1  0  0  0  1  1  0  0  0  0	
 4818.051 -425.988
 -3  6 13 15 15 12  4 -6-10 -9 -9 -8 -6 *  1 -1 -1 -1  0  1  1  1  1  2  2  2  1	
 -1  4  7  7  6  4  1 -3 -5 -5 -5 -4 -3 *  0  0 -1 -1  0  0  0  0  1  1  1  1  1	
 4818.051 -425.503
 -4  6 14 15 14 11  2 -8-11-11-11-10 -7 *  1 -1 -2 -1  0  1  1  2  3  3  2  2  2	
 -1  4  8  8  6  4  1 -3 -5 -6 -6 -5 -4 *  0  0 -1 -1  0  0  0  0  1  1  1  1  1	
 4818.051 -425.017
 -5  5 13 14 13  9  1 -7-10-10-10 -9 -7 *  1 -1 -2 -2 -1  0  2  3  4  3  3  2  1	
 -1  4  7  7  6  3  0 -3 -5 -6 -6 -5 -4 *  0 -1 -1 -1 -1  0  0  1  1  1  1  1  1	
 4818.051 -424.532
 -4  4 11 12 11  8  1 -5 -8 -8 -8 -7 -5 *  1 -2 -3 -3 -2 -1  1  3  3  3  3  2  1	
 -1  3  6  6  5  3  1 -2 -4 -5 -5 -4 -3 *  0 -1 -2 -2 -1 -1  0  1  1  1  1  1  1	
 4818.051 -424.046
 -4  4 11 12 10  7  2 -4 -7 -7 -8 -7 -5 *  1 -1 -3 -4 -3 -2  0  1  2  2  2  2  2	
 -1  3  6  6  5  3  1 -2 -4 -4 -4 -4 -3 *  0 -1 -1 -2 -1 -1  0  1  1  1  1  1  1	
 4818.051 -423.561
 -5  4 13 14 12  8  2 -5 -8 -8 -9 -9 -7 *  1  0 -1 -2 -2 -2 -1  0  1  1  1  1  1	
 -2  3  7  7  6  4  1 -2 -4 -5 -5 -5 -3 *  0  0 -1 -1 -1 -1  0  0  0  1  1  1  1	
 4818.051 -423.075
 -5  4 12 13 11  7  2 -4 -7 -8 -8 -8 -6 * -1  0  2  1  0  0 -1 -1  0  0 -1 -1 -1	
 -1  3  6  6  5  3  1 -2 -4 -4 -5 -4 -3 *  0  0  0  0  0  0  0  0  0  0  0  0  0	
 4818.051 -422.590
 -4  4 11 12 10  7  2 -4 -7 -8 -8 -7 -6 *  0  1  2  2  1  0  0 -1 -1  0  0  0  0	
 -1  3  6  6  5  3  1 -2 -4 -4 -4 -4 -3 *  0  0  1  1  0  0  0  0  0  0  0  0  0	
 4818.051 -422.105
 -5  4 11 11 10  7  1 -5 -8 -8 -9 -9 -7 *  1  0  0  1  1  0  0  0  0  0  1  1  1	
 -2  3  6  6  5  3  1 -2 -4 -5 -5 -5 -4 *  0  0  0  0  0  0  0  0  0  0  0  0  0	
 4818.051 -421.619
 -4  3  8  8  7  5  1 -4 -6 -6 -7 -6 -5 *  0 -1  0  1  1  0  0 -1 -1 -1 -1 -1  0	
 -1  2  5  5  4  2  1 -1 -3 -3 -4 -3 -3 *  0  0  0  0  0  0  0  0  0  0  0  0  0	
 4818.051 -421.134
 -3  3  8  8  6  4  1 -4 -6 -6 -6 -6 -5 * -1  0  1  1  1  1  0 -1 -1 -1 -2 -1 -1	
 -1  2  4  4  3  2  1 -1 -3 -3 -3 -3 -2 *  0  0  1  1  1  0  0  0 -1 -1 -1 -1 -1	
 4818.051 -420.648
 -3  3  8  8  6  4  0 -4 -6 -6 -6 -5 -4 * -1  1  2  2  1  1  0 -1 -1 -1 -1 -1 -1	
 -1  2  5  4  3  2  0 -2 -3 -4 -4 -3 -2 *  0  1  1  1  1  0  0  0 -1 -1 -1  0  0	
 4818.051 -420.163
 -3  4  8  7  6  4  0 -4 -6 -5 -6 -5 -4 *  1  0  1  1  1  0  0 -1 -1  0  0  1  1	
 -1  3  5  4  3  2  0 -2 -3 -4 -4 -3 -2 *  0  0  0  0  0  0  0  0  0  0  0  0  0	
 4818.051 -419.678
 -4  3  8  7  6  4  0 -4 -6 -6 -6 -6 -5 *  1  0 -1  0  0  0 -1 -1 -1  0  1  1  2	
 -1  3  5  4  3  2  0 -2 -3 -4 -4 -4 -3 *  0  0  0  0  0  0  0  0  0  0  0  0  0	
 4818.051 -419.192
 -4  3  9  7  6  4  0 -5 -6 -7 -7 -7 -6 *  0  0  0  0  0  0  0 -1 -1 -1 -1 -1  0	
 -1  3  5  5  4  2  0 -2 -3 -4 -4 -4 -3 *  0  0  1  0  0  0  0  0 -1  0  0  0  0	
 4818.051 -418.707
 -4  3  9  8  7  4  0 -5 -7 -7 -7 -7 -5 * -1  1  3  2  2  1  0 -1 -1 -1 -2 -2 -1	
 -1  3  5  5  4  2  0 -2 -4 -4 -4 -4 -3 *  0  1  1  1  1  0  0  0 -1 -1 -1 -1 -1	
 4818.051 -418.221
 -4  3  8  8  6  4  0 -4 -6 -6 -6 -6 -4 *  0  0 -1 -1 -1  0  0  0  0  0  0  1  0	
 -1  2  5  4  3  2  0 -2 -3 -3 -4 -3 -2 *  0  0  0  0  0  0  0  0  0  0  0  0  0	
 4818.051 -417.736
 -4  2  8  8  6  4  0 -4 -5 -5 -5 -5 -4 *  1 -1 -1 -1 -1  0  0  0  0  0  0  1  1	
 -1  2  4  4  3  2  0 -1 -3 -3 -3 -3 -2 *  0  0  0  0  0  0  0  0  0  0  0  0  0	
 4818.051 -417.251
 -4  3  9  8  6  4  0 -4 -5 -5 -5 -5 -5 *  0  0  0  0  0  0  0  0  0  0  0  0  0	
 -1  2  4  4  3  2  0 -1 -3 -3 -3 -3 -2 *  0  0  0  0  0  0  0  0  0  0  0  0  0	
 4818.051 -416.765
 -4  3 10  9  6  4  0 -4 -5 -5 -6 -6 -5 *  1  0 -1 -1 -1  0  0  1  1  1  1  1  1	
 -1  2  5  4  3  2  0 -2 -3 -3 -3 -3 -2 *  0  0 -1  0  0  0  0  0  0  0  1  0  0	
 4818.051 -416.280
 -4  2  8  7  6  4  0 -3 -5 -5 -5 -5 -5 *  1  0 -1 -1 -1 -1  0  1  1  1  1  1  1	
 -1  2  4  4  3  2  0 -1 -3 -3 -3 -3 -2 *  0  0 -1 -1 -1  0  0  0  0  0  0  0  0	
 4818.051 -415.794
 -3  2  7  6  4  3  0 -2 -3 -4 -4 -4 -4 *  2 -1 -5 -4 -3 -2  0  2  2  2  3  3  2	
 -1  1  3  3  2  1  0 -1 -2 -2 -2 -2 -2 *  0 -1 -2 -1 -1 -1  0  1  1  1  1  1  1	
 4818.051 -415.309
 -2  1  4  3  2  2  0 -1 -2 -2 -2 -3 -3 *  2 -1 -4 -3 -2 -2  0  1  2  2  2  2  2	
  0  1  2  2  1  1  0 -1 -1 -1 -1 -1 -1 *  0 -1 -1 -1 -1 -1  0  0  1  1  1  1  1	
 4818.374 -432.541
  1 -2 -3 -3 -2 -1  0  1  2  2  2  2  2 *  1 -4 -5 -4 -3 -2  0  2  3  4  4  4  3	
  0 -1 -1 -1 -1 -1  0  0  1  1  1  1  1 *  0 -1 -2 -2 -1 -1  0  1  1  2  2  2  1	
 4818.374 -432.056
  0 -1 -2 -2 -1 -1  0  0  1  1  1  1  1 *  0 -3 -3 -3 -2 -1  0  1  2  2  2  2  1	
  0  0 -1 -1  0  0  0  0  0  0  0  0  0 *  0 -1 -1 -1 -1  0  0  0  1  1  1  1  0	
 4818.374 -431.570
  0  0 -1 -1 -1  0  0  0  0  0  0  0  0 *  0 -3 -4 -3 -3 -2  0  2  2  2  3  2  1	
  0  0  0  0  0  0  0  0  0  0  0  0  0 *  0 -1 -2 -2 -1 -1  0  1  1  1  1  1  1	
 4818.374 -431.085
  0 -1 -2 -2 -2 -1  0  1  1  1  1  1  1 *  1 -3 -4 -4 -3 -1  1  2  3  3  4  3  2	
  0  0 -1 -1 -1  0  0  0  0  1  1  1  0 *  0 -1 -2 -2 -1 -1  0  1  1  1  1  1  1	
 4818.374 -429.629
  0  0 -1  0  0  0  0  0  0  0  0  0  0 *  0 -4 -5 -4 -4 -1  3  5  6  6  6  4  2	
  0  0  0  0  0  0  0  0  0  0  0  0  0 *  0 -2 -2 -1 -1  0  1  2  2  2  2  2  1	
 4818.374 -429.143
 -2  2  5  5  3  0 -1 -2 -3 -4 -4 -4 -3 *  2 -5-10-11 -9 -5 -1  4  7  8  7  6  4	
  0  1  2  2  2  1  0 -1 -2 -2 -2 -2 -1 *  1 -3 -5 -4 -3 -2  0  2  3  4  4  3  2	
 4818.374 -428.658
 -3  3  7  8  6  3  0 -3 -5 -6 -7 -6 -4 *  2 -4 -9-10-10 -8 -4  1  5  6  5  5  3	
 -1  2  4  4  3  2  1 -1 -3 -3 -4 -3 -2 *  1 -2 -4 -5 -4 -3 -1  1  2  3  3  2  2	
 4818.374 -428.172
 -3  3  8 10  9  6  2 -2 -6 -7 -7 -6 -5 *  1 -3 -7 -8 -9 -8 -5  1  4  3  3  3  2	
 -1  2  5  5  5  3  1 -1 -3 -4 -4 -4 -3 *  0 -1 -3 -4 -3 -2 -1  0  1  2  2  1  1	
 4818.374 -427.687
 -3  4 10 12 12 10  5 -2 -7 -8 -8 -7 -5 *  1 -2 -5 -6 -7 -6 -3  2  3  2  2  2  1	
 -1  3  6  7  6  4  2 -1 -4 -4 -5 -4 -3 *  0 -1 -2 -2 -2 -1 -1  0  1  1  1  1  1	
 4818.374 -427.201
 -4  4 12 16 16 13  6 -3 -8 -9 -9 -8 -6 *  1 -1 -2 -3 -3 -3  0  3  3  2  2  2  1	
 -1  3  7  8  7  5  2 -2 -4 -5 -5 -5 -3 *  0 -1 -1 -1 -1  0  0  1  1  1  1  1  0	
 4818.374 -426.716
 -4  4 12 16 16 13  6 -3 -9 -9 -9 -8 -6 *  1 -1 -1 -1  0  0  2  3  2  1  2  1  1	
 -2  3  7  8  7  5  2 -2 -4 -5 -5 -5 -3 *  0  0 -1  0  0  0  0  1  1  1  1  1  0	
 4818.374 -426.231
 -5  4 12 15 15 12  5 -4 -9-10-10 -9 -7 *  1  0 -1  0  1  2  3  3  2  2  2  2  2	
 -2  3  7  7  6  5  2 -2 -4 -5 -5 -5 -4 *  0  0 -1  0  0  0  1  1  1  1  1  1  1	
 4818.374 -425.745
 -6  4 13 15 14 11  4 -5-10-11-11-10 -8 *  2  0 -1  0  1  2  3  3  2  3  3  3  2	
 -2  3  7  8  6  4  1 -2 -5 -6 -6 -6 -4 *  0  0 -1 -1  0  0  1  1  1  1  1  1  1	
 4818.374 -425.260
 -6  5 14 15 14 10  3 -6-11-12-12-11 -9 *  2 -2 -4 -3 -2  0  2  3  4  4  4  4  3	
 -2  4  8  8  7  4  1 -3 -5 -6 -7 -6 -4 *  1 -1 -2 -2 -1 -1  0  1  2  2  2  2  1	
 4818.374 -424.774
 -5  4 12 13 12  8  2 -5 -9-10-10 -9 -7 *  2 -2 -6 -5 -4 -1  1  3  4  4  4  4  3	
 -2  3  7  7  6  4  1 -2 -4 -5 -5 -5 -4 *  1 -1 -2 -2 -2 -1  0  1  2  2  2  2  1	
 4818.374 -424.289
 -6  4 13 14 12  9  2 -5 -9-10-11-10 -8 *  1 -1 -3 -4 -2 -1  0  1  2  2  2  2  1	
 -2  3  7  7  6  4  1 -2 -4 -5 -6 -5 -4 *  0 -1 -1 -1 -1 -1  0  0  1  1  1  1  1	
 4818.374 -423.804
 -5  4 12 13 11  8  2 -4 -8 -9 -9 -9 -7 * -1  1  2  2  1  1  0 -1 -1 -2 -2 -2 -2	
 -2  3  6  7  5  4  1 -2 -4 -5 -5 -5 -4 *  0  0  1  1  1  0  0  0 -1 -1 -1 -1 -1	
 4818.374 -423.318
 -6  4 14 15 13  9  2 -5 -9 -9-10-10 -8 *  0  0  0  0  0 -1  0  0  0  0  1  1  0	
 -2  3  7  7  6  4  1 -2 -4 -5 -5 -5 -4 *  0  0  0  0  0  0  0  0  0  0  0  0  0	
 4818.374 -422.833
 -5  4 12 13 11  7  2 -4 -7 -8 -9 -9 -7 *  0  0  0  0  0  0  0  0  0  1  1  1  1	
 -2  3  6  6  5  3  1 -2 -4 -4 -5 -4 -3 *  0  0  0  0  0  0  0  0  0  0  0  0  0	
 4818.374 -422.347
 -6  5 14 14 12  8  2 -4 -8 -9-10-10 -8 *  0  0 -1  0  0  0  0  0  0  0  0  0  0	
 -2  3  7  7  5  3  1 -2 -4 -5 -5 -5 -4 *  0  0  0  0  0  0  0  0  0  0  0  0  0	
 4818.374 -421.862
 -5  4 12 13 10  7  2 -4 -7 -7 -8 -8 -6 *  0  0  1  1  1  1  0  0 -1 -1 -1 -1  0	
 -1  3  6  6  5  3  1 -1 -3 -4 -4 -4 -3 *  0  0  0  0  0  0  0  0  0  0  0  0  0	
 4818.374 -421.376
 -5  4 11 12 10  6  2 -4 -6 -7 -7 -8 -6 * -2  1  3  3  2  1  0 -1 -2 -2 -2 -2 -2	
 -1  2  5  5  4  3  1 -1 -3 -4 -4 -4 -3 *  0  0  1  1  1  1  0  0 -1 -1 -1 -1 -1	
 4818.374 -420.891
 -5  3 11 11  9  6  1 -4 -6 -7 -7 -8 -7 * -2  1  4  4  3  2  1 -1 -2 -2 -3 -3 -2	
 -1  2  5  5  4  2  1 -1 -3 -4 -4 -4 -3 *  0  1  1  1  1  1  0  0 -1 -1 -1 -1 -1	
 4818.374 -420.406
 -5  3 11 10  8  5  1 -4 -6 -6 -7 -7 -6 * -2  1  4  4  3  2  0 -1 -2 -2 -2 -3 -2	
 -1  2  5  5  4  2  1 -2 -3 -4 -4 -4 -3 *  0  1  1  1  1  0  0  0 -1 -1 -1 -1 -1	
 4818.374 -419.920
 -4  4 10  9  8  5  1 -4 -6 -6 -6 -6 -5 *  0  1  2  2  1  1  0 -1 -1 -1 -1  0  0	
 -1  3  5  5  4  2  1 -2 -3 -4 -4 -4 -3 *  0  0  1  1  0  0  0  0  0  0  0  0  0	
 4818.374 -419.435
 -3  4 10  9  8  5  1 -4 -6 -6 -6 -5 -4 *  3 -1 -3 -2 -1  0  0  0  1  2  3  3  3	
 -1  3  6  5  4  3  1 -2 -4 -4 -4 -4 -3 *  0  0 -1  0  0  0  0  0  0  0  1  1  1	
 4818.374 -418.949
 -2  2  7  7  6  5  1 -4 -6 -6 -6 -5 -3 *  6 -3 -8 -4 -3 -1  0  1  2  3  5  7  7	
 -1  3  5  5  4  2  1 -2 -3 -4 -4 -4 -3 *  1 -1 -2 -2 -1 -1  0  0  1  1  1  2  1	
 4818.374 -418.464
 -4  2  8  8  7  5  1 -4 -6 -6 -6 -6 -5 *  6 -3-10 -6 -4 -2 -1  1  2  3  4  6  6	
 -1  2  5  5  4  2  1 -2 -3 -4 -4 -4 -3 *  1 -1 -2 -2 -1 -1  0  0  1  1  2  2  1	
 4818.374 -417.979
 -5  3 10  9  7  5  1 -4 -6 -6 -7 -7 -6 *  4 -2 -8 -6 -4 -2 -1  1  2  2  3  4  4	
 -1  3  5  5  4  2  0 -2 -3 -4 -4 -3 -3 *  0 -1 -2 -2 -1 -1  0  0  1  1  1  1  1	
 4818.374 -417.493
 -4  3  9  9  7  4  0 -4 -5 -5 -6 -6 -5 *  0 -1 -2 -1 -1  0  0  0  0  0  0  0  0	
 -1  2  4  4  3  2  0 -2 -3 -3 -3 -3 -2 *  0  0  0  0  0  0  0  0  0  0  0  0  0	
 4818.374 -417.008
 -4  3  9  8  6  4  0 -3 -5 -5 -5 -5 -4 * -1  0  2  2  1  1  0  0 -1 -1 -1 -1 -1	
 -1  2  4  4  3  2  0 -1 -3 -3 -3 -3 -2 *  0  0  1  1  1  0  0  0  0  0  0  0  0	
 4818.374 -416.523
 -3  2  8  7  5  3  0 -3 -4 -4 -5 -5 -4 *  0  0  0 -1 -1 -1  0  1  1  1  0  0  0	
 -1  2  4  3  3  1  0 -1 -2 -3 -3 -3 -2 *  0  0 -1  0  0  0  0  0  0  0  0  0  0	
 4818.374 -416.037
 -2  2  5  4  3  2  0 -2 -3 -3 -3 -3 -3 *  0  0  0  0  0  0  0  0  0  0  0  0  0	
 -1  1  2  2  2  1  0 -1 -1 -2 -2 -2 -1 *  0  0  0  0  0  0  0  0  0  0  0  0  0	
 4818.696 -432.298
  1 -2 -3 -3 -2 -2 -1  1  2  2  2  2  2 *  0 -3 -3 -2 -1 -1  1  2  3  3  3  3  1	
  0 -1 -1 -2 -1 -1  0  0  1  1  1  1  1 *  0 -1 -2 -1 -1  0  0  1  1  1  1  1  1	
 4818.696 -431.813
  1 -2 -3 -3 -3 -3 -1  0  2  2  3  3  2 *  0 -4 -4 -3 -2 -2  0  1  2  3  3  3  2	
  0 -1 -1 -2 -2 -1 -1  0  1  1  1  1  1 *  0 -1 -2 -1 -1  0  0  1  1  1  1  1  1	
 4818.696 -431.328
  1  0 -2 -4 -5 -4 -3  0  2  2  2  2  2 *  0 -4 -5 -3 -2 -1  1  2  3  3  4  3  2	
  1  0 -1 -2 -2 -2 -1 -1  0  1  1  1  1 *  0 -1 -2 -2 -1 -1  0  1  1  2  2  1  1	
 4818.696 -430.842
  1  1 -1 -3 -4 -4 -3 -1  1  1  1  1  1 *  1 -2 -4 -4 -3 -2  0  2  3  3  3  3  2	
  1  1  0 -1 -1 -1 -1 -1  0  0  0  0  1 *  0 -1 -1 -2 -1 -1  0  0  1  1  1  1  1	
 4818.696 -429.386
 -2  3  7  5 -1 -3 -5 -5 -5 -5 -5 -5 -3 *  3 -6-11-11 -9 -4  1  6  9 10 10  9  6	
  0  2  4  4  2  1 -1 -2 -3 -3 -3 -3 -2 *  1 -3 -5 -5 -4 -2  0  3  4  5  5  4  3	
 4818.696 -428.901
 -3  3  7  6  3  0 -3 -5 -6 -6 -7 -6 -5 *  3 -4-10-12-12-10 -4  2  7  8  7  6  4	
 -1  2  4  5  3  2  0 -2 -3 -4 -4 -4 -3 *  1 -2 -5 -5 -4 -3 -1  1  3  4  4  3  2	
 4818.696 -428.415
 -4  3 10 10  8  4  0 -5 -8 -9 -9 -8 -6 *  2 -4-11-14-15-14 -7  2  6  7  7  6  4	
 -2  3  6  6  5  3  1 -2 -4 -5 -5 -5 -4 *  1 -2 -5 -6 -5 -4 -2  1  3  3  3  3  2	
 4818.696 -427.930
 -4  4 12 13 12  8  1 -6 -8 -9 -9 -9 -6 *  1 -4 -9-12-14-13 -6  2  5  4  4  4  2	
 -2  3  7  7  6  4  1 -2 -5 -5 -6 -5 -4 *  0 -2 -4 -5 -4 -3 -1  1  2  2  2  2  1	
 4818.696 -427.444
 -5  5 14 16 15 10  1 -6 -9 -9-10 -9 -7 *  1 -2 -4 -7 -7 -6 -2  2  3  2  2  2  1	
 -2  3  8  8  7  4  1 -2 -5 -6 -6 -5 -4 *  0 -1 -1 -2 -2 -1  0  1  1  1  1  1  0	
 4818.696 -426.959
 -5  4 14 17 15 10  2 -6 -9-10-10 -9 -7 *  1  0 -1 -1 -1 -1  1  3  3  2  2  2  1	
 -2  3  7  8  7  4  1 -2 -5 -6 -6 -5 -4 *  0  0  0  0  0  0  0  1  1  1  1  1  0	
 4818.696 -426.473
 -5  4 12 15 14 10  2 -5 -9-10-10 -9 -7 *  1  0  0  1  2  2  3  3  2  2  2  2  2	
 -2  3  7  7  6  4  1 -2 -4 -5 -6 -5 -4 *  0  0  0  0  1  1  1  1  1  1  1  1  1	
 4818.696 -425.988
 -5  3 11 13 12  8  2 -5 -9 -9-10 -9 -7 *  2 -1 -2  0  2  3  4  4  3  3  3  3  3	
 -2  3  6  6  5  3  1 -2 -4 -5 -5 -5 -4 *  0 -1 -1  0  0  0  1  1  1  1  1  1  1	
 4818.696 -425.503
 -5  4 12 13 11  7  1 -6-10-10-11-10 -7 *  2 -2 -5 -3 -1  2  4  5  4  5  5  5  4	
 -2  3  7  7  6  3  1 -2 -5 -6 -6 -5 -4 *  1 -1 -2 -2 -1  0  0  1  2  2  2  2  2	
 4818.696 -425.017
 -4  5 12 12 11  7  1 -6 -9 -9 -9 -8 -6 *  1 -2 -5 -4 -1  1  2  3  3  3  3  3  2	
 -1  3  7  7  5  3  1 -2 -5 -5 -5 -5 -3 *  0 -1 -2 -2 -1 -1  0  1  1  2  2  1  1	
 4818.696 -424.532
 -4  6 13 13 12  8  1 -6 -9-10-10 -9 -6 *  1 -2 -5 -4 -2  0  1  2  2  2  2  2  1	
 -1  4  7  7  6  4  1 -3 -5 -6 -6 -5 -4 *  0 -1 -2 -2 -1 -1  0  0  1  1  1  1  1	
 4818.696 -424.046
 -4  6 13 13 11  7  1 -6 -9 -9-10 -9 -6 *  1 -1 -3 -4 -3 -1  0  1  1  1  2  1  1	
 -1  4  7  7  5  3  1 -3 -5 -5 -5 -5 -4 *  0 -1 -1 -1 -1 -1  0  0  1  1  1  1  0	
 4818.696 -423.561
 -3  5 10 10  9  6  1 -6 -8 -8 -8 -7 -5 *  0  0  0  0 -1 -1  0  0  0  0  0  0  0	
 -1  4  6  6  4  3  0 -2 -4 -5 -5 -4 -3 *  0  0  0  0  0  0  0  0  0  0  0  0  0	
 4818.696 -423.075
 -4  5 11 10  9  6  1 -6 -8 -8 -8 -7 -5 * -1  0  2  2  1  0  0 -1 -1 -1 -1 -1 -1	
 -1  3  6  6  4  3  0 -2 -4 -5 -5 -4 -3 *  0  0  1  1  1  0  0  0  0  0  0  0  0	
 4818.696 -422.590
 -4  4 11 11  9  6  1 -5 -7 -7 -7 -6 -5 * -3  2  7  7  6  3  1 -2 -4 -4 -5 -5 -4	
 -1  3  6  6  4  3  1 -2 -4 -4 -4 -4 -3 * -1  1  3  3  2  1  0 -1 -2 -2 -2 -2 -1	
 4818.696 -422.105
 -2  4  8  9  8  6  1 -5 -6 -6 -6 -5 -3 * -1  0  2  4  3  2  1 -1 -2 -2 -2 -2 -1	
 -1  3  5  5  4  3  1 -2 -4 -4 -4 -4 -3 * -1  1  1  1  1  1  0  0 -1 -1 -1 -1 -1	
 4818.696 -421.619
 -3  3  7  8  7  5  1 -4 -6 -6 -6 -6 -4 * -7  2  9  8  6  3  1 -3 -5 -7 -9-10 -9	
 -1  3  5  5  4  2  1 -2 -3 -4 -4 -4 -3 * -1  2  4  3  2  2  0 -1 -2 -3 -3 -3 -3	
 4818.696 -421.134
 -2  2  5  6  6  4  1 -3 -5 -4 -5 -4 -3 * -7  1 10 10  7  4  2 -1 -4 -6 -7 -8 -8	
 -1  2  4  4  3  2  0 -1 -3 -3 -3 -3 -2 * -1  1  3  4  3  2  1  0 -2 -2 -3 -3 -2	
 4818.696 -420.648
  0  2  4  5  5  3  0 -3 -3 -3 -3 -2 -1 * -8  0  9 10  7  4  2 -1 -3 -4 -6 -9 -9	
  0  2  3  3  2  1  0 -1 -2 -2 -2 -2 -1 * -1  1  3  3  2  1  1  0 -1 -2 -2 -2 -2	
 4818.696 -420.163
 -2  2  6  6  5  3  0 -2 -3 -3 -4 -4 -3 * -2  1  4  4  3  1  0 -1 -1 -1 -2 -3 -3	
  0  1  3  3  2  1  0 -1 -1 -2 -2 -2 -1 *  0  0  1  1  0  0  0  0  0  0  0  0  0	
 4818.696 -419.678
 -4  3  9  8  6  4  0 -3 -5 -5 -6 -6 -6 * -1  1  3  3  2  1  0 -1 -2 -2 -2 -2 -2	
 -1  2  4  4  2  1  0 -1 -2 -3 -3 -3 -2 *  0  1  1  1  1  0  0  0 -1 -1 -1 -1  0	
 4818.696 -419.192
 -5  3 10  9  7  4  0 -3 -5 -5 -6 -6 -6 * -1  0  1  1  1  1  0  0  0  0  0 -1 -1	
 -1  2  4  4  3  2  0 -1 -2 -3 -3 -3 -2 *  0  0  0  0  0  0  0  0  0  0  0  0  0	
 4818.696 -418.707
 -5  3 11 10  7  4  0 -3 -4 -5 -5 -6 -6 *  1  0 -1 -1 -1  0  0  0  1  1  1  1  1	
 -1  2  4  4  3  1  0 -1 -2 -2 -3 -2 -2 *  0  0  0  0  0  0  0  0  0  0  0  0  0	
 4818.696 -418.221
 -3  3  9  8  6  3  0 -3 -3 -3 -4 -4 -4 *  1 -1 -4 -3 -2 -1  0  1  1  1  2  2  2	
  0  2  3  3  2  1  0 -1 -2 -2 -2 -2 -1 *  0 -1 -1 -1 -1  0  0  0  0  1  1  1  0	
 4818.696 -417.251
 -2  1  3  3  2  1 -1 -2 -3 -3 -3 -3 -3 * -5  0  7  6  4  2  0 -2 -3 -4 -5 -5 -6	
  0  1  2  1  1  1  0 -1 -1 -1 -1 -1 -1 * -1  1  2  2  2  1  0 -1 -1 -2 -2 -2 -2	
 4819.019 -432.541
  0 -1 -1 -1  0  0  0  0  0  1  1  1  0 * -1 -2 -2  0  0  1  1  2  1  1  2  1  0	
  0  0  0  0  0  0  0  0  0  0  0  0  0 *  0 -1 -1  0  0  0  0  1  1  1  1  0  0	
 4819.019 -432.056
  1 -1 -3 -3 -3 -3 -2 -1  1  2  2  2  2 * -1 -4 -2  0  1  2  3  4  3  3  3  2  1	
  0  0 -1 -2 -2 -1 -1  0  0  1  1  1  1 * -1 -2 -2 -1  0  1  1  2  2  2  1  1  0	
 4819.019 -431.570
  1 -1 -2 -3 -4 -4 -3 -1  1  2  2  2  1 *  0 -4 -4 -2  0  1  2  3  2  2  3  2  1	
  0  0 -1 -2 -2 -2 -1 -1  0  0  1  1  1 *  0 -2 -2 -1  0  0  1  1  2  1  1  1  0	
 4819.019 -431.085
  1  2  0 -4 -7 -8 -7 -5 -1  1  1  1  1 *  0 -4 -4 -1  2  4  5  5  3  2  2  2  1	
  1  1  1 -1 -2 -2 -3 -2 -2 -1  0  0  0 *  0 -2 -2 -2 -1  0  1  2  2  2  1  1  0	
 4819.019 -430.599
  1  3  2 -5-10-11-10 -8 -3 -1 -1 -1  0 *  0 -3 -5 -3  1  3  4  4  3  2  2  2  1	
  1  2  2  0 -2 -3 -4 -4 -3 -2 -1 -1  0 *  0 -1 -2 -2 -1  0  1  1  1  1  1  1  1	
 4819.019 -430.114
 -1  4  4 -2 -8-10-11-10 -6 -4 -5 -4 -2 *  2 -3 -6 -5 -2  0  3  5  5  5  5  5  3	
  0  3  4  2  0 -2 -3 -4 -4 -3 -3 -2 -1 *  0 -2 -3 -3 -2 -1  0  1  2  2  2  2  1	
 4819.019 -429.629
 -3  4  6  1 -6 -7 -9-10 -8 -7 -8 -7 -5 *  5 -3 -9-11-10 -6 -1  5  9 11 11 10  7	
 -1  3  5  4  1 -1 -3 -4 -5 -4 -4 -4 -2 *  1 -2 -4 -4 -4 -2 -1  1  3  4  5  4  3	
 4819.019 -429.143
 -4  2  7  4 -1 -3 -5 -8 -8 -8 -8 -8 -6 *  5 -4-11-14-15-11 -5  4 10 11 11 10  7	
 -2  2  5  4  3  1 -1 -3 -4 -5 -5 -4 -3 *  2 -2 -5 -6 -5 -4 -2  1  4  5  5  5  4	
 4819.019 -428.658
 -5  3  8  7  3  1 -4 -9-10 -9-10 -9 -7 *  3 -5-12-16-18-16 -8  3  9  9  9  8  5	
 -2  2  5  5  4  2 -1 -3 -5 -6 -6 -5 -4 *  1 -3 -6 -6 -6 -5 -2  1  4  4  4  4  3	
 4819.019 -428.172
 -5  4 11 10  7  4 -3-11-12-11-11-10 -7 *  2 -6-14-18-21-18 -7  4  7  7  6  5  3	
 -2  3  7  6  5  3  0 -4 -6 -6 -6 -6 -4 *  0 -3 -6 -7 -6 -4 -2  1  3  3  3  3  2	
 4819.019 -427.687
 -5  7 16 14  9  2 -5-12-12-11-11-10 -7 *  1 -3 -9-11-10 -7 -3  1  3  3  3  2  1	
 -1  5  8  8  5  2 -1 -4 -6 -7 -7 -6 -4 *  0 -1 -3 -3 -3 -2  0  1  1  1  1  1  0	
 4819.019 -427.201
 -4  6 13 11  6  1 -6-11-10-10-10 -9 -6 *  0  0  1 -1 -2 -3 -2  1  2  1  1  1  0	
 -1  4  7  6  4  2 -1 -4 -6 -6 -6 -5 -4 *  0  0  0  0  0  0  0  0  0  0  0  0  0	
 4819.019 -426.716
 -4  5 11 10  6  1 -5 -9 -9 -9 -9 -8 -6 *  1  1  2  3  2  1  0  2  2  1  1  1  1	
 -1  3  6  6  4  2 -1 -3 -5 -5 -5 -5 -3 *  0  0  1  1  1  1  0  0  0  0  0  0  0	
 4819.019 -426.231
 -3  4  8  8  5  2 -3 -7 -7 -7 -7 -6 -4 *  1  0  0  3  3  3  3  3  3  2  2  2  2	
 -1  3  5  5  3  2  0 -3 -4 -4 -4 -4 -3 *  0  0  0  0  1  1  1  1  1  1  1  1  1	
 4819.019 -425.745
 -2  4  9  9  7  3 -2 -6 -7 -7 -7 -6 -4 *  1 -1 -1  2  4  5  5  4  2  2  2  2  1	
 -1  3  5  5  4  2  0 -3 -4 -4 -4 -4 -3 *  0 -1 -1  0  1  1  1  1  1  1  1  1  1	
 4819.019 -425.260
 -2  5 10 10  7  4 -2 -7 -8 -7 -7 -6 -4 *  1 -3 -5 -2  1  3  4  4  3  3  3  3  2	
 -1  4  6  6  4  2  0 -3 -4 -5 -4 -4 -2 *  0 -1 -2 -2 -1  0  1  1  2  2  1  1  1	
 4819.019 -424.774
 -1  7 12 12  9  5 -2 -8 -9 -8 -8 -6 -4 *  0 -4 -6 -5 -2  1  2  2  2  2  2  2  1	
  0  5  7  7  5  3  0 -4 -5 -5 -5 -4 -3 *  0 -1 -2 -2 -1 -1  0  1  1  1  1  1  1	
 4819.019 -424.289
 -1  6  9 10  9  5 -1 -7 -8 -7 -7 -6 -3 *  0 -1 -2 -2 -1  0  0  0  0  0  0  0  0	
  0  5  6  6  4  2  0 -3 -5 -5 -4 -4 -2 *  0  0 -1 -1 -1  0  0  0  0  0  0  0  0	
 4819.019 -423.804
 -1  5  8  8  7  5 -1 -7 -7 -6 -6 -5 -3 * -1  0  0  0  0  0  0  0  0 -1 -1 -1 -1	
  0  4  6  5  3  2 -1 -3 -4 -4 -4 -3 -2 *  0  0  0  0  0  0  0  0  0  0  0  0  0	
 4819.019 -423.318
 -1  4  6  7  6  4 -1 -7 -7 -6 -5 -4 -2 * -1  1  2  2  1  0  0 -1 -1 -2 -2 -2 -2	
  0  4  5  4  3  1 -1 -3 -4 -4 -4 -3 -2 *  0  0  1  1  1  0  0  0 -1 -1 -1 -1 -1	
 4819.019 -422.833
 -1  4  7  7  6  4 -1 -7 -7 -7 -6 -5 -3 * -2  1  4  4  3  1  0 -2 -3 -3 -3 -3 -3	
  0  4  6  5  3  2 -1 -3 -4 -4 -4 -4 -2 *  0  1  2  2  1  1  0  0 -1 -1 -1 -1 -1	
 4819.019 -422.347
 -3  3  8  8  6  4  0 -5 -6 -6 -6 -6 -5 * -4  3 10  9  7  4  0 -4 -6 -6 -6 -6 -5	
 -1  3  5  4  3  2  0 -2 -3 -4 -3 -3 -2 * -1  2  4  4  3  2  0 -1 -2 -3 -3 -3 -2	
 4819.019 -421.862
 -6  4 13 11  9  5  0 -5 -7 -8 -9 -9 -8 * -2  2  8  8  6  3  0 -3 -4 -4 -5 -4 -3	
 -1  4  7  6  4  2  0 -2 -4 -5 -5 -4 -3 * -1  1  3  3  2  1  0 -1 -2 -2 -2 -2 -2	
 4819.019 -421.376
 -4  3  8  7  5  3  0 -4 -5 -5 -5 -6 -5 * -3  0  3  5  4  3  1 -2 -3 -4 -4 -4 -3	
 -1  2  4  4  3  2  0 -2 -3 -3 -3 -3 -2 * -1  1  2  2  2  1  0 -1 -1 -2 -2 -2 -2	
 4819.019 -420.891
 -4  2  8  7  5  3  0 -3 -4 -5 -5 -5 -5 * -4  1  6  7  6  4  2 -2 -4 -5 -5 -6 -5	
 -1  2  4  3  2  1  0 -1 -2 -3 -3 -3 -2 * -1  1  3  3  2  2  1 -1 -2 -2 -2 -2 -2	
 4819.019 -420.406
 -3  1  6  5  4  2  0 -2 -3 -3 -4 -4 -4 * -6  1 10 11  8  5  1 -2 -4 -4 -6 -7 -7	
  0  1  3  2  2  1  0 -1 -1 -2 -2 -2 -1 * -1  2  3  3  2  1  0 -1 -2 -2 -2 -2 -2	
 4819.342 -435.211
  1  7 11 12 10  6 -1 -8 -9 -9 -9 -7 -4 *  4 20 30 30 26 16 -2-15-17-15-15-10 -2	
  1  4  6  6  5  3  0 -3 -4 -4 -4 -3 -1 *  1  8 12 12 10  5  0 -5 -7 -7 -6 -5 -2	
 4819.342 -432.298
  0 -1 -1 -1 -1 -1  0  0  0  1  1  1  1 * -1 -3 -1  1  2  3  5  5  3  2  2  2  0	
  0  0 -1 -1  0  0  0  0  0  0  0  0  0 * -1 -2 -1  0  1  1  2  2  2  1  1  1  0	
 4819.342 -431.813
  0 -2 -3 -4 -3 -2 -2 -1  0  1  2  2  1 * -1 -5 -3  2  4  5  7  7  5  3  3  2  0	
  0 -1 -2 -2 -2 -1 -1  0  0  1  1  1  0 * -1 -3 -2  0  1  2  3  3  3  2  2  1  0	
 4819.342 -431.328
  0  1 -1 -4 -4 -4 -4 -4 -2 -1 -1  0  0 * -1 -6 -4  3  6  8  9  9  6  4  4  3  1	
  0  1  0 -1 -2 -2 -2 -2 -2 -1 -1  0  0 *  0 -3 -3 -1  1  2  3  3  3  3  2  2  1	
 4819.342 -430.842
  0  2 -1 -6 -7 -7 -7 -8 -5 -3 -2 -2 -1 *  1 -4 -5  0  5  6  7  8  6  4  4  4  2	
  0  1  1 -1 -3 -3 -3 -3 -3 -2 -2 -1 -1 *  0 -2 -3 -2 -1  1  2  3  3  2  2  2  1	
 4819.342 -430.357
 -2  2  0 -7 -9 -8 -9 -9 -7 -5 -4 -4 -3 *  3 -3 -8 -6 -1  1  4  6  6  7  7  6  4	
  0  2  2  0 -2 -3 -4 -4 -4 -3 -3 -2 -1 *  1 -2 -3 -4 -3 -1  1  2  2  2  3  2  2	
 4819.342 -429.871
 -3  2  3 -4 -8 -7 -9-10 -8 -6 -7 -6 -4 *  5 -2-10-12 -9 -5  0  4  8 10 11 10  7	
 -1  2  3  2 -1 -2 -3 -4 -5 -4 -4 -3 -2 *  2 -2 -4 -5 -4 -3 -1  1  3  4  4  4  3	
 4819.342 -429.386
 -5  2  5  1 -3 -3 -6 -9 -9 -9 -9 -8 -6 *  5 -3-10-15-15-11 -5  4 10 11 11 10  7	
 -2  2  4  3  1 -1 -2 -4 -5 -5 -5 -4 -3 *  2 -2 -4 -5 -5 -4 -2  1  3  5  5  5  4	
 4819.342 -428.901
 -5  2  6  4  1 -1 -5-10-11-10-10 -9 -7 *  4 -4-12-17-20-16 -8  3 11 11 11  9  7	
 -2  2  4  4  2  0 -2 -4 -5 -5 -5 -5 -4 *  2 -2 -5 -6 -6 -5 -3  1  4  5  5  5  3	
 4819.342 -428.415
 -4  3  6  4  2  0 -4 -9-12-10-10 -9 -6 *  2 -9-17-22-24-21 -9  6 12 11 10  9  5	
 -1  2  4  3  2  0 -1 -3 -4 -5 -5 -4 -3 *  0 -4 -8 -8 -7 -6 -3  2  5  5  5  4  2	
 4819.342 -427.930
 -2  4  6  3  0 -1 -5-11-14-11-11 -9 -5 * -2-14-25-27-27-19 -3  6  5  5  4  3  1	
  0  3  4  3  1  0 -2 -4 -5 -5 -4 -4 -2 * -1 -6 -9 -9 -6 -3  0  3  3  3  3  2  1	
 4819.342 -426.959
 -1  5  3 -2 -4 -5 -8-11 -9 -7 -7 -6 -3 *  0  1  2  1  0 -1 -1  0  0  0  0  0  0	
  0  3  3  1  0 -1 -2 -4 -4 -4 -3 -3 -1 *  0  0  1  0  0  0  0  0  0  0  0  0  0	
 4819.342 -426.473
 -1  5  5  1 -2 -5 -8 -9 -7 -6 -5 -4 -2 *  0  1  2  2  1 -1 -1 -1 -1 -1 -1  0  0	
  0  3  4  2  1 -1 -2 -3 -4 -3 -3 -3 -1 *  0  1  1  1  1  0  0  0 -1  0  0  0  0	
 4819.342 -425.988
  0  4  6  3  0 -2 -5 -7 -5 -4 -4 -3 -2 *  0  1  2  3  3  2  1  1  0  0  0  0  0	
  0  3  4  3  2  0 -1 -3 -3 -3 -3 -2 -1 *  0  0  1  1  1  0  0  0  0  0  0  0  0	
 4819.342 -425.503
  0  4  7  5  3  0 -4 -6 -5 -4 -3 -3 -1 * -1 -1 -1  1  2  3  3  3  1  0  0  0  0	
  0  3  4  3  2  1 -1 -2 -3 -2 -2 -2 -1 *  0 -1 -1  0  0  0  1  1  1  0  0  0  0	
 4819.342 -425.017
  0  5  9  8  5  1 -4 -6 -5 -4 -4 -3 -1 * -1 -2 -4 -3 -1  1  2  1  0  0  0  0  0	
  1  3  5  4  2  1 -1 -2 -3 -2 -2 -2 -1 *  0 -1 -1 -1  0  0  0  1  1  0  0  0  0	
 4819.342 -424.532
  0  5  7  8  6  2 -3 -6 -5 -5 -4 -3 -1 *  0 -1 -1 -1  0  0  0  0  0  0  0  0  0	
  1  3  4  3  2  1 -1 -3 -3 -3 -2 -2 -1 *  0  0  0  0  0  0  0  0  0  0  0  0  0	
 4819.342 -424.046
  0  4  6  6  5  2 -3 -6 -5 -5 -5 -4 -2 *  0  1  1  1  0  0  0 -1 -1 -1 -1 -1 -1	
  1  3  4  3  1  0 -1 -3 -3 -2 -2 -2 -1 *  0  0  0  0  0  0  0  0  0  0  0  0  0	
 4819.342 -423.561
  0  4  5  5  4  2 -3 -6 -5 -4 -4 -3 -2 * -1  1  2  1  1  0  0 -1 -1 -1 -1 -1 -1	
  1  3  3  2  1  0 -1 -2 -3 -2 -2 -2 -1 *  0  0  1  0  0  0  0  0  0  0  0  0  0	
 4819.342 -423.075
 -1  3  5  6  4  2 -3 -6 -5 -4 -4 -4 -2 * -1  1  2  2  1  0 -1 -1 -1 -1 -1 -2 -1	
  1  3  4  3  1  0 -1 -3 -3 -2 -2 -2 -1 *  0  1  1  1  0  0  0  0  0 -1 -1  0  0	
 4819.342 -422.590
 -2  3  6  7  5  2 -3 -6 -6 -5 -5 -4 -3 * -2  1  4  4  3  2  0 -2 -3 -3 -3 -3 -3	
  0  4  4  4  2  1 -1 -3 -3 -3 -3 -2 -1 *  0  1  2  2  1  1  0 -1 -1 -1 -1 -1 -1	
 4819.342 -422.105
 -1  2  6  7  5  3 -1 -5 -5 -5 -4 -3 -2 * -6  3 10 10  7  4 -1 -5 -7 -8 -9 -9 -7	
  0  3  4  4  3  1 -1 -2 -3 -3 -3 -3 -2 * -1  3  4  4  3  1  0 -2 -3 -3 -4 -4 -3	
 4819.342 -421.619
 -1  3  7  8  6  3  0 -4 -4 -4 -4 -3 -2 * -8  4 14 13  9  5  0 -5 -7 -9-10-11-10	
 -1  3  4  4  3  1  0 -2 -3 -3 -3 -2 -2 * -2  3  6  5  4  2  0 -2 -3 -4 -4 -4 -3	
 4819.342 -421.134
 -2  3  8  8  6  3  0 -3 -4 -4 -4 -4 -3 * -8  3 12 12  9  5  1 -3 -6 -7 -9-10 -9	
 -1  2  4  4  3  2  0 -1 -2 -3 -3 -3 -2 * -2  2  5  5  3  2  1 -1 -3 -3 -4 -4 -3	
 4819.342 -420.648
 -2  1  6  7  5  3  0 -2 -4 -4 -4 -3 -2 * -8  2 12 11  8  5  2 -2 -5 -6 -7 -8 -8	
 -1  2  3  3  2  1  0 -1 -2 -2 -2 -2 -2 * -1  2  4  4  3  2  1 -1 -2 -3 -3 -3 -2	
 4819.342 -420.163
 -4  1  8  8  6  3  0 -3 -4 -4 -5 -5 -5 * -7  2 11 11  7  4  1 -3 -4 -5 -6 -7 -8	
 -1  2  4  3  2  1  0 -1 -2 -2 -2 -2 -2 * -1  2  4  4  2  1  0 -1 -2 -2 -2 -2 -2	
 4819.342 -419.678
 -3  1  4  4  2  1  0 -1 -1 -2 -2 -3 -3 * -4  1  6  5  3  1  0 -1 -2 -2 -3 -4 -4	
  0  1  1  1  1  0  0  0 -1 -1 -1 -1 -1 *  0  1  1  1  1  0  0  0 -1 -1 -1 -1 -1	
 4819.342 -415.794
 -1 -1  2  5  3  2  0 -1 -2 -2 -2 -2 -2 *  0  0  0  0  0  0  0  0  0  0  0  0  0	
 -1  1  2  2  1  1  0  0 -1 -1 -1 -1 -1 *  0  0  0  0  0  0  0  0  0  0  0  0  0	
 4819.665 -435.454
 -4  9 16 18 16 11  0-12-16-16-15-13 -8 *  0 13 20 21 18 12  0-12-15-13-12 -9 -4	
 -2  6 10 10  8  5  0 -5 -9-10-10 -9 -5 * -1  5 10 10  8  5  1 -4 -7 -7 -7 -6 -4	
 4819.665 -434.968
  1 14 22 23 20 13 -1-13-14-13-12-10 -3 *  1 17 26 28 24 15 -2-16-17-15-14-11 -4	
  1  8 12 12 10  5  0 -6 -7 -8 -7 -6 -3 *  0  8 12 12  9  5  0 -5 -8 -8 -7 -6 -3	
 4819.665 -434.483
  2  6  7  7  6  3 -2 -5 -3 -3 -3 -2  0 *  1  5  5  5  5  3 -3 -6 -5 -5 -4 -3  0	
  1  3  4  4  3  1 -1 -2 -2 -2 -2 -2  0 *  1  2  3  3  2  1 -1 -2 -2 -2 -2 -2  0	
 4819.665 -432.056
  0 -2 -2 -1  0  1  1  2  1  1  1  1  0 * -1 -3  0  3  4  5  7  8  5  3  2  2  0	
  0 -1 -1 -1  0  0  1  1  1  1  1  1  0 * -1 -2 -1  1  2  2  2  3  3  2  1  1  0	
 4819.665 -431.570
  0  0 -2 -3 -2 -1 -1 -2 -2 -1 -1 -1  0 *  0 -5 -1  6  8  8 11 12  9  5  5  4  2	
  0  0 -1 -1 -1 -1 -1 -1 -1 -1 -1  0  0 * -1 -3 -2  1  2  3  4  5  5  4  3  2  1	
 4819.665 -431.085
 -1  0 -3 -6 -3 -2 -3 -5 -5 -3 -3 -2 -2 *  1 -6 -4  5  9  9 12 13  9  7  7  6  3	
  0  1  0 -2 -3 -2 -2 -2 -3 -2 -2 -2 -1 *  0 -3 -4 -2  1  3  4  5  5  4  3  3  2	
 4819.665 -430.599
 -2  1 -3 -8 -5 -3 -4 -7 -7 -5 -5 -4 -3 *  3 -4 -8 -1  4  5  8  9  7  7  7  7  4	
 -1  1  1 -2 -3 -3 -3 -3 -4 -3 -3 -3 -2 *  1 -2 -4 -4 -2  0  2  3  4  3  3  3  2	
 4819.665 -430.114
 -4  1  0 -5 -3 -2 -5 -8 -8 -7 -7 -6 -5 *  5 -2-10-10 -5 -2  2  6  7  9 10  9  7	
 -1  1  2  0 -1 -2 -3 -4 -4 -4 -4 -3 -2 *  1 -2 -4 -5 -4 -2  0  2  3  3  4  4  3	
 4819.665 -429.629
 -4  1  2 -2 -1 -1 -4 -8 -8 -7 -7 -7 -5 *  6 -2-12-18-17-11 -5  2  9 12 11 10  8	
 -1  1  3  1  0 -1 -2 -4 -4 -4 -4 -3 -3 *  2 -1 -4 -6 -6 -5 -2  0  2  4  5  5  3	
 4819.665 -429.143
 -4  2  4  1  0  0 -4 -7 -8 -8 -8 -7 -5 *  5 -4-14-23-25-19-10  2 11 13 12 10  7	
 -1  2  3  2  1 -1 -2 -3 -4 -4 -4 -3 -2 *  2 -2 -5 -7 -7 -6 -4  0  3  5  5  5  4	
 4819.665 -428.658
 -2  1  2  1 -1 -1 -4 -5 -5 -6 -5 -4 -3 *  1 -8-15-22-26-21-12  2 10  9  9  7  4	
 -1  1  2  1  0 -1 -2 -3 -2 -2 -2 -2 -1 *  0 -3 -6 -7 -7 -6 -4  0  3  4  4  4  2	
 4819.665 -428.172
 -1  1  1  0 -1 -2 -4 -4 -3 -4 -3 -2 -2 * -3-12-20-25-28-23-10  3  5  3  3  2 -1	
  0  1  1  0 -1 -1 -2 -2 -1 -1 -1 -1 -1 * -1 -5 -8 -9 -8 -6 -3  1  3  3  3  2  0	
 4819.665 -425.745
  1  3  3  2  0 -2 -3 -3 -1 -1 -1 -1  0 *  0  1  2  1  1  0  0  0 -1 -1 -1 -1  0	
  1  2  2  1  0  0 -1 -1 -1 -1 -1 -1  0 *  0  0  1  1  0  0  0  0  0  0  0  0  0	
 4819.665 -425.260
  0  2  2  2  1  0 -1 -1 -1 -1 -1 -1 -1 * -1  0  1  1  2  2  1  0 -1 -1 -1 -1 -1	
  0  1  1  1  1  0  0  0 -1 -1 -1 -1  0 *  0  0  0  1  1  0  0  0  0 -1 -1 -1  0	
 4819.665 -421.862
 -2  1  5  5  4  2 -1 -3 -3 -3 -4 -3 -3 * -6  3 11 11  8  3 -1 -6 -7 -8 -9 -9 -8	
  0  2  3  2  2  1  0 -1 -2 -2 -2 -2 -1 * -1  3  5  4  2  1  0 -2 -3 -3 -4 -4 -3	
 4819.665 -421.376
 -1  1  3  4  4  2  0 -3 -3 -3 -3 -3 -2 * -6  2 11 11  8  4  1 -4 -6 -6 -7 -8 -7	
 -1  2  2  2  2  1  0 -1 -2 -2 -2 -2 -1 * -1  2  4  4  3  2  0 -1 -3 -3 -3 -3 -2	
 4819.665 -420.891
 -1  0  1  4  3  2  0 -2 -3 -3 -3 -2 -1 * -6  2 11 10  7  4  1 -2 -4 -5 -6 -7 -7	
 -1  1  2  2  2  1  0 -1 -2 -2 -2 -2 -1 * -1  2  4  4  3  2  1 -1 -2 -3 -3 -3 -2	
 4819.665 -420.406
 -2  0  3  5  4  2  0 -2 -3 -4 -4 -3 -2 * -6  2 10 10  7  4  1 -2 -4 -5 -6 -6 -7	
 -1  2  3  3  2  1  0 -1 -2 -2 -2 -2 -2 * -1  2  4  4  3  2  1 -1 -2 -2 -3 -3 -2	
 4819.665 -419.920
 -5  0  7  7  5  3  0 -2 -4 -4 -5 -5 -5 * -7  1 10 10  7  4  1 -3 -5 -5 -6 -7 -7	
 -1  2  4  3  2  1  0 -1 -2 -2 -3 -3 -2 * -1  2  4  3  2  1  0 -1 -2 -2 -3 -3 -2	
 4819.665 -419.435
 -6 -1  6  6  4  1  0 -2 -2 -3 -4 -5 -6 * -8  0 11 12  7  2  0 -3 -3 -4 -6 -7 -7	
  0  1  2  2  1  1  0 -1 -1 -1 -1 -2 -1 *  0  2  3  3  1  1  0 -1 -1 -2 -2 -2 -1	
 4819.988 -436.182
 -7  7 17 20 18 12  0-13-18-19-19-16-11 * -5  7 16 17 15 10  0-11-17-17-17-14 -9	
 -1  6 11 11  8  5  0 -5 -8 -9 -9 -8 -5 * -1  4  7  8  6  3  0 -3 -6 -7 -7 -6 -4	
 4819.988 -435.696
 -7  9 20 22 20 13  1-14-21-22-22-18-12 * -5 12 23 24 21 14  1-14-20-21-20-16-10	
 -2  7 12 13 10  6  1 -5-10-12-12-10 -7 * -2  6 11 11  9  6  1 -4 -8-10-10 -8 -5	
 4819.988 -435.211
 -5  9 16 18 17 11  0-13-18-18-17-14 -9 * -1 12 19 20 19 13  0-13-16-15-14-11 -6	
 -2  6 11 11  9  6  1 -5 -9-11-11 -9 -6 * -1  6 10 10  9  6  1 -4 -8 -8 -8 -7 -4	
 4819.988 -434.725
 -3 12 21 22 20 13 -1-15-19-18-17-14 -8 * -2 15 25 26 23 15 -1-16-20-19-18-14 -8	
 -1  7 12 13 10  6  0 -6-10-11-10 -9 -5 * -1  7 12 12  9  5  0 -6 -9 -9 -9 -8 -5	
 4819.988 -434.240
  6 19 27 30 26 15  1-13-10 -7 -7 -7  3 *  2 13 20 22 18  9 -2-10-11 -8 -7 -6 -1	
  3 10 14 15 13  7  1 -6 -5 -4 -4 -4  1 *  1  6 10 10  8  4 -1 -4 -6 -4 -3 -3  0	
 4819.988 -431.813
  0 -1 -1  1  1  2  3  3  2  1  1  1  0 * -1 -4  4  9  7  7 11 16 13  9  7  6  2	
  0 -1 -1  0  1  1  1  1  1  1  1  0  0 * -1 -3  0  3  4  4  4  6  6  5  4  3  1	
 4819.988 -431.328
 -1 -1 -4 -2  0  1  0 -3 -4 -4 -3 -3 -2 *  2 -6  1 11 10 10 14 19 15 11 10  9  5	
  0  0 -1 -2 -1 -1 -1 -1 -2 -2 -2 -2 -1 *  0 -4 -3  1  4  5  6  7  8  7  6  5  3	
 4819.988 -430.842
 -2  0 -4 -3  1  2 -1 -5 -7 -6 -6 -5 -4 *  4 -6 -6  5  7  7 11 14 12 10 10  9  6	
 -1  1  0 -2 -2 -1 -2 -3 -4 -4 -3 -3 -2 *  1 -3 -6 -3  0  2  4  5  6  5  5  4  3	
 4819.988 -430.357
 -3  1 -1 -2  3  2  0 -5 -7 -6 -6 -5 -4 *  5 -4-14-10 -2  0  5  9  9 11 12 11  8	
 -1  1  1  0 -1 -1 -1 -3 -4 -4 -3 -3 -2 *  1 -2 -6 -7 -5 -2  1  3  4  4  4  4  3	
 4819.988 -429.871
 -3  2  2  1  4  3  0 -6 -8 -7 -7 -6 -5 *  5 -3-15-21-14 -8 -2  3  8 11 12 10  8	
 -1  2  3  2  0  0 -1 -3 -4 -4 -4 -3 -2 *  2 -2 -5 -7 -7 -5 -2  0  2  3  4  4  3	
 4819.988 -429.386
 -2  2  3  3  4  3 -1 -5 -6 -5 -6 -5 -3 *  4 -3-14-23-23-16 -8  0  7 11 10  9  6	
 -1  2  3  2  1  0 -1 -3 -3 -3 -3 -2 -2 *  1 -2 -5 -7 -7 -6 -4 -1  2  3  4  4  3	
 4819.988 -428.901
 -1  2  4  3  4  3 -1 -5 -4 -4 -5 -4 -2 *  1 -6-14-23-26-20-12 -1  7  8  7  6  3	
  0  2  3  2  1  0 -1 -2 -3 -2 -2 -2 -1 *  1 -2 -5 -6 -7 -6 -4 -1  2  3  4  3  2	
 4819.988 -428.415
 -1  1  2  1  1  1 -1 -2 -1 -1 -2 -2 -1 * -2 -8-14-20-24-20-11  0  5  4  3  2  0	
  0  1  1  1  0  0 -1 -2 -1 -1 -1 -1  0 *  0 -3 -5 -6 -7 -6 -3 -1  2  3  3  2  1	
 4819.988 -427.930
  0  1  1  0  0  0 -1 -1  0 -1 -2 -1 -1 * -3 -7-12-16-19-16 -8  1  3  1  0  0 -2	
  0  0  0  0  0 -1 -1 -1  0  0  0  0  0 * -1 -3 -5 -5 -5 -4 -2  0  2  1  1  0  0	
 4819.988 -427.444
 -1 -1 -1 -1 -2 -2 -1  0  0 -1 -1 -1 -1 * -2 -5 -8-11-12 -9 -4  1  0 -1 -1 -1 -1	
  0  0 -1 -1 -1 -1  0  0  0  0  0  0  0 * -1 -2 -3 -3 -3 -2 -1  0  1  0  0  0 -1	
 4819.988 -425.017
  0  1  1  1  0  0  0  0  0 -1 -1 -1  0 *  0  1  2  1  1  1  0 -1 -1 -1 -1 -1 -1	
  0  0  0  0  0  0  0  0  0  0  0  0  0 *  0  0  1  1  0  0  0  0  0  0  0  0  0	
 4819.988 -421.619
 -1  0  1  2  1  0 -1 -2 -2 -2 -2 -1 -1 * -5  2  9  8  6  2 -1 -4 -5 -5 -6 -6 -6	
  0  1  1  1  0  0  0 -1 -1 -1 -1 -1 -1 * -1  2  3  3  2  1  0 -1 -2 -2 -2 -2 -2	
 4819.988 -421.134
 -1  0  2  3  2  1  0 -2 -2 -3 -3 -2 -1 * -5  2  9  8  6  4  1 -2 -4 -4 -5 -6 -5	
  0  1  2  1  1  0  0 -1 -1 -1 -1 -1 -1 * -1  2  3  3  2  1  0 -1 -2 -2 -2 -2 -2	
 4819.988 -420.648
 -4  0  4  5  4  2  0 -2 -3 -4 -4 -4 -4 * -3  1  7  7  5  3  1 -2 -3 -3 -4 -4 -4	
 -1  2  3  3  2  1  0 -1 -2 -2 -2 -2 -2 * -1  1  3  3  2  1  0 -1 -1 -2 -2 -2 -1	
 4819.988 -420.163
 -6 -1  7  8  5  3  0 -3 -4 -5 -5 -6 -6 * -5  1  7  7  5  3  1 -2 -3 -4 -4 -5 -5	
 -1  2  4  4  3  2  0 -1 -2 -3 -3 -3 -3 * -1  1  3  3  2  1  0 -1 -2 -2 -2 -2 -2	
 4819.988 -419.678
 -7 -1  7  9  7  3  1 -3 -4 -5 -6 -6 -6 * -6  0  7  8  6  3  1 -3 -5 -5 -6 -6 -6	
 -1  2  4  4  3  2  0 -1 -2 -3 -3 -3 -3 * -1  2  3  3  2  1  0 -1 -2 -2 -3 -3 -2	
 4819.988 -419.192
  0  0  1  1  1  0  0  0  0  0  0  0  0 * -5 -2  5  9  7  2  0 -2 -3 -4 -5 -6 -5	
  0  0  0  0  0  0  0  0  0  0  0  0  0 * -1  1  3  2  1  1  0 -1 -1 -1 -2 -2 -1	
 4820.311 -435.939
 -3  9 17 19 16 10 -2-12-15-14-14-12 -7 * -2  7 13 14 12  7 -1 -9-11-11-11 -9 -5	
  0  6  9  9  7  3 -1 -4 -6 -7 -6 -5 -3 *  0  3  6  5  4  2  0 -3 -4 -4 -4 -3 -2	
 4820.311 -435.454
 -7 11 23 26 23 15  0-15-22-23-22-19-12 * -4  9 18 20 18 11  0-11-16-16-16-13 -8	
 -1  7 14 14 11  6  1 -6-10-11-11-10 -6 * -1  4  8  9  7  4  0 -3 -6 -7 -7 -6 -4	
 4820.311 -434.968
 -8 11 25 27 24 16  1-16-25-26-25-21-13 * -4  9 19 20 18 12  1-12-17-18-17-14 -8	
 -3  8 15 16 13  8  1 -6-12-14-13-12 -8 * -1  5  9 10  8  5  1 -4 -7 -8 -8 -7 -4	
 4820.311 -434.483
 -8 14 28 30 27 18  1-20-28-28-27-23-15 * -5 13 23 25 22 15  1-16-23-23-21-18-11	
 -3 10 18 18 15  9  2 -8-14-16-16-14 -9 * -2  7 12 12 10  6  1 -5 -9-10-10 -9 -6	
 4820.311 -433.997
  6 19 28 31 27 16  1-12-10 -7 -7 -7  3 *  1 13 21 23 19 10 -1-11-13 -9 -8 -8 -2	
  3 10 15 16 14  8  1 -6 -5 -4 -4 -4  1 *  1  7 10 11  9  5 -1 -5 -6 -5 -4 -4 -1	
 4820.311 -433.512
  1 11 18 19 16  9 -2-11-10 -8 -8 -7 -2 *  0 12 18 19 16  9 -3-12-12-10-10 -8 -3	
  1  6  9  9  7  3  0 -4 -6 -5 -5 -4 -2 *  0  5  8  8  6  3 -1 -4 -5 -5 -5 -4 -2	
 4820.311 -431.570
 -1 -1 -1  1  1  1  1 -1 -3 -2 -2 -2 -1 *  2 -3  8  9  7  7 14 24 23 18 16 13  8	
  0  0 -1  0  0  0  0 -1 -1 -2 -2 -1 -1 *  0 -5  0  4  5  5  6  9 10  9  8  7  4	
 4820.311 -431.085
 -2  0  0  4  3  3  1 -4 -7 -7 -7 -6 -4 *  5 -9 -5  8  6  7 13 19 18 14 14 13  8	
 -1  2  1  1  1  1  0 -2 -4 -4 -4 -3 -2 *  1 -5 -7 -2  2  4  5  8  8  8  7  6  4	
 4820.311 -430.599
 -3  2  4  7  7  5  2 -4 -8 -8 -8 -7 -5 *  6 -8-15 -3  1  3  8 13 13 12 13 12  8	
 -1  2  3  3  3  2  0 -2 -4 -4 -4 -4 -2 *  1 -3 -8 -8 -3  0  3  5  6  5  5  5  3	
 4820.311 -430.114
 -2  3  6  9 10  7  3 -3 -7 -6 -6 -5 -4 *  5 -4-19-22-11 -6  1  5  7 10 11 10  7	
 -1  2  3  4  4  3  1 -2 -3 -4 -4 -3 -2 *  1 -2 -6 -9 -8 -5 -1  1  3  3  4  4  3	
 4820.311 -429.629
 -2  3  7 10 12  8  3 -3 -6 -5 -5 -5 -3 *  4 -3-16-25-20-13 -5  0  5  9 10  8  6	
  0  2  4  4  4  3  1 -1 -3 -4 -3 -3 -2 *  1 -2 -5 -8 -8 -6 -3 -1  1  2  3  3  3	
 4820.311 -429.143
  0  3  6  9 11  8  3 -3 -4 -3 -4 -3 -2 *  1 -4-13-23-24-18-10 -2  4  7  7  5  3	
  0  2  3  3  3  3  1 -1 -2 -3 -2 -2 -1 *  1 -2 -4 -6 -7 -6 -4 -1  1  2  3  3  2	
 4820.311 -428.658
  0  3  5  7  8  6  2 -2 -2 -1 -2 -2 -1 * -1 -5-11-18-20-17-10 -2  3  4  3  2  0	
  0  2  3  3  2  2  1 -1 -2 -2 -1 -1  0 *  0 -2 -4 -5 -6 -5 -3 -1  1  2  2  2  1	
 4820.311 -428.172
  0  2  3  4  5  4  1 -1 -1  0 -1 -1  0 * -2 -6-11-15-17-15 -8 -1  3  2  1  0 -1	
  0  1  2  2  1  1  0 -1 -1 -1  0  0  0 * -1 -3 -4 -5 -5 -4 -3 -1  1  1  1  1  0	
 4820.311 -427.687
  0  1  2  3  3  2  1  0  0  0 -1 -1  0 * -2 -5 -8-11-13-10 -5  0  2  0 -1 -1 -2	
  0  1  1  1  1  0  0  0  0  0  0  0  0 * -1 -2 -3 -4 -4 -3 -2  0  1  1  0  0  0	
 4820.311 -427.201
  0  0  1  0  0  0  0  0  0 -1 -1 -1  0 * -1 -3 -5 -7 -8 -6 -2  1  0 -1 -1 -1 -1	
  0  0  0  0  0  0  0  0  0  0  0  0  0 * -1 -1 -2 -2 -2 -1 -1  0  0  0  0  0  0	
 4820.311 -421.862
  0  0 -1 -1  0  0  0  0  0  0  0  0  1 * -2  1  5  3  2  0 -1 -2 -2 -2 -3 -3 -3	
  0  0  0  0  0  0  0  0  0  0  0  0  0 *  0  1  1  1  1  0  0 -1 -1 -1 -1 -1 -1	
 4820.311 -421.376
 -1  0  2  2  1  0 -1 -1 -1 -1 -1 -2 -2 * -2  1  4  4  3  1  0 -1 -2 -2 -2 -2 -2	
  0  1  1  0  0  0  0  0  0  0  0 -1  0 *  0  1  1  1  1  0  0 -1 -1 -1 -1 -1 -1	
 4820.311 -420.891
 -4  0  5  5  3  1 -1 -2 -2 -3 -3 -4 -4 * -2  1  4  3  3  2  0 -1 -2 -2 -2 -2 -2	
  0  1  2  2  1  0  0 -1 -1 -1 -1 -1 -1 *  0  1  1  1  1  1  0  0 -1 -1 -1 -1 -1	
 4820.311 -420.406
 -5  0  6  7  5  2  0 -2 -3 -3 -4 -5 -5 * -3  1  5  4  3  2  0 -1 -2 -2 -3 -3 -3	
 -1  2  3  3  2  1  0 -1 -2 -2 -2 -2 -2 *  0  1  2  1  1  1  0  0 -1 -1 -1 -1 -1	
 4820.311 -419.435
 -6 -1  7 11  9  4  1 -4 -5 -6 -6 -6 -6 * -2  0  3  6  5  2  0 -2 -3 -3 -3 -3 -2	
 -2  2  5  5  4  2  0 -2 -3 -4 -4 -4 -3 * -1  1  2  2  2  1  0 -1 -1 -2 -2 -2 -1	
 4820.311 -418.949
 -7 -2  8 16 12  5  1 -4 -6 -7 -8 -8 -7 * -3 -1  3  6  5  2  0 -2 -2 -3 -3 -3 -3	
 -2  3  6  6  4  3  0 -2 -4 -4 -4 -4 -4 * -1  1  2  2  1  1  0 -1 -1 -1 -1 -1 -1	
 4820.311 -418.464
 -9 -3  9 16 12  4  1 -4 -7 -7 -8 -9 -9 * -1  0  1  2  1  0  0  0  0  0 -1 -1 -1	
 -2  3  6  6  4  2  0 -2 -3 -4 -4 -4 -4 *  0  0  0  0  0  0  0  0  0  0  0  0  0	
 4820.311 -417.979
 -5 -2  6 11  7  2  0 -2 -3 -4 -5 -5 -5 * -1  0  1  1  1  0  0  0 -1 -1 -1 -1 -1	
 -1  2  4  4  2  1  0 -1 -2 -2 -2 -3 -2 *  0  0  0  0  0  0  0  0  0  0  0  0  0	
 4820.633 -435.211
 -1  9 16 17 15  9 -2-11-12-11-11 -8 -4 *  0  7 11 12 10  6 -2 -8 -7 -6 -6 -5 -2	
  0  5  8  8  6  3  0 -4 -6 -6 -6 -5 -2 *  0  3  5  5  3  2  0 -3 -4 -4 -3 -3 -1	
 4820.633 -434.725
 -5 13 25 28 24 16  0-16-22-22-21-17-10 * -2  6 12 13 12  8  0 -7 -9 -9 -8 -6 -4	
 -1  8 14 14 11  6  0 -6-10-11-11 -9 -6 *  0  3  5  6  4  3  0 -2 -3 -4 -4 -3 -2	
 4820.633 -434.240
 -6 16 32 37 32 19  2-20-30-34-31-25-15 * -3  6 12 10 11  6  0 -9-16-18-16-12 -7	
 -2  9 17 19 16  9  1 -9-15-16-17-14 -8 * -1  3  6  5  5  2  0 -3 -7-10 -7 -6 -3	
 4820.633 -433.755
 -8 16 33 36 32 22  1-21-30-31-30-25-15 * -5  7 14 16 14 10  1-11-18-17-16-13 -9	
 -2 10 20 20 16 10  2 -8-14-16-16-14 -9 * -1  4  7  7  6  4  1 -3 -6 -7 -7 -6 -4	
 4820.633 -433.269
 -6 16 32 34 31 21  1-19-25-25-25-21-12 * -4  7 14 15 14  9  0-11-16-15-14-12 -7	
 -2 10 19 19 15  9  1 -8-13-14-14-12 -7 * -1  4  7  7  6  3  0 -3 -5 -6 -6 -5 -3	
 4820.633 -432.784
  1 17 30 32 29 18 -2-14 -9-11-12 -9 -4 * -1  7 12 13 11  7 -1 -9 -9 -8 -9 -7 -4	
  0 10 17 17 13  7  0 -7-10-10 -9 -8 -5 *  0  3  6  6  4  2  0 -3 -4 -5 -4 -4 -2	
 4820.633 -432.298
  6 18 29 30 26 15 -2 -3  5  2  2  2  4 *  2  6  9 10  8  5 -2 -3  3  1  0  1  2	
  2 11 16 16 12  6 -1 -5 -4 -4 -4 -3 -1 *  1  3  4  4  3  1  0 -2 -2 -1 -1 -1  0	
 4820.633 -431.813
  0 26 31 31 26 12 -8-25-32-32-29-22-11 *  8-17-10 -9 -5 -2 15 47 60 56 53 43 24	
  1 17 21 17 11  4 -4-11-17-19-18-15 -8 *  0-11 -8 -4 -2  1  6 16 24 25 24 20 11	
 4820.633 -431.328
 -2  7 12 11 10  6  0 -7-10-10 -9 -7 -4 *  5 -7  0  5  4  5 12 24 24 20 20 18 12	
 -1  5  9  9  7  4  1 -3 -5 -6 -6 -5 -3 *  1 -6 -6  0  2  3  6  9 11 10  9  8  5	
 4820.633 -430.842
 -3  7 16 15 11  7  1 -6-11-11-10 -9 -6 *  7-11-19 -5 -4  1  9 16 16 15 15 14 10	
 -1  4  9 10  9  5  2 -2 -5 -6 -6 -5 -3 *  1 -4-10 -8 -4  0  3  6  7  7  7  6  4	
 4820.633 -430.357
 -2  5 16 22 19 13  4 -3 -7 -8 -8 -7 -4 *  6 -7-21-19-11 -5  3  8  9 10 12 11  8	
 -1  3  7 10 10  7  3 -1 -3 -5 -5 -4 -3 *  1 -3 -8-10 -7 -4  0  2  4  4  4  4  3	
 4820.633 -429.871
 -1  5 13 21 21 15  7 -1 -6 -6 -6 -5 -3 *  3 -4-16-23-17-11 -3  2  4  7  8  7  5	
  0  3  6  8  9  7  4  0 -3 -4 -4 -3 -2 *  1 -2 -5 -8 -7 -5 -3  0  1  2  3  3  2	
 4820.633 -429.386
  0  4 10 17 18 14  7  0 -4 -4 -4 -3 -2 *  1 -3-12-19-19-14 -7 -2  2  5  6  4  3	
  0  3  5  6  7  5  3  0 -2 -3 -3 -2 -1 *  1 -2 -4 -5 -6 -5 -3 -1  0  1  2  2  1	
 4820.633 -428.901
  1  4  8 12 14 11  6  0 -3 -2 -2 -2  0 *  0 -4 -9-15-17-14 -8 -3  2  4  3  2  1	
  0  2  4  5  5  4  2  0 -2 -2 -2 -1 -1 *  0 -2 -3 -4 -5 -4 -3 -1  0  1  2  1  1	
 4820.633 -428.415
  1  3  6  8  9  8  4  0 -2 -1 -1 -1  0 * -2 -5 -8-12-14-11 -7 -1  2  2  1  0 -1	
  1  2  3  3  3  2  1  0 -1 -1 -1 -1  0 *  0 -2 -3 -4 -4 -3 -2 -1  0  1  1  1  0	
 4820.633 -427.930
  1  3  5  6  7  5  3 -1 -1 -1 -1 -1  0 * -2 -4 -7 -9-10 -8 -4  0  2  1  0 -1 -1	
  0  2  2  2  2  2  1  0 -1 -1 -1 -1  0 * -1 -2 -2 -3 -3 -2 -2  0  0  1  1  0  0	
 4820.633 -427.444
  0  2  4  4  4  3  1 -1 -1 -2 -2 -1 -1 * -2 -2 -3 -5 -6 -5 -2  1  1 -1 -2 -1 -1	
  0  1  2  2  1  1  0 -1 -1 -1 -1 -1  0 * -1 -1 -1 -2 -2 -2 -1  0  0  0  0  0  0	
 4820.633 -426.959
  0  1  2  2  1  1  0  0 -1 -1 -1 -1  0 * -1 -1 -1 -2 -2 -2  0  1  0 -1 -1 -1 -1	
  0  0  1  1  0  0  0  0  0  0  0  0  0 *  0  0 -1 -1 -1 -1  0  0  0  0  0  0  0	
 4820.633 -421.619
  0  0  0  0  0  0  0  0  0  0  0  0  0 * -2  1  4  3  2  1  0 -1 -1 -2 -2 -2 -2	
  0  0  0  0  0  0  0  0  0  0  0  0  0 *  0  1  1  1  1  0  0  0 -1 -1 -1 -1 -1	
 4820.633 -420.163
 -1  0  2  2  1  0  0 -1 -1 -1 -1 -1 -1 * -3  1  6  4  3  2  0 -1 -2 -2 -3 -3 -3	
  0  0  1  1  0  0  0  0  0  0  0  0  0 *  0  1  2  2  1  1  0 -1 -1 -1 -1 -1 -1	
 4820.633 -417.736
 -4 -2  5 10  7  3  0 -2 -3 -4 -4 -4 -4 * -7 -4  7 16 12  4  1 -4 -6 -7 -7 -8 -7	
 -1  2  4  4  2  1  0 -1 -2 -2 -2 -2 -2 * -2  2  5  5  3  2  0 -1 -3 -3 -3 -4 -3	
 4820.633 -417.251
 -1  0  2  3  1  0  0 -1 -1 -1 -1 -1 -1 *  0  0  0  1  0  0  0  0  0  0  0  0  0	
  0  0  1  1  0  0  0  0  0 -1 -1 -1  0 *  0  0  0  0  0  0  0  0  0  0  0  0  0	
 4820.956 -433.997
 -3 13 22 24 21 13 -3-16-20-20-18-14 -8 * -2 10 15 15 13  8 -3-14-18-18-17-13 -7	
  0  7 12 12  9  5 -1 -6 -9-10-10 -8 -5 *  0  5  7  7  5  3 -1 -4 -7 -7 -7 -6 -3	
 4820.956 -433.512
 -7 14 29 32 29 19  0-20-28-28-26-21-13 * -5  9 17 19 17 10 -1-13-19-18-17-14 -9	
 -2  9 16 17 13  8  1 -7-13-15-14-13 -8 * -1  5  8  8  6  4  0 -4 -7 -8 -7 -6 -4	
 4820.956 -433.027
-11 14 32 36 32 21  2-22-35-34-32-27-18 * -5  7 14 16 14  9  1-11-17-16-15-13 -9	
 -3 10 19 20 16 10  1 -8-15-18-17-15-10 * -1  4  7  7  6  3  1 -3 -6 -6 -6 -5 -3	
 4820.956 -432.541
-13 17 37 40 36 24  2-28-43-41-39-33-22 * -5  5 13 14 12  8  1 -9-13-12-13-12 -8	
 -4 11 22 22 18 11  2-10-18-21-21-18-12 * -1  3  6  6  5  3  1 -3 -5 -5 -5 -5 -3	
 4820.956 -432.056
-10 19 39 42 38 25  1-27-37-36-36-31-19 *  0  5 11 12 11  7  2  0  2 -1 -3 -2 -1	
 -3 12 23 24 19 11  2-10-18-20-19-17-11 *  0  2  4  5  4  3  1 -1 -1 -1 -1 -1 -1	
 4820.956 -431.570
 -7 20 41 44 39 26  2-20-27-27-27-23-14 *  4  0  2  5  5  4  6 12 14 11 11 10  7	
 -2 12 23 25 19 12  2 -8-14-15-15-14 -9 *  1 -1 -1  1  1  2  2  4  6  6  5  4  3	
 4820.956 -431.085
 -5 12 32 38 34 23  5 -9-14-15-15-13 -8 *  4 -5 -9 -6 -4 -1  4 10 10  9  9  9  6	
 -2  6 16 19 16 10  3 -3 -7 -9 -9 -8 -5 *  1 -2 -5 -4 -2 -1  1  3  4  4  4  4  2	
 4820.956 -430.599
 -3  9 27 37 33 24  8 -4 -9-11-11 -9 -6 *  3 -3 -8 -7 -4 -2  2  5  4  4  5  5  4	
 -1  5 12 17 15 11  5 -1 -4 -6 -7 -6 -4 *  1 -1 -3 -4 -2 -1  0  2  2  2  2  2  1	
 4820.956 -430.114
 -1  7 20 30 29 22 10 -1 -6 -8 -8 -6 -4 *  2 -2 -8-11 -8 -6 -2  1  2  4  5  4  3	
 -1  4  9 12 12  9  5  1 -3 -4 -5 -5 -3 *  0 -1 -3 -4 -4 -2 -1  0  1  1  1  1  1	
 4820.956 -429.629
  0  6 14 23 24 19 10  1 -4 -6 -5 -4 -2 *  1 -2 -7-11-10 -8 -5 -2  1  3  4  3  2	
  0  3  6  9  9  8  4  1 -2 -3 -4 -3 -2 *  0 -1 -2 -3 -3 -3 -2 -1  0  1  1  1  1	
 4820.956 -429.143
  1  5 10 16 18 15  8  1 -3 -4 -3 -2 -1 *  0 -3 -6 -9-10 -8 -5 -2  1  3  2  1  0	
  0  3  5  6  7  5  3  1 -2 -2 -3 -2 -1 *  0 -1 -2 -3 -3 -2 -2 -1  0  0  1  1  0	
 4820.956 -428.658
  1  4  7 11 13 10  6  0 -3 -3 -2 -1  0 * -1 -3 -6 -7 -9 -7 -4 -1  2  2  1  0  0	
  0  2  4  4  4  4  2  0 -1 -2 -2 -1 -1 *  0 -1 -2 -2 -2 -2 -1 -1  0  0  1  1  0	
 4820.956 -428.172
  1  3  6  8  8  7  3 -1 -2 -2 -2 -1  0 * -1 -3 -5 -6 -6 -5 -3  0  2  1  0  0 -1	
  0  2  3  3  3  2  1  0 -1 -2 -1 -1  0 *  0 -1 -2 -2 -2 -2 -1  0  0  0  0  0  0	
 4820.956 -427.687
  0  4  6  7  7  5  2 -1 -3 -3 -3 -3 -1 * -2 -1 -1 -3 -3 -2 -1  0  0 -1 -3 -3 -2	
  0  2  3  3  3  2  1 -1 -2 -2 -2 -2 -1 *  0  0 -1 -1 -1 -1 -1 -1  0  0  0 -1 -1	
 4820.956 -427.201
  0  2  3  4  3  2  1 -1 -2 -2 -2 -2 -1 * -1  0  0  0  0  0  1  1  0 -2 -3 -2 -2	
  0  1  2  2  1  1  0 -1 -1 -1 -1 -1  0 *  0  0  0  0  0 -1 -1  0  0 -1 -1 -1 -1	
 4820.956 -419.920
 -3  0  5  4  2  1  0 -1 -2 -2 -2 -3 -3 * -3  0  5  4  2  1  0 -1 -2 -2 -2 -3 -3	
  0  1  2  1  1  1  0  0 -1 -1 -1 -1 -1 *  0  1  1  1  1  0  0  0 -1 -1 -1 -1 -1	
 4820.956 -417.979
  1  1 -2 -4 -2 -1  0  1  1  1  1  1  1 * -3 -2  2  6  4  1  0 -1 -2 -2 -3 -3 -3	
  0 -1 -1 -1 -1  0  0  0  1  1  1  1  1 * -1  1  2  2  1  1  0  0 -1 -1 -1 -1 -1	
 4821.278 -433.269
 -1  7  8  8  7  3 -3-11-13-12-11 -8 -4 *  1  7  7  6  5  2 -4-10 -9 -8 -7 -5 -2	
  0  4  5  5  3  2 -1 -4 -6 -6 -6 -5 -2 *  0  3  4  3  2  1 -1 -3 -4 -4 -4 -3 -2	
 4821.278 -432.784
 -4 11 18 19 17 10 -2-17-23-21-19-15 -9 * -1  3  7  8  7  4  1 -3 -5 -5 -4 -4 -2	
 -1  7 11 11  8  5  0 -6 -9-10-10 -8 -5 *  0  1  3  3  2  1  0 -1 -1 -1 -1 -1 -1	
 4821.278 -432.298
 -9 17 32 33 29 18 -2-25-35-34-33-28-17 * -2  0  0  1  1  1  0 -4 -6 -7 -7 -6 -4	
 -2 10 18 18 14  8  0 -9-15-17-16-14 -8 *  0  0  0  0  0  0  0 -1 -2 -2 -2 -2 -1	
 4821.278 -431.813
 -4  7 10  8  7  4 -2-13-18-16-15-13 -8 * -1  3  1  0  0  0 -2 -5 -6 -5 -5 -5 -3	
  0  6  7  5  4  2 -1 -5 -9-10-10 -8 -4 *  2  5  2 -1 -1 -2 -3 -4 -7 -8 -7 -5 -2	
 4821.278 -431.328
 -4 10 16 13 10  6 -2-12-14-12-13-12 -8 *  0  3  5  4  3  2  0 -1 -1 -1 -1 -1  0	
  1  8 11 10  7  4  0 -5 -9-10 -9 -8 -4 *  1  4  5  4  3  2  0 -1 -2 -2 -1 -1  0	
 4821.278 -430.842
 -3 10 19 19 15 10  1 -8 -9 -8 -9-10 -6 *  1  1  2  2  2  1  0  1  1  1  1  1  1	
  1  8 12 12  9  6  2 -3 -7 -8 -7 -6 -3 *  1  1  3  3  3  2  1  0  0  0  0  0  0	
 4821.278 -430.357
 -2  8 17 18 15 10  2 -4 -5 -5 -7 -8 -5 *  0  0  1  1  1  0  0  0  0  0  0  0  0	
  1  7 11 11  9  6  3 -2 -5 -6 -6 -5 -3 *  0  0  1  2  1  1  0  0  0  0  0  0 -1	
 4821.278 -429.871
 -2  7 14 17 16 11  4 -2 -4 -4 -6 -7 -5 *  0  0  1  1  1  0  0 -1 -1 -1 -1 -1  0	
  0  5  9 10  8  6  3 -1 -4 -5 -5 -4 -3 * -1  0  1  2  2  1  0  0 -1 -1 -1 -1 -1	
 4821.278 -429.386
 -1  5 12 16 17 13  6 -1 -5 -6 -5 -4 -2 * -1 -1 -1 -2 -3 -2 -2 -2  0  1  0  0 -1	
  0  3  6  7  7  5  3  0 -2 -3 -4 -3 -2 *  0  0  0  0  0  0  0 -1 -1 -1 -1  0  0	
 4821.278 -428.901
  0  4  9 12 13 10  5 -1 -4 -4 -4 -3 -1 * -2 -3 -2 -2 -3 -2 -2 -1  0  1  0 -1 -1	
  0  2  5  5  5  4  2  0 -2 -3 -3 -2 -1 * -1 -1 -1 -1  0  0  0  0  0  0  0  0  0	
 4821.278 -428.415
  0  3  6  8  8  6  3 -2 -4 -3 -2 -2 -1 * -1 -3 -3 -2 -1 -1  0  1  1  1 -1 -1 -1	
  0  2  3  4  3  3  1  0 -2 -2 -2 -2 -1 *  0 -1 -1 -1 -1  0  0  0  0  0  0  0  0	
 4821.278 -427.930
  0  4  7  8  8  6  2 -3 -5 -4 -4 -3 -2 * -1 -1 -1  0  1  1  1  1  0 -2 -3 -3 -2	
  0  3  4  4  4  3  1 -1 -2 -3 -3 -2 -1 *  0  0  0  0  0  0  0  0 -1 -1 -1 -1 -1	
 4821.278 -427.444
  0  2  3  4  4  3  1 -2 -3 -3 -2 -2 -1 * -2  1  1  1  2  1  1  1 -1 -3 -3 -3 -2	
  0  1  2  2  2  1  0 -1 -1 -2 -1 -1 -1 *  0  0  1  0  0  0  0 -1 -1 -1 -1 -1 -1	
 4821.278 -426.959
 -1  2  4  4  3  2  0 -2 -2 -3 -3 -3 -2 * -1  1  2  3  3  3  2  0 -2 -3 -3 -3 -2	
  0  1  2  2  1  1  0 -1 -1 -1 -1 -1 -1 *  0  1  1  1  1  0  0 -1 -1 -1 -1 -1 -1	
 4821.278 -426.473
  0  2  2  2  1  1  0 -1 -1 -1 -2 -2 -1 *  0  0  1  1  1  0  0  0  0  0  0  0  0	
  0  1  1  1  0  0  0  0  0 -1  0  0  0 *  0  0  0  0  0  0  0  0  0  0  0  0  0	
 4821.278 -418.221
  0  0  0  0  0  0  0  0  0  0  0  0  0 *  0  0  0  0  0  0  0  0  0  0  0  0  0	
  0  0  0  0  0  0  0  0  0  0  0  0  0 *  0  0  0  0  0  0  0  0  0  0  0  0  0	
 4821.278 -417.736
  0  0  0  0  0  0  0  0  0  0  0  0  0 *  0  0  0  0  0  0  0  0  0  0  0  0  0	
  0  0  0  0  0  0  0  0  0  0  0  0  0 *  0  0  0  0  0  0  0  0  0  0  0  0  0	
 4821.278 -416.765
 -1 -1  0  2  2  1  0 -1 -1 -1 -1 -1 -1 *  0  0  0  1  1  0  0  0  0  0  0  0  0	
  0  0  1  1  1  0  0  0 -1 -1 -1 -1 -1 *  0  0  0  0  0  0  0  0  0  0  0  0  0	
 4821.278 -416.280
 -1 -1  0  2  2  0  0  0 -1 -1 -1 -1 -1 *  0  0  0  2  1  0  0  0  0  0 -1 -1 -1	
  0  0  1  1  0  0  0  0  0  0  0  0  0 *  0  0  0  0  0  0  0  0  0  0  0  0  0	
 4821.601 -431.570
 -1  4 -2 -5 -5 -4 -5 -9-10 -7 -7 -7 -4 *  0  1  0 -2 -1 -1 -1 -2 -2 -1 -1 -1 -1	
  1  4  2 -1 -2 -2 -2 -4 -6 -6 -6 -4 -2 *  1  4  2 -1 -1 -1 -2 -2 -3 -3 -3 -2 -1	
 4821.601 -431.085
 -1  8  5 -3 -5 -5 -6-10 -9 -6 -7 -8 -5 *  0  1  2  1  0  0  0 -1  0  0  0  0  0	
  2  8  7  3  1 -1 -2 -5 -7 -7 -6 -5 -2 *  1  2  3  2  2  1  0 -1 -1 -1 -1  0  0	
 4821.601 -430.599
 -2  9 13  6  1 -1 -5 -9 -7 -4 -6 -8 -5 *  0  1  2  2  0  0 -1 -1  0  0 -1 -1  0	
  2  8 10  7  5  2 -1 -4 -7 -6 -6 -4 -2 *  1  2  4  3  2  1  0 -1 -2 -2 -1 -1 -1	
 4821.601 -430.114
 -2  8 13  9  4  1 -3 -7 -5 -3 -5 -8 -5 *  0  0  1  1  0 -1 -1 -1  0  0  0  0  0	
  1  7 10  8  5  3  0 -3 -6 -6 -5 -4 -3 *  0  1  1  2  2  1  0 -1 -1 -1 -1 -1 -1	
 4821.601 -429.629
 -2  6 12 10  7  3 -1 -4 -3 -3 -6 -7 -5 * -1  0  2  3  3  1  0  0 -1 -1 -1 -1 -1	
  0  5  9  8  6  4  1 -2 -5 -5 -5 -4 -3 * -1  1  2  4  4  2  1  0 -2 -2 -3 -2 -2	
 4821.601 -429.143
 -3  5 11 11  9  6  1 -3 -3 -3 -6 -7 -5 * -1  0  2  4  4  3  1  0 -1 -2 -2 -2 -1	
 -1  4  7  8  6  4  1 -2 -4 -5 -5 -5 -3 * -1  1  3  4  4  3  1  0 -2 -3 -3 -3 -3	
 4821.601 -428.658
 -3  4  9 10  9  5  2 -2 -3 -4 -6 -7 -5 * -1  1  2  4  5  4  2  0 -1 -2 -3 -3 -2	
 -1  3  6  6  5  3  1 -1 -3 -4 -4 -4 -3 * -1  1  3  4  4  3  2  0 -2 -3 -4 -3 -3	
 4821.601 -428.172
 -2  5  9 10  8  6  1 -4 -6 -6 -6 -5 -4 * -1  1  3  4  5  4  2  0 -1 -2 -3 -2 -2	
 -1  3  5  5  4  3  1 -1 -3 -4 -4 -3 -2 * -1  1  1  2  2  1  1  0 -1 -1 -1 -1 -1	
 4821.601 -427.687
  0  3  5  5  5  3  0 -3 -4 -4 -3 -3 -2 * -1  0  1  2  3  3  2  0 -1 -2 -3 -2 -2	
  0  2  3  3  3  2  0 -1 -2 -2 -2 -2 -1 *  0  0  1  1  1  1  0  0 -1 -1 -1 -1 -1	
 4821.601 -427.201
 -1  3  5  5  4  2  0 -3 -3 -4 -4 -3 -2 * -1  1  1  2  3  3  2  0 -2 -2 -2 -2 -1	
  0  2  3  3  2  1  0 -1 -2 -2 -2 -2 -1 *  0  1  1  1  1  0  0  0 -1 -1 -1 -1 -1	
 4821.601 -426.716
 -1  3  5  5  3  2  0 -2 -3 -3 -4 -4 -3 * -1  2  3  4  3  3  1 -1 -3 -3 -3 -2 -1	
  0  2  2  2  2  1  0 -1 -2 -2 -2 -2 -1 *  0  1  2  2  1  1  0 -1 -1 -1 -1 -1 -1	
 4821.923 -429.871
  0  4  5  1 -3 -4 -4 -4 -2 -1 -2 -2 -1 *  0  0  1  0  0 -1 -1 -1  0  0  0  0  0	
  1  3  3  2  1  0 -1 -2 -2 -2 -1 -1  0 *  0  1  1  1  0  0  0 -1 -1 -1 -1  0  0	
 4821.923 -429.386
 -1  5  8  5 -1 -4 -6 -6 -3 -2 -4 -5 -2 *  0  2  3  3  2  0 -1 -2 -2 -2 -2 -2 -1	
  0  3  5  4  2  1 -1 -3 -4 -3 -3 -3 -2 *  0  3  5  5  4  2  0 -2 -4 -4 -4 -3 -2	
 4821.923 -428.901
 -3  4  9  9  5  0 -2 -4 -3 -3 -6 -7 -5 * -1  1  3  4  4  2  0 -1 -1 -2 -2 -2 -1	
 -1  3  6  6  4  2  0 -2 -4 -4 -4 -4 -3 * -1  2  4  5  4  3  1 -1 -3 -4 -4 -4 -3	
 4821.923 -428.415
 -4  4 10 12 11  7  2 -1 -2 -4 -8 -9 -6 * -1  1  3  4  5  4  2  0 -1 -2 -3 -3 -2	
 -2  3  6  7  6  4  2 -1 -4 -5 -5 -5 -4 * -1  2  5  6  5  4  2 -1 -3 -4 -5 -4 -3	
 4821.923 -427.930
 -3  4  8 11 11  8  4  0 -2 -3 -6 -7 -5 *  0  1  2  3  4  3  2  1 -1 -2 -2 -1 -1	
 -1  2  5  6  5  4  2 -1 -3 -4 -4 -4 -3 *  0  2  3  4  3  2  1 -1 -2 -3 -3 -2 -1	
 4821.923 -427.444
 -1  3  6  6  4  2 -1 -3 -4 -4 -4 -3 -2 * -1  1  2  3  4  3  2  0 -2 -2 -2 -2 -1	
  0  2  3  3  3  2  0 -1 -2 -3 -3 -2 -2 *  0  1  1  1  1  1  0  0 -1 -1 -1 -1 -1	
 4821.923 -426.959
 -2  3  6  6  5  2  0 -3 -5 -5 -5 -5 -3 *  0  2  3  3  3  3  1 -1 -3 -3 -3 -2 -1	
 -1  2  3  4  3  2  0 -1 -2 -3 -3 -3 -2 *  0  1  2  2  1  1  0 -1 -1 -1 -1 -1 -1	
 4821.923 -426.473
 -3  3  7  7  5  3  0 -3 -5 -5 -6 -6 -5 * -1  2  4  5  5  3  1 -3 -4 -4 -4 -3 -2	
 -1  2  4  3  3  1  0 -1 -2 -3 -3 -3 -2 *  0  2  2  2  2  1  0 -1 -2 -2 -2 -2 -1	
 4821.923 -425.988
 -3  3  6  6  4  2 -1 -2 -3 -4 -5 -5 -4 * -2  3  6  6  4  1 -1 -2 -3 -4 -4 -5 -4	
  0  2  3  2  2  1  0 -1 -1 -2 -2 -2 -1 *  0  1  2  2  1  0  0 -1 -1 -1 -1 -1 -1	
 4822.246 -428.658
 -1  4  7  8  5  1 -2 -3 -2 -3 -5 -4 -3 * -1  2  3  3  4  2  0 -1 -2 -2 -3 -3 -2	
 -1  3  5  4  3  2  0 -2 -3 -3 -3 -3 -2 *  0  4  5  5  4  2  0 -2 -4 -4 -4 -4 -3	
 4822.246 -428.172
 -3  3  7 10  9  5  1 -2 -3 -4 -6 -6 -4 * -1  2  3  4  4  3  1 -1 -1 -2 -3 -3 -2	
 -1  2  5  5  4  3  1 -2 -3 -4 -4 -4 -3 * -1  3  5  5  4  3  1 -2 -4 -4 -5 -4 -3	
 4822.246 -427.687
 -3  3  8 11 11  8  3 -1 -2 -4 -7 -7 -5 * -1  1  3  3  4  3  1  0 -1 -2 -2 -2 -1	
 -1  2  5  5  5  3  1 -1 -3 -4 -4 -4 -3 * -1  2  4  5  4  3  1 -1 -3 -3 -3 -3 -2	
 4822.246 -427.201
 -2  3  7  8  6  3  0 -4 -5 -6 -6 -5 -4 *  0  2  4  4  4  3  1 -1 -2 -2 -2 -2 -1	
 -1  2  4  4  3  2  0 -1 -3 -3 -3 -3 -2 *  0  1  2  2  1  1  0  0 -1 -1 -1 -1 -1	
 4822.246 -426.716
 -3  4  8  9  6  3  0 -4 -6 -7 -7 -7 -5 *  0  2  3  4  3  2  1 -2 -3 -3 -2 -2 -1	
 -1  3  5  5  4  2  1 -2 -3 -4 -4 -4 -3 *  0  1  2  2  1  1  0 -1 -1 -1 -1 -1 -1	
 4822.246 -426.231
 -4  3  9  9  7  4  0 -4 -6 -7 -7 -7 -5 * -1  1  3  4  4  2  0 -2 -3 -4 -3 -2 -1	
 -1  3  5  5  4  2  0 -2 -3 -4 -4 -4 -3 *  0  1  2  2  2  1  0 -1 -2 -2 -2 -2 -1	
 4822.246 -425.745
 -4  3  9  9  7  4  0 -4 -5 -6 -7 -7 -6 * -3  2  6  6  4  2  0 -3 -4 -4 -5 -5 -4	
 -1  3  5  5  3  2  0 -2 -3 -4 -4 -4 -3 *  0  1  2  2  2  1  0 -1 -2 -2 -2 -2 -1	
 4822.246 -425.260
 -3  2  6  6  4  2  0 -2 -3 -4 -4 -5 -4 * -3  2  6  6  3  1  0 -2 -3 -3 -4 -5 -4	
  0  1  2  2  2  1  0 -1 -1 -2 -2 -2 -1 *  0  1  2  2  1  1  0 -1 -1 -1 -1 -1 -1	
 4822.568 -428.415
  0  2  3  5  4  1 -1 -2 -2 -3 -4 -3 -1 * -1  1  2  2  2  1  0 -1 -1 -2 -2 -2 -1	
  0  2  3  3  2  1  0 -2 -2 -2 -2 -2 -1 *  0  3  3  3  2  1  0 -2 -3 -3 -3 -3 -1	
 4822.568 -427.930
 -1  1  3  5  5  4  1 -2 -2 -3 -4 -3 -2 * -1  1  2  2  2  2  1 -1 -1 -1 -2 -1 -1	
 -1  1  3  3  2  1  0 -1 -2 -2 -2 -2 -1 *  0  2  4  4  3  2  0 -1 -2 -3 -3 -2 -1	
 4822.568 -427.444
 -3  2  5  6  4  2  0 -3 -4 -4 -5 -5 -4 * -2  2  4  5  4  2  1 -1 -2 -2 -3 -3 -2	
  0  2  3  3  2  1  0 -1 -2 -2 -2 -2 -1 *  0  1  2  2  1  1  0  0 -1 -1 -1 -1 -1	
 4822.568 -426.959
 -5  3 10 10  7  4  0 -4 -6 -7 -8 -8 -7 * -2  1  4  4  3  2  0 -1 -2 -3 -3 -3 -3	
 -1  2  5  5  4  2  0 -2 -3 -4 -4 -4 -3 *  0  1  2  2  1  1  0  0 -1 -1 -1 -1 -1	
 4822.568 -426.473
 -7  4 13 12  9  5  0 -4 -7 -9-10-10 -9 * -1  1  2  3  2  1  0 -1 -2 -2 -2 -2 -1	
 -1  3  6  6  5  3  1 -2 -4 -5 -5 -5 -3 *  0  1  1  1  1  1  0  0 -1 -1 -1 -1 -1	
 4822.568 -425.988
 -5  4 11 11  8  5  0 -4 -6 -7 -8 -8 -7 * -4  2  6  6  5  2  0 -3 -5 -5 -6 -5 -5	
 -1  3  6  6  5  3  1 -2 -4 -4 -5 -5 -3 * -1  2  3  3  2  1  0 -1 -2 -3 -3 -3 -2	
 4822.568 -425.503
 -3  3  8  8  7  4  0 -3 -5 -5 -6 -6 -5 * -3  2  7  7  6  3  0 -3 -5 -6 -6 -5 -4	
 -1  2  4  5  4  2  1 -1 -3 -3 -3 -3 -2 * -1  2  3  3  3  2  0 -1 -2 -3 -3 -3 -2	
 4822.568 -425.017
 -3  2  6  6  4  2  0 -2 -3 -3 -4 -4 -3 * -4  2  8  9  6  3  0 -3 -4 -5 -6 -6 -5	
  0  1  3  3  2  1  0 -1 -1 -2 -2 -2 -1 *  0  2  3  3  2  1  0 -1 -2 -2 -2 -2 -2	
 4822.891 -427.687
  0  1  2  2  2  1  0 -1 -1 -1 -1 -1  0 *  0  0  1  1  1  0  0  0  0  0  0  0  0	
  0  1  1  1  1  0  0 -1 -1 -1 -1 -1  0 *  0  0  1  1  1  0  0  0  0 -1 -1  0  0	
 4822.891 -426.716
 -1  3  6  7  4  2 -1 -2 -2 -3 -3 -3 -2 *  0 -1 -3 -2 -1  0  0  0  0  0  1  1  1	
  0  2  2  2  2  1  0 -1 -1 -1 -1 -1 -1 *  0  0  0  0  0  0  0  0  0  0  0  0  0	
 4822.891 -426.231
 -4  5 11 12  8  4 -1 -4 -5 -7 -7 -7 -6 * -3  2  5  5  3  1  0 -2 -3 -4 -5 -5 -4	
  0  3  5  5  3  2  0 -2 -3 -3 -3 -3 -2 *  0  1  2  1  1  0  0 -1 -1 -1 -1 -1 -1	
 4822.891 -425.745
 -6  3 12 12  8  4  0 -3 -5 -6 -7 -8 -8 * -6  4 12 11  8  4  0 -4 -6 -7 -8 -8 -8	
 -1  3  5  5  4  2  0 -1 -3 -3 -4 -4 -3 * -1  2  4  4  3  2  0 -1 -2 -3 -3 -3 -2	
 4822.891 -425.260
 -4  2  7  7  6  3  0 -3 -4 -5 -6 -6 -5 * -4  1  7  9  7  4  1 -3 -5 -5 -6 -5 -4	
 -1  2  4  4  3  2  0 -1 -2 -3 -3 -3 -2 * -1  2  4  4  3  2  1 -1 -2 -3 -3 -3 -2	
 4822.891 -424.774
 -4  1  6  7  5  3  0 -3 -4 -5 -5 -5 -4 * -4  2  8  9  7  4  0 -3 -5 -6 -6 -6 -5	
 -1  2  3  4  3  2  0 -1 -2 -3 -3 -3 -2 * -1  2  3  4  3  2  0 -1 -2 -2 -3 -3 -2	
 4823.213 -425.988
  0  0  0  0  0  0  0  0  0  0 -1  0  0 * -1  1  2  1  0  0 -1 -1 -2 -2 -2 -3 -2	
  0  0  0  0  0  0  0  0  0  0  0  0  0 *  0  0  0  0  0  0  0  0  0 -1 -1 -1  0	
 4823.213 -425.503
 -4  1  5  5  3  1  0 -2 -3 -4 -4 -5 -4 * -3  2  7  7  5  2  0 -3 -4 -4 -5 -5 -4	
 -1  1  2  2  2  1  0 -1 -2 -2 -2 -2 -2 * -1  2  3  3  2  1  0 -1 -2 -2 -2 -2 -1	
 4823.213 -425.017
 -5  1  8  8  6  3  0 -3 -4 -5 -6 -6 -6 * -2  1  5  5  4  2  1 -1 -2 -2 -3 -3 -3	
 -1  2  4  4  3  2  0 -1 -2 -3 -3 -3 -2 *  0  1  2  2  2  1  0  0 -1 -1 -1 -1 -1	
 4823.213 -424.532
 -7  2 12 13 10  5  0 -5 -7 -8 -9 -9 -8 * -2  1  4  4  3  1  0 -1 -2 -2 -3 -3 -3	
 -2  3  6  6  5  3  1 -2 -4 -5 -5 -5 -4 *  0  1  1  1  1  1  0  0 -1 -1 -1 -1 -1	
 4823.535 -425.260
 -1  0  2  2  1  0  0 -1 -1 -1 -1 -2 -2 *  0  1  2  2  2  1  0 -1 -1 -1 -1 -1 -1	
  0  0  1  1  0  0  0  0  0  0  0  0  0 *  0  0  1  1  1  0  0  0  0 -1 -1 -1  0	
 4824.824 -419.920
 -3  0  6  6  4  2  0 -1 -2 -3 -3 -3 -3 *  0  0  1  1  1  0  0  0  0  0  0  0  0	
 -1  1  2  2  2  1  0 -1 -1 -2 -2 -2 -1 *  0  0  0  0  0  0  0  0  0  0  0  0  0	
 4824.824 -419.435
 -2  0  3  3  2  1  0 -1 -1 -1 -1 -2 -2 * -1  0  1  1  1  0  0  0  0  0 -1 -1 -1	
  0  0  1  1  1  0  0  0 -1 -1 -1 -1 -1 *  0  0  0  0  0  0  0  0  0  0  0  0  0	
 4825.147 -418.707
  0  0  1  1  1  0  0  0  0  0  0  0  0 *  0  0  1  1  0  0  0  0  0  0  0  0  0	
  0  0  0  0  0  0  0  0  0  0  0  0  0 *  0  0  0  0  0  0  0  0  0  0  0  0  0	
