Brest                     	
 4800.345 -452.780
 -3 -3 -4 -5 -4 -2  0  2  5  5  2 -1 -3 *  9 10 11 11  9  5 -1 -7 -6 -1  3  6  8	
 -2 -2 -3 -3 -2 -1  1  2  3  3  2  1 -1 *  4  5  5  5  4  2 -1 -3 -4 -3 -1  1  3	
 4800.345 -452.295
 -3 -3 -4 -4 -4 -2  0  2  4  3  1 -1 -2 *  9 10 11 10  9  5 -1 -6 -5 -1  3  6  8	
 -2 -2 -3 -2 -2  0  1  2  2  2  1  0 -1 *  4  5  5  5  4  2 -1 -3 -3 -2 -1  1  3	
 4800.345 -451.809
 -2 -3 -3 -4 -3 -1  0  2  2  2  0 -2 -2 *  8 10 11 10  9  4 -2 -6 -6 -1  3  5  8	
 -2 -2 -2 -2 -1  0  1  2  2  1  0 -1 -2 *  4  5  5  5  4  2 -1 -3 -3 -2 -1  1  2	
 4800.345 -451.324
 -2 -2 -2 -3 -2 -1  0  1  1  0 -1 -2 -2 *  8 10 11 10  8  4 -2 -7 -6 -2  2  4  7	
 -2 -2 -2 -1 -1  0  1  1  1  0 -1 -2 -2 *  3  5  5  5  4  2 -1 -3 -4 -3 -1  0  2	
 4800.345 -450.838
 -1 -1 -1 -2 -1  0  0  0 -1 -1 -1 -2 -2 *  7  9 11 11  9  4 -2 -8 -8 -4  0  3  6	
 -2 -1 -1 -1  0  1  1  1  0 -1 -1 -2 -2 *  3  5  6  5  4  2 -1 -3 -4 -3 -2  0  2	
 4800.345 -450.353
 -1  0 -1 -1  0  0  1  0 -2 -2 -2 -2 -1 *  6 10 12 12  9  4 -4-10-11 -7 -4  0  5	
 -1 -1 -1  0  0  1  1  1  0 -1 -2 -2 -2 *  3  5  6  6  4  2 -2 -4 -5 -5 -3 -1  2	
 4800.345 -449.868
 -1  0  0 -1  0  0  1  0 -2 -2 -2 -2 -1 *  6 10 12 12 10  4 -4-11-12-10 -6 -1  4	
 -2 -1 -1  0  0  1  1  1  0 -2 -2 -2 -2 *  3  5  6  6  4  2 -2 -5 -6 -5 -3 -1  2	
 4800.345 -449.382
 -1  0 -1 -1  0  1  1  0 -2 -2 -2 -2 -1 *  5 10 13 13 10  4 -4-12-13-11 -7 -2  4	
 -2 -1 -1  0  0  1  1  1  0 -2 -3 -3 -2 *  3  5  6  6  5  2 -2 -5 -7 -6 -4 -2  1	
 4800.345 -448.897
 -1  0  0  0  1  1  1  0 -3 -2 -2 -2 -1 *  6 11 15 15 12  5 -5-14-16-14 -9 -3  4	
 -2 -1  0  0  1  2  2  1 -1 -3 -3 -3 -3 *  3  6  7  7  5  2 -2 -6 -8 -7 -5 -2  1	
 4800.345 -448.411
 -1  1  1  1  1  2  2  0 -4 -3 -3 -3 -2 *  5 13 18 18 13  5 -6-17-20-19-13 -6  2	
 -2 -1  0  1  1  2  2  1 -1 -4 -4 -3 -3 *  2  6  8  8  6  3 -2 -7 -9 -9 -7 -5 -1	
 4800.345 -447.926
 -2  0  1  1  1  2  3  0 -4 -3 -4 -3 -3 *  4 16 21 20 15  5 -7-20-28-27-21-11  0	
 -3 -2  0  1  2  2  3  2 -1 -4 -4 -4 -3 *  1  7 10 10  7  3 -2 -8-11-12-11 -8 -3	
 4800.345 -447.441
 -3 -1  0  0  1  2  3  1 -2 -3 -4 -4 -3 *  5 19 24 23 16  6 -8-22-34-34-26-14  0	
 -3 -2 -1  0  1  2  3  2 -1 -3 -3 -4 -4 *  1  8 11 11  8  4 -2 -9-13-15-13 -9 -4	
 4800.345 -446.955
 -4 -2 -2 -1  0  2  4  3  0 -2 -3 -4 -4 *  6 20 26 24 17  6 -8-23-35-35-26-14  1	
 -4 -3 -2 -1  1  2  3  3  1 -2 -3 -3 -4 *  1  8 12 12  9  4 -2 -9-14-15-13 -9 -3	
 4800.345 -446.470
 -5 -4 -4 -3 -1  2  5  5  2  0 -2 -4 -5 *  7 21 26 24 17  6 -9-24-35-35-26-14  1	
 -4 -4 -3 -2  0  2  4  4  2  0 -1 -3 -4 *  2  9 12 12  9  4 -3 -9-14-15-13 -9 -3	
 4800.345 -445.984
 -6 -6 -6 -5 -2  1  5  6  5  3  0 -3 -5 *  7 21 26 23 16  5 -9-24-34-34-26-14  2	
 -4 -4 -4 -3 -1  2  4  5  4  2  0 -2 -3 *  2  9 12 12  8  3 -3 -9-14-15-13 -9 -3	
 4800.345 -445.499
 -7 -7 -8 -6 -3  1  5  8  7  5  1 -3 -6 *  8 21 25 22 15  5 -9-23-32-32-24-12  3	
 -4 -5 -5 -4 -2  1  4  6  5  3  1 -1 -3 *  2  9 12 11  8  3 -3 -9-13-14-12 -8 -2	
 4800.345 -445.014
 -7 -8 -8 -7 -4  0  5  8  8  6  2 -2 -6 *  8 19 23 20 14  5 -8-21-29-29-23-12  3	
 -4 -5 -5 -4 -2  1  4  6  5  4  2  0 -3 *  2  8 11 10  7  3 -3 -8-12-12-11 -8 -2	
 4800.345 -444.528
 -7 -9 -9 -8 -5  0  6  9 10  7  3 -2 -6 *  9 19 22 19 14  4 -8-20-28-29-23-12  4	
 -4 -6 -6 -5 -2  1  4  6  6  5  3  0 -2 *  2  8 10 10  7  3 -3 -8-11-12-11 -8 -2	
 4800.345 -444.043
 -9-11-10 -9 -5  0  6 11 12  9  4 -2 -8 * 11 19 21 19 13  4 -8-20-29-30-23-10  7	
 -4 -7 -7 -5 -3  1  4  7  7  6  4  1 -3 *  3  9 10  9  7  2 -3 -8-11-12-11 -7 -1	
 4800.345 -443.557
-10-12-12-10 -6  0  7 13 15 11  4 -3 -9 * 13 19 20 18 12  4 -7-18-26-25-18 -5 10	
 -5 -8 -8 -6 -3  1  5  8  9  8  5  1 -3 *  5  9 10  9  6  2 -3 -7-10-11 -9 -5  1	
 4800.345 -443.072
-11-13-13-11 -6  0  7 14 16 11  3 -5-10 * 13 17 19 16 11  3 -7-14-19-17-11  0 11	
 -6 -8 -8 -7 -4  0  5  8 10  8  5  1 -4 *  6  9  9  8  5  2 -3 -6 -8 -7 -6 -2  3	
 4800.345 -442.587
-12-13-14-11 -7  0  8 14 15  9  1 -7-11 * 13 16 17 15 10  3 -7-12-13-11 -5  4 12	
 -7 -9 -9 -7 -4  0  5  8  9  8  4  0 -5 *  6  8  8  7  5  2 -3 -6 -6 -5 -3  0  4	
 4800.345 -442.101
-12-13-13-11 -7  0  8 13 13  7  0 -7-11 * 12 14 15 13  9  2 -6-11 -9 -6 -1  6 11	
 -7 -9 -9 -7 -4  0  5  8  9  7  3 -1 -5 *  6  7  7  6  4  1 -3 -5 -6 -4 -1  1  4	
 4800.345 -441.616
-11-12-12-10 -6  0  8 12 11  5 -2 -8-11 * 11 13 14 12  8  2 -6-11 -8 -3  2  6 10	
 -7 -8 -8 -6 -3  1  5  8  8  6  2 -2 -6 *  5  7  7  6  4  1 -3 -5 -5 -3 -1  2  4	
 4800.345 -441.130
-11-12-11 -9 -5  1  8 11 10  4 -3 -8-10 *  9 10 11  9  6  1 -6 -9 -7 -2  2  6  8	
 -7 -8 -8 -6 -3  1  5  8  7  5  1 -3 -6 *  5  5  5  4  3  0 -3 -5 -5 -3 -1  2  4	
 4800.345 -440.645
 -9-10-10 -8 -4  1  7 10  8  3 -3 -7 -9 *  6  8  8  7  4  0 -5 -8 -6 -2  2  4  6	
 -6 -7 -7 -5 -2  1  5  7  6  4  1 -3 -5 *  3  4  4  3  2  0 -2 -4 -4 -3 -1  1  3	
 4800.345 -440.160
 -8 -8 -8 -7 -4  1  6  9  7  2 -3 -6 -8 *  5  6  6  6  4  0 -4 -6 -5 -2  1  3  4	
 -5 -6 -6 -4 -2  1  4  6  5  3  0 -2 -5 *  2  3  3  3  1  0 -2 -3 -3 -2 -1  1  2	
 4800.345 -439.674
 -7 -8 -8 -6 -3  1  6  8  7  2 -2 -6 -7 *  4  5  6  5  3  0 -3 -5 -4 -2  1  2  4	
 -5 -6 -5 -4 -1  1  4  6  5  3  0 -2 -4 *  2  3  3  2  1  0 -1 -2 -2 -2 -1  1  2	
 4800.669 -453.023
 -3 -4 -5 -6 -5 -2  1  1  1  0 -2 -3 -3 *  7  8  9  9  7  3 -4 -8 -6 -2  2  5  6	
 -2 -3 -3 -3 -2  0  1  1  1  0  0 -1 -2 *  4  4  4  4  3  1 -2 -4 -3 -2  0  2  3	
 4800.669 -452.537
 -3 -3 -4 -5 -4 -2  1  1  1  1 -1 -2 -3 *  6  7  8  8  7  3 -3 -5 -4  0  2  4  6	
 -2 -2 -3 -2 -2  0  1  1  1  1  0 -1 -2 *  3  4  4  4  3  1 -1 -2 -2 -1  0  1  3	
 4800.669 -452.052
 -2 -3 -4 -4 -3 -1  1  1  1  1 -1 -2 -2 *  6  7  7  7  6  3 -2 -4 -3  0  2  4  5	
 -2 -2 -2 -2 -1  0  1  1  1  1  0 -1 -1 *  3  3  4  3  2  1 -1 -2 -2 -1  0  1  2	
 4800.669 -451.567
 -2 -2 -3 -4 -3 -1  1  1  1  1  0 -1 -2 *  6  7  8  8  6  3 -2 -3 -3  0  2  4  5	
 -1 -2 -2 -2 -1  0  1  1  1  0  0 -1 -1 *  3  3  4  3  3  1 -1 -2 -2 -1  0  1  2	
 4800.669 -451.081
 -1 -1 -2 -3 -2  0  1  0  0  0 -1 -1 -1 *  5  7  8  8  6  2 -2 -4 -3 -1  2  3  5	
 -1 -1 -1 -1  0  1  1  1  0  0 -1 -1 -1 *  3  3  4  4  3  1 -1 -2 -2 -1  0  1  2	
 4800.669 -450.596
  0  1  0  0  0  0  0  0 -1 -1 -1 -1  0 *  5  8  9  9  7  2 -3 -6 -5 -3  0  2  5	
  0  1  1  1  1  1  0  0  0 -1 -1 -1  0 *  3  4  5  4  3  1 -1 -3 -3 -2 -1  0  2	
 4800.669 -450.110
  2  3  3  2  3  1  0  0 -1 -1 -1  0  2 *  7 11 14 14 10  1 -9-14-14-10 -5  0  5	
  2  3  3  3  2  1  0  0 -1 -1 -1 -1  0 *  5  7  8  7  5  1 -4 -7 -7 -6 -4 -1  3	
 4800.669 -449.625
  4  6  6  5  5  3 -1 -2 -3 -2 -1  0  3 *  9 16 20 19 13  1-14-23-23-19-12 -3  7	
  2  4  5  4  4  2  0 -1 -2 -3 -2 -1  1 *  7 10 11 10  6  0 -6-11-12-10 -7 -3  3	
 4800.669 -449.140
  5  8  8  7  6  4  0 -2 -3 -2 -2 -1  3 * 13 21 25 23 15  1-16-26-28-23-15 -4 10	
  2  5  6  6  5  3  0 -1 -2 -3 -2 -2  0 *  7 12 13 12  7  1 -7-13-14-12 -9 -4  3	
 4800.669 -448.654
  4  9 10  8  7  4  1 -2 -3 -3 -2 -2  2 * 13 23 27 24 15  2-15-28-30-26-17 -7  9	
  1  5  7  7  6  4  1  0 -3 -3 -3 -2 -1 *  6 12 14 12  8  1 -7-13-15-14-11 -6  1	
 4800.669 -448.169
  1  6  7  7  6  4  2 -1 -2 -2 -2 -2 -1 * 11 25 28 25 16  2-15-29-35-32-23-11  6	
 -1  2  4  5  5  4  3  1 -2 -3 -3 -2 -2 *  4 12 14 13  8  2 -6-14-17-16-13 -8 -1	
 4800.669 -447.683
 -1  3  4  4  4  4  3  0 -2 -2 -3 -3 -2 * 10 24 29 25 16  4-13-27-35-32-24-12  4	
 -2  1  2  3  4  4  3  2 -1 -2 -2 -3 -2 *  3 11 14 13  8  2 -5-12-16-16-13 -9 -2	
 4800.669 -447.198
 -2  1  2  3  3  4  4  1 -1 -2 -3 -3 -2 *  9 23 27 24 16  4-11-25-34-32-23-12  3	
 -2  0  1  2  3  4  3  2 -1 -2 -2 -3 -3 *  3 10 13 12  8  3 -4-11-15-15-13 -8 -2	
 4800.669 -446.712
 -3 -1  0  1  2  3  4  2  0 -1 -2 -3 -3 *  9 23 27 24 16  5-11-25-34-32-24-12  3	
 -3 -2  0  1  2  4  4  3  1 -1 -2 -3 -3 *  3 10 13 12  9  3 -4-10-15-15-13 -9 -2	
 4800.669 -446.227
 -4 -3 -2 -1  1  3  5  4  3  1 -1 -3 -5 * 10 25 30 26 17  5-11-27-36-35-25-12  4	
 -3 -3 -2  0  2  3  5  4  2  1 -1 -2 -3 *  3 11 14 13  9  3 -4-11-16-16-14 -9 -2	
 4800.669 -445.742
 -7 -6 -5 -3 -1  3  6  7  6  3  0 -3 -6 * 13 27 31 27 18  5-13-30-39-36-26-11  7	
 -4 -5 -3 -2  1  3  5  6  4  3  1 -1 -4 *  4 12 15 14  9  3 -4-12-17-17-14 -9 -1	
 4800.669 -445.256
 -9 -9 -8 -5 -1  3  9 10  8  5  1 -4 -8 * 15 28 31 26 17  4-14-32-38-34-23 -8  9	
 -6 -7 -5 -3  0  3  6  8  6  4  1 -2 -5 *  6 13 15 13  9  3 -5-13-17-17-13 -7  1	
 4800.669 -444.771
-11-11-10 -7 -2  3 10 11  9  5  0 -5-10 * 16 26 28 24 15  3-12-25-29-26-18 -6 11	
 -7 -8 -7 -4 -1  3  7  9  7  4  1 -2 -6 *  6 12 14 12  8  2 -5-10-13-12 -9 -5  1	
 4800.669 -444.286
-12-13-12 -8 -3  4 10 10  8  5  0 -6-11 * 15 22 23 19 12  1-10-18-24-22-15 -4 11	
 -8 -9 -8 -5 -1  3  7  9  6  4  1 -3 -6 *  6 11 11  9  6  1 -4 -7 -9 -9 -7 -4  2	
 4800.669 -443.800
-11-12-11 -8 -3  3  9 10  8  5  0 -6-11 * 11 15 16 14  8  1 -7-12-17-15-10 -1  9	
 -8 -8 -7 -5 -1  3  6  8  6  4  1 -2 -6 *  5  8  8  7  4  1 -3 -5 -6 -6 -5 -2  2	
 4800.669 -443.315
 -9 -9 -9 -7 -3  2  7  9  8  4 -1 -6 -8 *  9 11 12 10  6  1 -5 -7-10 -9 -5  1  8	
 -6 -6 -6 -4 -1  2  5  6  6  4  1 -2 -5 *  4  6  6  5  3  1 -2 -4 -4 -4 -2  0  3	
 4800.669 -442.829
 -8 -9 -9 -7 -3  2  6  9  8  4 -1 -5 -8 *  9 11 11  9  6  1 -5 -7 -7 -5 -3  3  8	
 -5 -6 -6 -4 -2  1  4  6  6  4  2 -1 -4 *  4  5  5  4  3  0 -2 -4 -3 -2 -1  1  3	
 4800.669 -442.344
 -8 -9 -9 -7 -4  1  6 10  9  4 -1 -6 -8 *  9 11 11 10  6  1 -5 -7 -6 -4 -1  4  8	
 -5 -6 -6 -5 -2  1  4  6  6  5  2 -1 -4 *  4  5  5  5  3  1 -2 -4 -4 -2 -1  1  3	
 4800.669 -441.858
 -9-10-10 -8 -5  0  7 11 10  5 -2 -7 -9 *  9 11 12 10  7  1 -5 -8 -5 -3  0  5  8	
 -6 -7 -7 -5 -3  1  5  7  7  5  2 -2 -5 *  5  6  6  5  3  1 -2 -4 -4 -2  0  2  4	
 4800.669 -441.373
-10-11-11 -9 -5  0  8 12 10  4 -3 -7 -9 *  9 11 11 10  6  1 -5 -9 -6 -1  2  6  8	
 -7 -8 -7 -6 -3  1  5  8  7  5  1 -3 -6 *  5  6  6  5  3  1 -2 -4 -4 -2  0  2  4	
 4800.669 -440.888
-11-12-12-10 -5  1  8 12  9  3 -4 -8-10 *  8 10 10  9  5  0 -6 -8 -5  0  3  6  8	
 -7 -8 -8 -6 -3  1  6  8  7  4  1 -3 -6 *  4  5  5  4  2  0 -3 -4 -4 -2  0  2  4	
 4800.669 -440.402
-12-13-12-10 -6  1  9 12  9  2 -5 -9-11 *  7  8  8  7  4  0 -7 -9 -6 -1  2  4  6	
 -8 -9 -8 -6 -3  2  6  8  7  4  0 -4 -7 *  4  4  4  3  2  0 -3 -5 -5 -3  0  1  3	
 4800.669 -439.917
-10-11-11 -9 -5  2  9 11  8  2 -4 -8-10 *  4  5  5  5  3  0 -3 -5 -4 -1  1  2  4	
 -7 -8 -7 -5 -2  2  6  8  6  3  0 -4 -6 *  2  3  3  2  1  0 -2 -3 -3 -2 -1  1  2	
 4800.669 -439.431
 -9 -9 -9 -7 -4  2  7  9  7  1 -4 -7 -8 *  3  3  4  3  2  0 -2 -3 -2 -1  1  2  2	
 -6 -6 -6 -4 -1  2  5  6  5  3  0 -3 -5 *  2  2  2  1  1  0 -1 -1 -1 -1  0  1  1	
 4800.994 -452.780
 -4 -5 -6 -8 -7 -3  3  0 -3 -4 -4 -4 -4 *  6  7  8  9  7  2 -7-11 -9 -4  0  3  5	
 -3 -3 -3 -3 -2  0  2  1 -1 -2 -3 -3 -3 *  4  5  5  4  3  0 -3 -5 -4 -3 -1  2  3	
 4800.994 -452.295
 -3 -4 -6 -7 -6 -1  3  1 -2 -3 -3 -3 -3 *  4  5  7  8  6  1 -5 -5 -2 -1  1  3  4	
 -2 -2 -3 -3 -2  0  2  1 -1 -2 -2 -2 -2 *  3  4  4  3  2  0 -3 -3 -2  0  0  2  3	
 4800.994 -451.809
 -2 -3 -5 -6 -4  0  2  0 -1 -1 -2 -2 -2 *  3  4  5  5  4  1 -2  0  1  1  1  2  3	
 -1 -1 -2 -2 -1  0  1  1  0 -1 -1 -1 -1 *  2  2  2  2  1  0 -1  0  0  0  1  1  2	
 4800.994 -451.324
  0 -1 -3 -4 -2  0  1  0 -1 -1 -1 -1  0 *  2  3  4  5  4  0 -2 -1  0  0  1  1  2	
  0  0  0 -1  0  1  1  0  0  0  0  0  0 *  1  2  2  2  1  0 -1 -1  0  0  0  1  1	
 4800.994 -450.838
  2  2  1  0  2  1 -1  0 -1  0  0  1  2 *  3  5  7  7  5  0 -3 -4 -4 -2 -1  1  3	
  3  3  3  2  2  1 -1 -1  0  0  0  0  2 *  3  4  4  3  2  0 -2 -2 -2 -2 -1  0  2	
 4800.994 -450.353
  3  4  4  4  4  2 -1  0  0  0  0  1  3 *  7 11 14 14  9 -1-11-15-14-10 -5  0  5	
  4  5  5  4  3  1 -1 -1 -1 -1  0  0  2 *  5  8  8  7  4 -1 -5 -7 -7 -6 -4 -1  3	
 4800.994 -449.868
  5  6  6  6  5  2 -1 -1 -1 -1 -1  0  4 *  9 15 18 18 12 -1-15-22-21-16 -9 -2  7	
  4  6  6  5  4  2 -1 -1 -2 -2 -1  0  2 *  7 10 11  9  5 -1 -7-11-11 -9 -6 -2  4	
 4800.994 -449.382
  6  8  8  8  7  3 -1 -2 -2 -2 -1  0  4 * 12 19 23 22 14 -1-19-28-28-22-13 -3 10	
  4  7  7  6  5  3 -1 -2 -2 -2 -2 -1  2 *  8 12 13 11  7 -1 -9-14-14-12 -9 -4  4	
 4800.994 -448.897
  7 11 11 10  8  5 -1 -2 -3 -2 -2 -1  5 * 17 25 29 26 16 -1-21-33-34-28-17 -5 13	
  4  8  9  8  7  4  0 -2 -3 -3 -2 -1  1 * 10 15 16 14  8  0-10-16-18-15-11 -5  4	
 4800.994 -448.411
  7 14 16 14 11  6  0 -2 -3 -3 -2 -2  4 * 19 31 34 29 17 -1-23-37-39-33-22 -8 14	
  3  9 11 11  9  6  1 -1 -3 -3 -3 -2  0 * 10 17 18 15  9  0-11-19-21-19-14 -8  2	
 4800.994 -447.926
  3 10 13 12 10  7  3  0 -1 -1 -2 -2  0 * 19 35 38 31 18 -1-24-41-44-39-27-11 11	
  1  6  9  9  8  6  3  1 -1 -2 -2 -2 -1 *  8 18 20 16  9  0-11-20-24-22-17-10  0	
 4800.994 -447.441
  0  5  8  8  8  7  4  2  0 -1 -2 -3 -2 * 18 39 42 34 20  1-22-39-43-38-27-12  9	
 -1  2  5  7  7  7  4  3  0 -1 -2 -2 -2 *  7 18 22 18 11  2-10-19-23-21-17-10 -1	
 4800.994 -446.955
 -3  0  2  4  6  7  6  3  1  0 -2 -3 -3 * 15 32 36 30 19  3-18-33-38-34-24-11  7	
 -2  0  2  4  6  7  6  4  1  0 -1 -2 -3 *  5 15 18 16 10  3 -7-15-19-19-15 -9 -1	
 4800.994 -446.470
 -5 -4 -2  1  3  6  7  5  4  2  0 -3 -5 * 16 32 35 30 19  3-16-32-39-34-24-10  9	
 -3 -2 -1  1  4  5  6  5  3  2  0 -2 -3 *  6 15 18 16 10  3 -6-14-19-19-15 -9 -1	
 4800.994 -445.984
 -7 -7 -5 -2  1  5  8  7  6  4  1 -3 -7 * 17 30 33 28 18  3-16-33-39-34-23 -7 12	
 -5 -5 -3 -1  2  4  6  6  5  3  1 -1 -4 *  7 14 17 14  9  2 -6-14-19-18-14 -8  1	
 4800.994 -445.499
-10-10 -8 -5  0  4 10 10  7  4  0 -5 -9 * 18 28 30 25 16  2-16-33-36-29-17 -2 13	
 -7 -7 -5 -3  1  4  7  8  6  4  1 -2 -6 *  8 14 15 13  8  2 -6-14-18-16-11 -4  4	
 4800.994 -445.014
-10-10 -9 -5 -1  4 10 10  7  3 -1 -5 -9 * 17 25 27 22 14  1-14-26-28-22-12 -1 13	
 -7 -7 -6 -3  0  4  7  9  6  3  0 -3 -6 *  8 13 14 11  7  1 -6-11-14-12 -8 -2  4	
 4800.994 -444.528
-11-11 -9 -6 -1  5 11  9  5  2 -1 -6-10 * 16 23 24 20 12  0-12-20-20-16 -9  0 12	
 -8 -8 -6 -3  0  4  7  9  5  2 -1 -4 -7 *  8 12 12 10  6  0 -5 -9-10 -8 -5 -1  4	
 4800.994 -444.043
-12-13-11 -7 -1  5 11  8  4  1 -2 -7-12 * 15 20 20 16  9 -1-10-12-14-12 -7  1 12	
 -9 -9 -7 -4  0  4  8  9  4  1 -2 -5 -8 *  8 10 10  8  4 -1 -5 -6 -6 -5 -3  0  4	
 4800.994 -443.557
-12-12-11 -7  0  6 10  6  2  0 -4 -8-11 *  9 12 12  9  5 -2 -7 -6 -8 -7 -4  2  8	
 -9 -8 -7 -3  1  5  7  7  3  0 -3 -5 -8 *  5  6  6  4  2 -1 -4 -4 -3 -3 -2  0  3	
 4800.994 -443.072
 -7 -7 -7 -4  1  5  7  5  1 -1 -3 -6 -7 *  6  7  7  5  2 -1 -3 -3 -3 -2 -1  2  5	
 -5 -5 -4 -2  1  4  5  4  2  0 -2 -3 -5 *  3  4  3  2  1  0 -1 -2 -1 -1  0  1  2	
 4800.994 -442.587
 -5 -5 -5 -3  0  4  5  4  1 -1 -3 -4 -5 *  5  5  5  3  1 -2 -3 -2  0  1  1  3  5	
 -4 -4 -3 -1  1  3  4  3  2  0 -1 -3 -4 *  3  3  2  1  0 -1 -2 -2 -1  0  1  2  2	
 4800.994 -442.101
 -6 -6 -6 -5 -2  2  5  6  3  0 -3 -5 -6 *  5  6  6  4  2 -1 -3 -3 -1  0  1  3  4	
 -4 -4 -4 -3 -1  1  3  4  3  2  0 -2 -4 *  2  3  3  2  1  0 -1 -2 -1  0  1  1  2	
 4800.994 -441.616
-11-12-12-10 -6  1  8 11  7  1 -5 -8-10 *  5  6  7  6  4  1 -3 -5 -2  1  2  3  5	
 -8 -9 -8 -6 -3  1  6  8  7  4  0 -4 -7 *  3  3  3  3  2  0 -1 -2 -2 -1  0  2  2	
 4800.994 -441.130
-11-12-12-10 -5  1  8 11  7  1 -5 -8-10 *  5  6  7  6  4  0 -4 -4 -2  1  3  4  5	
 -8 -8 -8 -6 -3  1  6  8  7  4  0 -4 -7 *  3  3  3  3  1  0 -2 -2 -2 -1  1  2  3	
 4800.994 -440.645
-11-12-11 -9 -5  2  8 11  7  1 -5 -8-10 *  5  6  6  5  3 -1 -6 -8 -5  0  2  3  5	
 -8 -8 -8 -6 -2  2  6  8  6  3 -1 -4 -7 *  3  3  3  2  1 -1 -3 -4 -3 -2  0  2  2	
 4800.994 -440.160
 -9-10-10 -8 -4  2  8  9  7  1 -5 -8 -9 *  3  4  4  4  2  0 -4 -5 -3 -1  1  2  3	
 -7 -7 -7 -5 -2  2  6  7  6  3 -1 -4 -6 *  2  2  2  2  1  0 -2 -3 -2 -1  0  1  2	
 4800.994 -439.674
 -8 -9 -9 -7 -3  2  7  8  6  1 -4 -7 -8 *  2  3  3  3  2  0 -2 -3 -2 -1  1  1  2	
 -6 -6 -6 -4 -1  2  5  6  5  2 -1 -4 -5 *  1  1  1  1  1  0 -1 -1 -1 -1  0  0  1	
 4801.319 -453.023
 -4 -5 -7 -8 -7 -3  3  0 -4 -5 -5 -4 -4 *  4  5  7  8  7  2 -7-11-10 -6 -2  2  4	
 -3 -3 -3 -3 -2  0  2  1 -2 -3 -3 -3 -3 *  4  4  4  4  2  0 -4 -5 -4 -3 -1  1  3	
 4801.319 -452.537
 -3 -4 -6 -7 -6 -2  3  1 -3 -4 -3 -3 -3 *  3  4  6  7  6  1 -6 -6 -3 -2  0  2  3	
 -2 -2 -3 -3 -2  0  2  1 -1 -2 -2 -2 -2 *  3  3  3  3  2 -1 -3 -3 -2 -1  0  1  3	
 4801.319 -452.052
 -2 -3 -5 -7 -5 -1  3  1 -2 -3 -2 -2 -2 *  3  4  5  6  5  1 -4 -2 -1  0  1  2  2	
 -1 -2 -2 -3 -2  0  2  1 -1 -2 -2 -2 -2 *  2  3  3  2  1  0 -2 -1  0  0  1  1  2	
 4801.319 -451.567
 -1 -3 -5 -6 -4  0  2  0 -2 -2 -2 -2 -1 *  2  3  4  4  4  0 -2  1  1  1  1  1  2	
 -1 -1 -2 -2 -1  0  1  1 -1 -1 -1 -1 -1 *  1  2  2  2  1  0 -1  0  0  1  1  1  1	
 4801.319 -451.081
  0 -2 -3 -4 -2  1  1  0 -1 -1 -1  0  0 *  1  2  4  4  3  0 -1  0  1  1  1  1  1	
  1  0  0 -1  0  1  1  0 -1  0  0  0  0 *  1  1  1  1  1  0 -1  0  0  0  0  0  1	
 4801.319 -450.596
  2  2  0  0  2  1 -1  0  0  0  0  1  2 *  3  5  6  7  4 -1 -3 -4 -3 -2 -1  1  2	
  4  4  3  2  2  1 -1 -1  0  0  0  1  3 *  2  3  3  3  2 -1 -2 -2 -2 -1 -1  0  1	
 4801.319 -450.110
  5  5  4  5  6  2 -1  1  1  1  1  1  4 *  7 11 15 16 10 -2-12-15-14-10 -5  0  6	
  5  7  6  5  4  1 -2 -1  0  0  0  1  4 *  6  9  9  8  4 -1 -6 -8 -8 -6 -4 -1  4	
 4801.319 -449.625
  7 10  9  9  8  4 -2 -2 -2 -2 -1  0  6 * 13 20 25 25 15 -3-23-32-31-23-13 -3 10	
  6  9  9  8  7  3 -2 -3 -2 -2 -1  0  3 * 10 14 15 13  7 -1-11-16-16-14 -9 -4  5	
 4801.319 -449.140
  8 13 13 13 11  6 -2 -2 -3 -2 -2  0  6 * 21 31 36 32 19 -3-28-41-42-34-21 -6 16	
  6 10 12 11  9  5 -1 -2 -3 -2 -2 -1  2 * 13 19 20 17  9 -1-14-21-23-20-14 -7  5	
 4801.319 -448.654
 10 19 20 18 14  7 -1 -3 -4 -4 -3 -2  5 * 24 38 41 34 20 -2-28-43-45-38-25 -9 17	
  5 13 15 14 12  7  0 -2 -4 -4 -3 -2  0 * 13 21 23 18 10 -1-13-22-25-22-16 -9  3	
 4801.319 -448.169
  3 12 14 13 11  7  2  1 -1 -1 -1 -2  0 * 22 39 40 32 18 -2-27-45-47-40-28-11 13	
  1  7 10 11  9  7  3  1 -1 -1 -2 -2 -1 * 10 20 22 17  9 -1-13-23-26-23-18-10  1	
 4801.319 -447.683
  1  7 10 10  9  7  3  1 -1 -1 -2 -2 -1 * 19 39 41 33 19  0-24-40-42-36-25-11 10	
  0  4  7  8  8  7  4  2  0 -1 -2 -2 -2 *  8 19 22 18 10  1-11-20-23-21-16 -9  0	
 4801.319 -447.198
 -1  4  6  7  8  7  4  2  0 -1 -2 -3 -2 * 16 35 38 31 18  1-21-35-38-33-23-10  8	
 -1  2  5  6  7  7  4  3  0 -1 -1 -2 -2 *  6 17 20 17 10  2 -9-17-20-19-15 -9 -1	
 4801.319 -446.712
 -2  0  3  5  6  7  6  3  1  0 -2 -3 -3 * 14 30 33 28 17  3-18-31-34-30-21 -9  8	
 -2  0  2  4  6  7  6  4  1  0 -1 -2 -2 *  6 14 17 15 10  3 -7-15-18-17-13 -8 -1	
 4801.319 -446.227
 -4 -4 -1  1  4  6  7  5  4  2  0 -2 -4 * 17 32 36 30 18  2-17-32-37-32-22 -9 10	
 -3 -2  0  2  4  6  7  5  3  2  0 -1 -3 *  6 15 18 16 10  2 -6-15-19-18-14 -9  0	
 4801.319 -445.742
 -7 -7 -5 -2  2  6  9  8  7  4  1 -3 -7 * 19 30 33 28 17  2-17-35-39-33-21 -6 14	
 -5 -4 -3  0  3  5  7  7  5  4  2 -1 -4 *  9 15 17 15  9  2 -6-15-20-19-14 -7  2	
 4801.319 -445.256
-11-12-10 -5  0  6 12 12  9  5  1 -5-11 * 22 32 33 27 17  1-20-38-40-31-16  2 17	
 -8 -8 -6 -3  1  5  8 10  8  5  2 -3 -7 * 11 16 17 14  8  1 -7-16-21-18-11 -3  6	
 4801.319 -444.771
-12-12-10 -5  1  7 15 13  6  2 -3 -8-12 * 21 28 28 23 13 -1-17-26-22-13 -4  5 17	
 -9 -8 -6 -3  1  5  9 12  7  2 -2 -6 -9 * 11 15 15 11  6  0 -7-12-12 -8 -4  2  7	
 4801.319 -444.286
-14-13-11 -6  1  8 15  8  0 -3 -5-10-14 * 17 20 20 15  7 -4-10 -8 -5 -2  1  6 14	
-11-10 -7 -3  2  6 10 10  4 -2 -5 -8-10 *  9 11 10  7  3 -2 -6 -5 -2 -1  1  3  7	
 4801.319 -443.800
-12-12-10 -5  2  9 12  3 -4 -5 -6 -9-12 *  9 10 10  7  2 -4 -8 -1 -1 -1  1  3  8	
-10 -9 -6 -2  3  7  9  7  1 -4 -6 -7 -9 *  5  5  5  3  1 -2 -4 -3  0  1  1  2  4	
 4801.319 -443.315
 -6 -6 -5 -2  2  6  7  2 -3 -4 -4 -5 -6 *  4  5  4  2  0 -2 -2  0  1  1  1  3  4	
 -5 -4 -2  0  3  5  5  3  0 -2 -3 -4 -5 *  2  2  2  1  0 -1 -1 -1  0  1  1  1  2	
 4801.319 -442.829
 -4 -4 -3 -1  2  5  5  2 -2 -3 -3 -4 -4 *  4  4  3  1 -1 -3 -3  0  2  2  2  3  4	
 -3 -3 -2  0  2  4  4  2  0 -2 -2 -3 -3 *  2  2  1  0 -1 -2 -2 -1  0  1  1  2  2	
 4801.319 -442.344
 -3 -3 -2 -1  1  4  4  2 -1 -2 -2 -3 -3 *  3  3  2  1 -1 -2 -2 -1  1  2  2  2  3	
 -2 -2 -1  0  1  2  3  2  1 -1 -1 -2 -2 *  2  1  1  0 -1 -1 -1 -1  0  1  1  1  1	
 4801.319 -441.858
 -3 -3 -3 -2  0  2  4  3  1 -1 -2 -2 -3 *  2  2  2  2  0 -1 -2 -1  0  1  1  1  2	
 -2 -2 -2 -1  0  1  2  2  1  0 -1 -1 -2 *  1  1  1  1  0  0 -1 -1  0  0  0  1  1	
 4801.319 -441.373
 -9-10-10 -8 -5  1  8  9  5 -1 -5 -7 -8 *  3  3  3  3  2  0 -2 -2 -1  1  1  2  2	
 -7 -7 -7 -5 -2  2  5  7  5  2 -1 -4 -6 *  2  2  2  2  1  0 -1 -1 -1  0  0  1  1	
 4801.319 -440.888
 -8 -8 -8 -7 -4  2  7  9  5  0 -5 -6 -7 *  3  4  4  4  2  0 -2 -2 -1  1  2  2  3	
 -6 -6 -6 -4 -2  2  5  6  5  2 -1 -4 -5 *  2  2  2  2  1  0 -1 -1 -1  0  1  1  2	
 4801.319 -440.402
 -6 -6 -6 -5 -2  2  6  7  4  0 -3 -5 -6 *  3  4  4  3  1 -2 -5 -6 -3  0  2  2  3	
 -4 -4 -4 -3 -1  2  4  5  4  2 -1 -3 -4 *  2  2  2  1  0 -1 -3 -3 -2 -1  1  1  2	
 4801.319 -439.917
 -9 -9 -9 -7 -3  3  8  9  6  0 -5 -7 -8 *  2  2  2  2  1  0 -1 -2 -2 -1  0  1  2	
 -6 -7 -6 -4 -1  3  6  6  5  2 -1 -4 -6 *  1  1  1  1  0  0 -1 -1 -1 -1  0  0  1	
 4803.916 -440.888
  4  4  2 -1 -3 -5 -6 -6 -6 -5 -3  0  3 *  0  0 -1 -1 -1 -1 -1 -1 -1  0  0  0  0	
  2  3  2  1 -1 -2 -3 -4 -4 -3 -2 -1  1 *  0  0  0  0  0  0 -1 -1 -1  0  0  0  0	
 4804.240 -441.130
  4  5  4  1 -2 -5 -7 -7 -7 -6 -4 -1  3 *  0  0 -1 -1 -2 -2 -2 -2 -2 -1 -1  0  0	
  2  4  3  2  1 -1 -3 -4 -4 -4 -3 -2  0 *  0  0  0  0  0 -1 -1 -1 -1 -1 -1  0  0	
 4804.240 -440.645
  3  4  4  2 -1 -4 -6 -7 -7 -6 -3 -1  2 *  2  2  1 -1 -2 -3 -3 -3 -3 -3 -2  0  1	
  2  3  3  2  1 -1 -2 -4 -4 -3 -2 -1  1 *  1  1  1  0  0 -1 -1 -1 -1 -1 -1  0  0	
 4804.564 -441.373
  3  3  3  1 -1 -3 -4 -3 -2 -1  0  1  2 *  1  1  0 -1 -2 -3 -3 -3 -3 -2 -1 -1  0	
  1  2  2  2  2  2  1  0  0 -1 -1 -1  0 *  0  1  1  1  0  0 -1 -1 -1 -1 -1 -1  0	
 4804.564 -440.888
  4  6  6  3  0 -4 -6 -8 -8 -7 -5 -2  2 *  1  1  0 -1 -2 -3 -3 -3 -3 -2 -2 -1  0	
  2  4  4  3  2  0 -2 -4 -4 -4 -3 -2  0 *  0  1  0  0  0 -1 -1 -1 -1 -1 -1 -1  0	
 4804.564 -440.402
  4  7  7  5  1 -4 -7 -9-10 -9 -6 -2  2 *  2  2  1 -1 -3 -4 -4 -5 -5 -4 -2 -1  1	
  2  4  5  4  2  0 -3 -5 -6 -5 -4 -2  0 *  1  2  1  1  0 -1 -2 -2 -2 -2 -1 -1  0	
 4804.564 -439.917
  4  8  8  6  1 -3 -7 -9-10-10 -7 -3  3 *  1  2  1  0 -1 -2 -3 -3 -3 -2 -1  0  1	
  2  5  5  4  2  0 -3 -5 -6 -6 -4 -2  0 *  0  1  1  1  0  0 -1 -1 -1 -1 -1  0  0	
 4804.564 -439.431
  4  8  8  7  2 -3 -6 -9-10-10 -7 -2  3 *  1  1  1  0 -1 -1 -2 -2 -1 -1 -1  0  1	
  3  5  5  4  2  0 -3 -5 -6 -5 -4 -2  1 *  0  0  0  0  0  0  0 -1 -1 -1  0  0  0	
 4804.888 -441.130
  3  6  7  5  2 -2 -5 -6 -7 -6 -5 -2  2 *  1  1  1  0 -2 -3 -4 -4 -4 -3 -2 -1  0	
  1  3  4  4  3  2  0 -2 -3 -3 -3 -2  0 *  0  1  1  1  0  0 -1 -2 -2 -2 -2 -1  0	
 4804.888 -440.645
  3  7  8  7  3 -1 -5 -8 -9 -9 -7 -3  1 *  1  2  1 -1 -2 -3 -4 -4 -4 -3 -2 -1  1	
  2  4  5  4  3  1 -2 -4 -5 -5 -4 -2  0 *  0  1  1  1  0 -1 -1 -2 -2 -2 -1 -1  0	
 4804.888 -440.160
  3  7  8  7  3 -1 -5 -8 -9 -9 -7 -3  1 *  1  2  1 -1 -2 -3 -4 -4 -4 -3 -2 -1  1	
  2  4  5  4  2  1 -2 -4 -5 -5 -4 -2  0 *  0  1  1  1  0 -1 -1 -1 -2 -1 -1 -1  0	
 4804.888 -439.674
  3  7  8  7  3 -1 -5 -8 -9 -9 -7 -3  1 *  1  2  1  0 -2 -2 -3 -3 -3 -2 -1  0  1	
  2  4  5  4  2  1 -2 -4 -5 -5 -4 -2  0 *  0  1  1  1  0  0 -1 -1 -1 -1 -1  0  0	
 4801.644 -452.780
 -4 -5 -8 -9 -8 -3  4  1 -5 -6 -5 -5 -4 *  4  5  7  8  7  2 -8-12-11 -6 -2  2  4	
 -3 -3 -4 -4 -3 -1  3  1 -2 -4 -4 -3 -3 *  4  4  4  4  2  0 -4 -5 -5 -3 -1  1  3	
 4801.644 -452.295
 -3 -4 -7 -9 -7 -2  5  2 -4 -4 -3 -3 -3 *  3  4  6  7  6  1 -6 -4 -1  0  1  3  3	
 -2 -3 -3 -4 -2  0  3  2 -1 -2 -2 -2 -2 *  3  3  3  3  2 -1 -3 -2 -1  0  1  2  3	
 4801.644 -451.809
 -2 -4 -6 -7 -5  0  4  1 -2 -3 -2 -2 -2 *  2  2  3  4  4  0 -2  1  2  1  1  1  2	
 -1 -2 -2 -3 -2  0  2  1 -1 -1 -1 -1 -1 *  1  2  2  2  1  0 -1  0  1  1  1  1  1	
 4801.644 -451.324
 -1 -2 -5 -6 -3  1  2  0 -1 -1 -1 -1 -1 *  1  2  3  4  3  0 -2  1  1  1  1  1  1	
  0  0 -1 -1 -1  1  1  0 -1 -1  0  0  0 *  1  1  1  1  1  0 -1  0  1  1  1  1  1	
 4801.644 -450.838
  1  0 -2 -3  0  2  0  0  0  0  0  0  1 *  2  3  5  5  4 -1 -2 -1 -1 -1  0  1  1	
  3  3  2  1  1  1  0 -1  0  0  1  1  2 *  1  2  2  2  1  0 -1 -1  0  0  0  0  1	
 4801.644 -450.353
  3  3  2  2  4  2  0  2  2  1  1  1  3 *  4  7 10 10  7 -1 -3 -4 -4 -3 -1  1  4	
  4  5  5  4  3  1 -1  0  1  1  1  1  3 *  4  5  6  5  3 -1 -2 -2 -2 -2 -1  0  2	
 4801.644 -449.868
  4  5  4  5  6  3 -1  2  2  1  1  1  4 * 10 16 21 21 13 -3-23-32-30-22-12 -1  8	
  5  6  6  5  5  2 -2 -1  0  0  1  1  3 *  8 12 13 11  6 -2-11-15-16-13 -8 -3  5	
 4801.644 -449.382
 10 13 12 12 11  6 -4 -3 -4 -3 -2  0  8 * 16 25 30 29 18 -2-27-38-37-29-17 -4 13	
  8 12 12 11  9  5 -3 -4 -4 -3 -2 -1  4 * 11 16 18 15  9 -1-13-19-20-17-12 -5  5	
 4801.644 -448.897
 12 19 19 18 14  8 -2 -3 -3 -3 -2 -1  8 * 25 37 43 37 21 -3-31-46-47-38-24 -7 19	
  8 14 16 15 12  7 -2 -3 -3 -3 -3 -2  2 * 14 22 24 20 11 -1-15-23-25-22-16 -8  6	
 4801.644 -448.411
 12 24 26 23 17  9 -2 -5 -7 -6 -5 -3  7 * 26 43 46 38 22 -2-30-46-48-41-27-10 18	
  6 16 19 18 14  8 -1 -4 -6 -6 -5 -4  0 * 13 23 25 20 12  0-14-24-27-24-18-10  3	
 4801.644 -447.926
  4 13 16 15 12  8  2  1 -1 -1 -2 -2  0 * 26 45 47 37 20 -3-31-51-54-46-32-13 15	
  1  8 12 12 10  7  2  1 -1 -1 -2 -2 -1 * 11 24 25 20 10 -1-14-27-30-27-21-12  1	
 4801.644 -447.441
  1  8 12 12 11  9  4  1 -2 -2 -3 -3 -1 * 22 48 51 41 23  0-28-47-49-42-29-13 11	
  0  5  9 10 10  8  4  2 -1 -2 -2 -3 -2 *  9 23 27 22 13  1-12-24-27-25-19-11  0	
 4801.644 -446.955
 -1  2  5  7  8  9  6  2 -1 -2 -3 -4 -3 * 16 33 37 31 19  3-21-35-38-32-22-10  8	
 -1  2  5  7  8  8  6  4  0 -1 -2 -3 -3 *  6 16 20 17 11  3 -8-17-20-19-15 -9 -1	
 4801.644 -446.470
 -4 -3 -1  2  5  8  9  6  5  3  1 -2 -4 * 17 35 38 30 17  1-19-33-38-33-23 -9 10	
 -3 -2  0  3  5  7  8  7  4  3  1 -1 -2 *  7 16 19 16  9  2 -7-16-19-19-15 -9 -1	
 4801.644 -445.984
 -6 -5 -3  0  4  7  9  7  6  4  1 -2 -6 * 18 31 34 29 18  2-18-34-39-33-22 -8 13	
 -4 -3 -1  1  4  6  7  7  5  3  1 -1 -3 *  8 15 18 15 10  2 -6-15-20-19-15 -8  1	
 4801.644 -445.499
-10-10 -8 -4  1  6 11 11  9  6  2 -3 -9 * 21 32 33 27 16  1-19-37-39-32-19 -1 16	
 -7 -6 -5 -1  2  5  8  9  8  6  3 -1 -5 * 11 16 17 14  9  1 -7-16-21-19-14 -5  5	
 4801.644 -445.014
-12-12-10 -5  1  7 15 16 11  5 -1 -7-12 * 24 33 33 27 16  0-21-41-39-26-10  5 19	
 -9 -8 -6 -2  2  6 10 13 10  6  1 -4 -8 * 13 17 17 14  8  0 -8-17-21-16 -8  0  8	
 4801.644 -444.528
-11-11 -9 -4  2  8 16 12  4  0 -4 -9-11 * 20 25 25 20 11 -1-14-18-13 -6  0  6 17	
 -9 -8 -5 -2  2  6 10 13  6  1 -3 -7 -9 * 11 14 13 10  5 -1 -7 -8 -7 -5 -1  3  8	
 4801.644 -444.043
-15-14-12 -6  2 10 15  7 -2 -4 -7-11-14 * 17 19 18 13  5 -5-11 -5 -2  0  2  7 15	
-12-10 -7 -3  3  8 11 10  3 -3 -6 -9-11 *  9 11  9  6  2 -3 -7 -4 -1  1  2  4  7	
 4801.644 -443.557
-11-11 -9 -4  3 11 13  3 -5 -6 -7 -9-11 *  7  8  8  5  1 -4 -8  0  0  0  1  3  6	
 -9 -8 -5 -1  4  8 10  7  0 -4 -6 -7 -9 *  4  4  4  2  0 -2 -4 -3  0  1  1  2  3	
 4801.644 -443.072
 -6 -6 -4 -1  3  8  8  2 -4 -5 -5 -6 -6 *  5  5  4  2 -1 -2 -2  0  2  2  2  3  5	
 -5 -4 -2  0  3  6  6  4  0 -3 -4 -5 -5 *  3  3  2  1 -1 -1 -1 -1  0  1  2  2  3	
 4801.644 -442.587
 -4 -3 -3  0  4  7  6  2 -3 -4 -4 -4 -4 *  4  4  3  1 -3 -5 -3  0  3  4  3  4  4	
 -3 -2 -1  1  3  5  4  2  0 -2 -3 -3 -3 *  2  2  1  0 -2 -3 -2 -1  1  2  2  2  3	
 4801.968 -453.023
 -4 -5 -6 -7 -6 -3  0 -5 -6 -5 -4 -4 -4 *  9 12 16 17 13  1-18-26-25-18 -8  2  8	
 -3 -3 -3 -3 -2  0  0 -3 -5 -5 -4 -4 -3 *  8 10 10  8  5 -2 -9-12-12 -9 -5  1  7	
 4801.968 -452.537
 -3 -3 -5 -6 -5 -1  2 -5 -7 -5 -4 -3 -3 *  7 10 14 15 11  0-18-26-24-17 -8  3  6	
 -2 -2 -2 -2 -1  1  1 -2 -4 -4 -3 -3 -2 *  7  8  8  7  4 -2 -9-12-12 -8 -4  1  6	
 4801.968 -452.052
 -3 -4 -6 -6 -4  1  4 -3 -3 -3 -2 -3 -3 *  3  4  6  6  4 -1 -3 -1  0  0  0  2  2	
 -2 -3 -3 -3 -1  2  3 -1 -2 -2 -2 -2 -2 *  3  3  3  3  1 -1 -2 -1  0  0  0  1  2	
 4801.968 -451.567
 -1 -1 -2 -3 -2  0  1 -1 -1 -1 -1 -1 -1 *  3  5  7  7  5 -1 -2  3  2  1  1  2  2	
 -1 -1 -1 -1  0  1  1  0 -1 -1  0 -1 -1 *  2  3  3  2  1 -1 -1  1  1  1  1  1  2	
 4801.968 -450.110
 -2 -5 -7 -5 -1  6 18 26 24 17  8  0 -2 *  8 14 21 20  8-10-28-38-35-24-11  2  7	
 -4 -5 -4 -2  0  4 11 15 15 12  7  1 -4 *  9 11 11  8  3 -5-13-17-17-13 -8 -1  7	
 4801.968 -449.625
 15 21 21 17 12  3 -4 -6 -7 -8 -6 -1 13 * 23 32 38 35 21 -7-32-43-43-34-20 -2 20	
 11 16 17 14  9  2 -4 -6 -7 -6 -5 -2  5 * 17 22 23 18 10 -4-17-23-23-20-14 -5 10	
 4801.968 -449.140
  7 13 14 13 10  5  0 -1 -2 -2 -2 -1  4 * 24 33 36 30 17 -6-32-43-43-35-21 -4 20	
  5 10 12 11  8  5  0 -1 -2 -2 -2 -1  1 * 15 20 20 16  8 -4-16-23-24-20-15 -6  7	
 4801.968 -448.654
  4 11 13 13 11  7  3  3  2  2  1 -1  1 * 24 31 33 28 15 -6-34-47-48-39-25 -7 20	
  2  9 11 11  9  7  3  2  1  0  0 -1 -1 * 15 19 19 15  7 -4-17-25-26-23-17 -8  6	
 4801.968 -448.169
 -1  7 10 10  9  7  7  7  7  5  3  0 -3 * 24 28 27 22 10 -7-31-45-45-37-24 -8 17	
 -1  4  8  8  8  7  7  6  5  4  2  0 -1 * 12 18 16 11  4 -4-16-24-25-22-16 -8  3	
 4801.968 -447.683
 -4  1  5  7  7  7  7  6  5  4  2 -1 -3 * 20 38 37 28 13 -5-26-38-37-31-20 -7 12	
 -2  0  3  6  6  6  7  6  4  3  2  0 -2 *  8 19 20 15  6 -3-12-20-21-19-14 -7  1	
 4801.968 -447.198
 -4 -2  1  4  6  7  7  5  3  2  0 -2 -4 * 18 40 44 36 21  0-23-36-37-31-21 -8 10	
 -3 -1  1  4  6  7  6  5  3  1  0 -1 -3 *  7 19 23 19 12  1-10-18-20-19-14 -8  0	
 4801.968 -446.712
 -6 -7 -4 -1  3  6  6  3  1  0 -1 -4 -6 * 21 38 40 33 21  4-19-35-38-32-22 -9 11	
 -4 -4 -2  1  3  5  5  3  1  0 -1 -2 -4 *  8 19 22 19 13  4 -8-16-20-19-14 -8  1	
 4801.968 -446.227
 -6 -6 -4  0  3  6  5  3  1  0 -2 -4 -6 * 21 37 41 35 21  3-18-35-40-34-23 -9 13	
 -4 -3 -2  1  3  5  5  3  1  0 -1 -3 -4 *  9 18 21 18 11  3 -6-16-20-20-15 -9  1	
 4801.968 -445.742
-10-10 -8 -5  0  5  6  4  2  0 -2 -5 -9 * 25 37 40 33 21  3-20-40-42-34-21 -4 19	
 -7 -7 -5 -3  1  4  5  4  2  1 -1 -3 -6 * 12 19 21 18 11  3 -7-18-22-20-15 -7  5	
 4801.968 -445.256
-15-16-14 -9 -2  5  9  5  1 -2 -4 -8-13 * 24 33 35 29 18  1-25-44-43-32-14  5 19	
-11-11 -9 -6 -1  4  8  6  2 -1 -3 -6-10 * 13 18 19 15  9  2 -9-20-24-19-11 -1  8	
 4801.968 -444.771
-15-15-14 -9 -2  5 13  4  0 -2 -4 -7-14 * 21 27 28 23 13 -1-19-21-15 -9 -1  7 17	
-12-12-10 -6 -1  4 10  7  1 -2 -4 -6-10 * 12 15 15 12  6  0 -8-11 -9 -5 -1  3  8	
 4801.968 -444.286
-13-14-13 -8 -2  6  9  0 -1 -2 -3 -6-12 * 19 23 22 16  7 -4 -5 -3  0  2  3  7 16	
-10-10 -9 -5  0  4  8  3 -2 -3 -3 -5 -8 * 10 12 11  8  3 -2 -5 -1  0  1  2  4  7	
 4801.968 -443.800
 -8 -9 -8 -5  0  5  5 -2 -2 -1 -2 -4 -7 * 11 13 12  7  0 -9 -8  4  3  2  2  5 10	
 -6 -6 -5 -2  1  4  5  1 -2 -2 -2 -3 -5 *  6  7  5  3 -1 -5 -6 -1  3  2  2  3  5	
 4802.293 -452.780
 -3 -3 -4 -5 -4 -1 -1 -4 -4 -2 -1 -2 -3 * 18 25 31 29 19 -3-31-43-43-32-16  6 16	
 -2 -2 -2 -2 -1  1  0 -2 -2 -2 -2 -2 -2 * 16 19 19 15  8 -5-18-23-22-18-10  1 13	
 4802.293 -452.295
 -5 -8-10-10 -6  2  1 -2 -2 -2 -2 -4 -5 * 11 16 21 20 11 -6-22-27-26-19 -8  6 10	
 -7 -8 -8 -6 -2  3  1 -1 -1 -1 -1 -3 -5 * 11 13 13  9  4 -5-11-13-13 -9 -4  3  9	
 4802.293 -451.809
 -1 -1 -2 -1 -1  0  0 -1 -1  0  0  0  0 *  0  0  0  0  0  0  0  0  0 -1 -1 -1  0	
 -1 -1 -1 -1  0  0  0  0  0  0  0  0  0 *  0  0  0  0  0  0  0  0  0  0  0  0  0	
 4802.293 -450.353
 -2 -3 -2 -1  1  3  6  8  7  6  3 -2 -2 * 10 13 17 14  4-10-21-27-26-19 -9  5  9	
 -2 -1  0  1  2  3  4  5  5  4  2 -1 -3 *  9 10  9  5  0 -6-11-14-13-11 -6  0  7	
 4802.293 -449.868
  3  6  8  7  5  3  4  4  4  3  1 -1  2 *  9 11 16 16  8-10-24-31-29-21-11  2  9	
  3  6  7  6  5  3  3  3  2  1  0 -1 -1 *  9 10 10  8  2 -6-12-16-16-13 -8 -2  8	
 4802.293 -449.382
  1  7  9  8  7  5  5  5  5  4  2 -1 -1 * 13 12 15 15  8-10-27-34-33-26-15 -1 14	
  0  5  8  8  7  5  5  4  3  2  1  0 -2 * 11 10  9  7  2 -7-15-18-18-15-10 -3  7	
 4802.293 -448.897
  0  9 12 11  9  7  5  5  4  3  2 -1 -2 * 16 16 18 16  7 -9-28-36-35-27-16 -2 15	
 -1  7 10 10  9  7  5  4  3  2  1 -1 -2 * 12 12 11  8  2 -6-15-20-19-16-11 -4  6	
 4802.293 -448.411
 -6  3  6  7  8  8 10  9  9  7  4  0 -6 * 16 12 12 10  4 -7-23-30-28-23-14 -3 12	
 -4  0  5  7  8  8  9  8  7  5  4  1 -2 *  8 10  8  5  1 -5-12-16-16-13-10 -4  3	
 4802.293 -447.926
 -7 -5  1  3  5  8 10  9  8  6  3 -1 -6 * 18 31 26 17  6 -7-24-32-30-24-15 -4 12	
 -4 -5  0  3  5  7  9  8  6  5  3  1 -2 *  8 16 15  9  3 -4-12-17-17-15-11 -5  2	
 4802.293 -447.441
 -6 -6 -2  2  5  7  8  5  4  3  1 -2 -5 * 18 41 45 35 18 -3-22-33-32-27-17 -6 11	
 -4 -4 -2  2  4  6  7  5  4  3  1 -1 -3 *  8 19 23 19  9 -1-10-17-18-16-12 -6  1	
 4802.293 -446.955
 -9-13-10 -5 -1  3  5  2 -1  0 -2 -4 -7 * 27 45 46 37 23  5-19-39-38-33-23 -9 14	
 -5 -6 -6 -3  0  2  3  1  0  0 -1 -2 -5 * 10 22 27 23 15  6 -8-17-22-20-14 -7  2	
 4802.293 -446.470
 -7 -8 -5 -1  2  4  3  0 -2 -2 -3 -4 -6 * 24 42 46 37 23  6-18-35-39-33-23 -9 14	
 -4 -4 -3  0  2  4  3  0 -1 -2 -2 -3 -5 *  9 20 25 21 14  6 -7-16-21-19-15 -8  1	
 4802.293 -445.984
 -8 -9 -7 -4  0  3  2  0 -2 -3 -4 -5 -7 * 28 44 48 40 26  6-18-38-42-35-23 -6 20	
 -6 -6 -5 -2  0  3  3  0 -1 -2 -3 -4 -5 * 13 23 25 22 14  5 -6-17-22-21-15 -7  4	
 4802.293 -445.499
-13-16-14 -9 -3  2 -1 -5 -7 -8 -8 -8-11 * 28 41 44 38 24  4-23-40-40-32-18  1 22	
 -9-11-10 -6 -2  1  1 -3 -5 -6 -7 -7 -7 * 15 23 24 20 13  4 -9-19-22-19-13 -4  9	
 4802.293 -445.014
-18-21-20-15 -7  2 -4-12-14-13 -9 -7-16 * 32 44 46 38 23 -2-40-58-54-38-16  7 27	
-14-17-16-11 -5  2  1 -8-11-10 -8 -6-10 * 18 24 25 20 12  0-16-28-28-21-11  0 12	
 4802.293 -444.528
-12-17-17-13 -5  3 -1 -3 -3 -3 -2 -3 -9 * 15 21 22 18  9 -6-19-29-25-15 -3  5 12	
 -8-11-11 -7 -2  2  1 -2 -3 -2 -2 -2 -5 *  8 11 11  8  3 -2 -6-10-10 -6 -2  2  5	
 4802.618 -453.023
 -1 -2 -2 -3 -4 -3 -5 -8 -7 -5 -3 -1 -1 *  8 12 19 21 16 -2-24-32-30-21-10  3  7	
 -1 -2 -2 -2 -2 -1 -2 -5 -5 -4 -3 -2 -1 * 10 12 13 11  7 -3-12-16-16-12 -7  0  8	
 4802.618 -452.537
  1  0  0  0 -1 -2 -4 -6 -6 -4 -2  1  1 *  6 10 15 14  6 -5-19-26-24-15 -6  3  6	
  1  1  0  0  0 -1 -3 -4 -4 -3 -2  0  1 *  7  9  9  6  2 -3 -9-12-11 -8 -4  1  6	
 4802.618 -451.567
  0  1  1  0  0  0 -1 -1 -1 -1 -1 -1  0 *  0 -2 -2 -1 -1 -1 -1 -1  0  1  2  2  1	
  0  1  1  1  1  1  0  0  0 -1 -1 -1 -1 *  0 -1 -1 -1 -1 -1 -1  0  0  0  1  1  1	
 4802.618 -451.081
 -1  1  1  1  1  2  3  2  2  1 -1 -2 -1 *  1 -1 -1 -1 -1 -3 -4 -5 -4 -2  0  2  1	
 -1  1  2  2  2  2  2  2  2  1 -1 -2 -2 *  0  0 -1 -1 -1 -1 -2 -2 -2 -1  0  1  1	
 4802.618 -450.596
 -2  1  3  2  2  5  8  9  8  5  1 -3 -3 *  2  2  1  1 -2 -6-11-13-11 -7 -2  3  3	
 -3  0  3  4  4  5  6  7  6  4  1 -2 -4 *  3  2  0 -1 -2 -4 -5 -6 -6 -4 -2  1  3	
 4802.618 -450.110
 -4  2  7  6  4  5  7  7  7  5  2 -2 -4 *  3  2  4  5  0 -8-16-18-16-11 -5  2  3	
 -3  1  5  7  6  6  6  6  5  4  1 -2 -4 *  4  3  3  1 -2 -5 -8 -9 -8 -7 -4  0  4	
 4802.618 -449.625
 -5  0  5  4  4  5  7  7  6  5  3 -1 -5 *  6  1  1  2 -1 -8-16-19-17-13 -6  1  7	
 -4 -1  4  5  6  6  6  5  5  4  2  0 -3 *  6  3  1  0 -2 -6 -9-10 -9 -7 -5 -1  4	
 4802.618 -449.140
-11  0  6  6  7  7  9  9  8  6  3 -1 -9 * 12  5  2  1 -2-10-18-20-18-13 -7  1 11	
 -9 -2  4  6  8  8  8  8  6  5  2 -1 -6 *  9  6  1  0 -3 -8-12-13-11 -8 -5  0  6	
 4802.618 -448.654
-14 -3  3  4  6  7  9  8  7  5  2 -2-10 * 15 11  7  5 -1-10-19-22-19-14 -7  2 12	
-11 -4  2  4  6  7  8  7  6  4  2 -1 -7 * 11 10  5  2 -2 -8-13-15-13-10 -5  1  7	
 4802.618 -448.169
 -8 -9 -1  3  6  8  9  8  7  6  3 -1 -6 * 16 25 19 13  5 -6-21-26-24-19-11 -1 11	
 -4 -7 -2  3  6  8  8  6  5  5  3  0 -2 *  8 14 13  8  3 -4-11-15-14-12 -8 -4  3	
 4802.618 -447.683
 -7 -9 -5  0  4  7  7  5  4  2  0 -3 -6 * 17 37 40 29 13 -4-20-27-25-20-12 -3 11	
 -4 -6 -4  0  4  6  6  4  3  3  1 -1 -3 *  8 17 21 16  7 -1 -9-15-15-13 -9 -4  2	
 4802.618 -447.198
 -6 -7 -4  0  3  5  5  1  0 -1 -2 -3 -5 * 19 41 49 41 25  2-19-31-33-27-18 -6 11	
 -4 -4 -3  0  2  4  4  2  0  0 -1 -2 -3 *  8 19 25 22 14  3 -8-15-18-16-12 -6  2	
 4802.618 -446.712
-10-14-11 -6 -2  2  4  2 -2 -1 -2 -4 -7 * 29 48 48 38 24  6-19-41-39-34-25-10 15	
 -5 -7 -6 -3 -1  2  2  0 -1 -1 -2 -3 -5 * 11 23 28 24 16  7 -8-18-23-20-15 -7  3	
 4802.618 -446.227
 -4 -4 -3 -1  2  3  0 -3 -5 -5 -5 -5 -4 * 27 46 52 44 29  8-15-34-39-32-21 -7 17	
 -3 -2 -2  0  2  2  1 -2 -3 -4 -4 -4 -4 * 11 23 27 24 16  7 -4-14-20-19-14 -7  2	
 4802.618 -445.742
 -3 -5 -5 -2  0  0 -5 -8-10 -9 -7 -5 -2 * 34 54 59 50 33  9-19-41-44-36-23 -5 25	
 -2 -3 -3 -1  0  1 -2 -6 -7 -7 -6 -5 -2 * 17 29 31 27 18  7 -6-18-23-21-15 -7  6	
 4802.618 -445.256
 -5-10 -9 -7 -4 -3-10-14-14-12 -9 -4 -2 * 37 52 56 48 31  5-25-43-43-34-20 -1 29	
 -2 -6 -6 -5 -2 -2 -6-11-11-10 -8 -5  0 * 20 29 30 26 17  5 -9-20-23-20-14 -5  9	
 4802.618 -444.771
 -5 -9 -9 -8 -5 -6-14-17-17-13 -8  0 -2 *  8 13 15 13  7 -3-21-30-29-21-11  1  6	
 -1 -7 -7 -6 -4 -4-10-14-13-11 -7 -3  3 *  4  7  7  5  3 -1 -8-14-15-12 -7 -2  3	
 4802.618 -444.286
  0 -4 -4 -4 -3 -5-11-13-12 -8 -4  2  2 * -2 -3 -3 -2 -2 -3 -9-12-11 -8 -4  0 -1	
  1 -3 -4 -4 -4 -4 -8-11-10 -7 -4  0  3 * -1 -1 -1 -1 -1 -1 -3 -6 -6 -4 -2  0  1	
 4802.618 -443.800
  1 -2 -3 -2 -2 -2 -3 -3 -3 -1  0  2  2 *  0 -1 -2 -1 -1 -1 -3 -3 -3 -2  0  1  0	
  1 -1 -2 -2 -2 -2 -3 -4 -3 -1  0  1  2 *  0 -1 -1 -1 -1 -1 -2 -2 -2 -1  0  0  1	
 4802.618 -443.315
  0  0 -1  0  0  0  0  0  0  0  0  1  0 *  0  0  0  0  0  0  0  0  0  0  0  0  0	
  0  0 -1  0  0  0  0  0  0  0  0  0  1 *  0  0  0  0  0  0  0  0  0  0  0  0  0	
 4802.942 -452.780
  2  2  2  1 -1 -3 -6 -8 -7 -6 -4 -2  1 *  2  3  5  6  3 -2 -9-12-11 -8 -4  0  2	
  2  2  2  1  0 -1 -3 -5 -5 -5 -4 -2  1 *  3  4  4  3  2 -1 -4 -6 -6 -5 -3 -1  2	
 4802.942 -452.295
  2  2  2  0 -1 -3 -6 -7 -7 -5 -3 -1  1 *  2  2  1  1 -1 -4-10-12-11 -7 -4  0  2	
  2  2  1  1  0 -1 -3 -4 -4 -4 -3 -1  1 *  2  2  1  1  0 -2 -4 -6 -6 -4 -3  0  2	
 4802.942 -451.809
  1  1  1  1  0 -1 -2 -2 -2 -2 -1  0  0 *  1  1  0 -1 -1 -3 -4 -5 -3 -1  0  1  1	
  0  1  1  1  0  0 -1 -1 -1 -1 -1  0  0 *  1  0  0  0 -1 -1 -2 -2 -2 -1  0  1  1	
 4802.942 -451.324
 -1  3  4  4  2  1  0 -1 -2 -2 -3 -3 -2 *  2 -2 -4 -3 -3 -4 -6 -6 -5 -2  1  3  3	
 -1  1  3  3  3  3  2  1  0 -1 -2 -3 -2 *  2  0 -2 -2 -2 -3 -3 -3 -3 -1  0  2  2	
 4802.942 -450.838
 -2  1  4  3  3  3  3  2  1  0 -1 -2 -3 *  4  1 -3 -3 -4 -7-11-12-11 -7 -2  3  4	
 -3  0  3  3  3  3  3  3  2  1 -1 -2 -3 *  3  1 -1 -3 -4 -4 -6 -6 -5 -4 -2  1  3	
 4802.942 -450.353
 -5 -1  5  5  4  5  5  5  5  3  1 -2 -5 *  6  3 -2 -2 -4 -8-13-15-13 -9 -4  1  5	
 -5 -2  3  5  5  5  5  5  4  3  1 -2 -4 *  4  3  0 -2 -4 -6 -7 -7 -7 -5 -3  0  3	
 4802.942 -449.868
-11 -5  4  6  6  7  9 10  9  6  3 -2 -9 * 13  7 -2 -4 -6-12-19-21-18-13 -7  2 11	
 -9 -5  1  5  7  7  9  8  7  5  2 -1 -6 *  9  7  1 -3 -6 -9-12-12-11 -8 -4  0  6	
 4802.942 -449.382
-18 -4  2  4  6  6  9  8  6  4  1 -4-13 * 16  8  0 -2 -6-12-19-20-17-11 -4  5 14	
-17 -3  1  3  5  6  9  8  6  4  1 -3-12 * 14  9  1 -2 -6-11-16-16-12 -8 -3  4 11	
 4802.942 -448.897
-26 -2  3  2  5  5 10  9  6  3 -1 -6-19 * 21 12  1 -2 -7-14-21-21-16-10 -1  9 18	
-25 -1  2  2  5  5 10  9  6  3 -1 -6-18 * 20 11  0 -2 -7-13-20-19-15 -9 -1  9 17	
 4802.942 -448.411
-11-10 -2  2  5  7  8  7  7  5  2 -2 -8 * 15 20 16 10  3 -9-20-22-21-15 -7  3 12	
 -8 -7 -4  1  5  6  7  6  5  4  2 -1 -5 *  9 12 10  6  1 -6-12-14-13-10 -6 -1  5	
 4802.942 -447.926
 -7-11 -7  0  4  6  6  4  4  2  0 -3 -6 * 14 30 32 21  9 -4-18-21-18-13 -7  0 10	
 -4 -6 -6 -1  3  5  5  3  3  3  1 -1 -3 *  7 14 17 13  6 -1 -9-13-12-10 -7 -2  3	
 4802.942 -447.441
 -5 -6 -4  0  4  5  4 -1 -1 -2 -3 -4 -5 * 14 32 41 34 19  1-15-23-22-18-12 -4  9	
 -3 -4 -3  0  2  4  3  1  0  0 -1 -2 -3 *  7 14 20 18 11  2 -6-12-13-10 -7 -4  2	
 4802.942 -446.955
 -6 -6 -4 -1  2  4  2 -1 -3 -3 -4 -4 -5 * 16 33 38 34 23  5-13-27-28-23-15 -5 10	
 -4 -3 -2 -1  2  3  2 -1 -2 -2 -2 -3 -4 *  7 15 20 19 13  5 -5-12-15-14-10 -5  2	
 4802.942 -446.470
 -4 -4 -2  0  2  2  0 -3 -4 -5 -4 -4 -4 * 21 40 46 39 26  9-11-28-32-26-18 -6 12	
 -3 -2 -1  0  2  2  0 -2 -3 -3 -3 -3 -3 *  8 19 24 21 15  7 -3-12-17-16-12 -6  2	
 4802.942 -445.984
  1  1  1  2  3  1 -4 -7 -9 -8 -7 -5  0 * 25 45 50 44 30 11-10-28-32-27-18 -6 15	
  0  2  2  2  2  1 -2 -4 -6 -6 -6 -4 -2 * 10 23 26 23 17  8 -2-11-16-16-12 -6  2	
 4802.942 -445.499
  5  2 -1 -1 -1 -3 -8-10-10 -9 -7 -4  4 * 18 31 34 29 20  6-10-22-23-19-12 -3 12	
  3  4  2  0  0 -2 -5 -7 -6 -6 -5 -4  0 *  8 17 20 18 13  6 -2 -9-12-11 -8 -4  2	
 4802.942 -445.014
  7 -1 -2 -2 -2 -4 -9-11-11 -9 -6 -2  7 * 13 16 18 17 13  2-15-24-24-19-12 -2 10	
  6  2 -1 -1 -1 -3 -6 -8 -8 -7 -5 -3  1 *  7 11 12 10  8  3 -4-11-12-11 -8 -4  3	
 4802.942 -444.528
  6 -3 -4 -3 -4 -5 -9-11-11 -9 -5 -1  6 *  1  1  2  2  0 -4-15-19-18-14 -8 -1  3	
  6  1 -3 -4 -4 -5 -8 -9 -8 -7 -5 -2  2 *  2  0  1  1  0 -1 -5-10-10 -8 -5 -2  2	
 4802.942 -444.043
  3 -1 -3 -3 -3 -3 -5 -6 -6 -4 -2  0  3 *  0 -4 -3 -3 -4 -5-10-13-12 -9 -5  0  2	
  3  1 -2 -3 -3 -4 -5 -5 -4 -3 -2  0  2 *  1 -2 -2 -2 -2 -3 -5 -7 -7 -5 -3 -1  1	
 4802.942 -443.557
  2  0 -2 -2 -1 -1 -2 -2 -2 -2 -1  1  2 *  2 -2 -4 -4 -3 -3 -4 -4 -3 -2  0  2  2	
  2  1 -1 -2 -2 -2 -2 -2 -2 -1 -1  0  1 *  1  0 -2 -3 -2 -3 -3 -3 -3 -2 -1  1  2	
 4802.942 -443.072
  0  0  0  0  0  0  0  0  0  0  0  0  0 *  1 -1 -2 -1  0  0 -1  0  0  1  1  1  2	
  0  0  0  0  0  0  0  0  0  0  0  0  0 *  1  0 -1 -1 -1 -1 -1 -1  0  0  0  1  1	
 4803.267 -453.023
  1  2  1  0 -1 -2 -4 -6 -6 -5 -4 -3  0 *  3  1  3  6  6  1 -8-13-12 -9 -5  0  3	
  1  2  2  1  0  0 -1 -2 -3 -3 -3 -3 -1 *  4  3  3  3  2  0 -4 -6 -6 -5 -3 -1  3	
 4803.267 -452.537
  1  3  3  2  0 -2 -5 -6 -6 -5 -4 -3  0 *  2  2  1  1  0 -4-11-14-13 -9 -5 -1  2	
  1  3  3  3  1  0 -1 -2 -3 -3 -3 -3 -1 *  3  3  2  1  0 -2 -5 -6 -6 -5 -3 -1  2	
 4803.267 -452.052
  1  3  4  3  1 -2 -5 -6 -6 -5 -4 -3  0 *  3  2  1 -1 -3 -6-10-12-11 -7 -4  0  2	
  1  3  3  3  2  1 -1 -2 -3 -3 -3 -3 -1 *  2  2  1  0 -1 -3 -5 -6 -5 -4 -3 -1  2	
 4803.267 -451.567
  0  4  6  6  3  0 -3 -4 -5 -5 -5 -4 -1 *  4  1  0 -2 -4 -7-10-11 -9 -6 -2  2  4	
 -1  3  5  5  4  3  1 -1 -2 -3 -4 -4 -2 *  3  2  0 -1 -2 -3 -5 -5 -5 -3 -2  1  3	
 4803.267 -451.081
 -2  1  5  5  4  3  2  0  0 -1 -2 -3 -3 *  4  1 -3 -3 -4 -6 -9-10 -8 -5 -1  2  4	
 -3  0  3  4  4  4  3  2  1  0 -1 -3 -3 *  3  1 -1 -3 -3 -4 -5 -5 -4 -3 -1  1  3	
 4803.267 -450.596
 -6 -2  5  8  6  6  5  4  3  2 -1 -3 -6 *  4  3 -2 -3 -4 -6 -9-10 -8 -6 -3  1  3	
 -5 -3  2  6  7  7  6  5  4  3  0 -2 -5 *  3  2  0 -2 -3 -4 -5 -5 -4 -3 -2  0  2	
 4803.267 -450.110
 -6 -4  2  5  5  5  6  5  5  3  1 -1 -5 *  7  6  0 -4 -5 -8-12-12-11 -8 -4  0  5	
 -5 -4 -1  3  5  5  6  5  5  3  1 -1 -3 *  4  4  1 -2 -4 -5 -6 -7 -6 -5 -3  0  3	
 4803.267 -449.625
-26 -2  3  2  6  6 11 10  6  3 -1 -6-19 * 21 11  0 -3 -7-14-21-20-15 -9 -1  9 18	
-26 -1  2  2  5  6 11  9  6  3 -1 -6-19 * 20 11  0 -3 -7-14-20-19-14 -9 -1  9 17	
 4803.267 -449.140
-28 -1  3  2  5  5 11 10  6  3 -1 -7-21 * 22 12 -1 -3 -7-14-21-21-15 -9  0 11 19	
-28 -1  3  2  5  5 11 10  6  3 -1 -7-20 * 22 11 -1 -3 -7-14-21-20-15 -9  0 11 18	
 4803.267 -448.654
-22 -4  0  1  5  5  9  8  6  3  0 -5-16 * 19 13  4  1 -4-13-20-20-16-10 -2  8 16	
-21 -2  0  0  4  5  9  8  6  3  0 -5-15 * 17 11  2  0 -5-11-18-18-14 -9 -2  7 14	
 4803.267 -448.169
 -8-14-13 -4  2  5  5  6  5  3  0 -3 -7 * 13 22 27 18  8 -4-15-16-14 -8 -2  4 10	
 -5 -7 -9 -6 -1  2  3  4  5  4  2  0 -3 *  7 11 13 11  5 -1 -7-10 -9 -8 -5 -1  4	
 4803.267 -447.683
 -6 -8 -8 -3  1  3  2  0 -1 -1 -2 -4 -5 * 11 22 30 25 13  0-13-14-11 -8 -5 -1  7	
 -3 -4 -5 -4 -1  1  1  0  1  1 -1 -2 -3 *  6 10 14 13  8  1 -5 -8 -7 -6 -4 -1  3	
 4803.267 -447.198
 -4 -4 -3  0  2  3  0 -3 -4 -4 -4 -4 -4 * 12 26 33 32 21  4-11-22-22-18-12 -4  7	
 -2 -2 -1 -1  1  1  0 -2 -2 -2 -2 -3 -3 *  6 12 16 16 11  4 -4-10-11-10 -7 -4  1	
 4803.267 -446.712
 -3 -1  0  2  3  2 -1 -4 -5 -5 -5 -4 -3 * 15 32 38 34 24  9 -9-24-27-22-14 -5  9	
 -2 -1  1  1  2  1 -1 -2 -3 -3 -3 -3 -3 *  6 15 19 18 13  6 -3-10-14-13 -9 -5  1	
 4803.267 -446.227
  0  3  3  4  4  2 -2 -5 -7 -7 -6 -5 -2 * 18 39 46 41 28 12 -7-24-28-24-16 -6 10	
 -1  2  3  3  3  2 -1 -3 -5 -5 -5 -4 -2 *  7 18 23 21 16  8 -1-10-15-14-10 -6  1	
 4803.267 -445.742
  6  8  5  4  3  0 -5 -7 -8 -8 -6 -4  2 * 17 36 41 36 25 10 -7-22-25-21-14 -5 10	
  2  7  6  4  2  0 -2 -4 -5 -5 -5 -4 -1 *  7 18 22 20 15  8 -1 -9-13-12 -9 -5  1	
 4803.267 -445.256
 10 11  2  0 -1 -4 -8 -8 -5 -5 -4 -2  5 * 13 22 22 17 10  0-10-17-18-15-10 -3  8	
  4 10  6  1 -1 -3 -5 -4 -2 -2 -2 -1  1 *  5 12 15 14 10  4 -2 -7 -9 -9 -7 -3  2	
 4803.267 -444.771
  8  6  2  1  0 -3 -6 -8 -8 -7 -5 -3  4 *  8 10 11 10  8  0-15-22-22-18-11 -3  6	
  4  9  4  2  0 -1 -3 -4 -5 -5 -5 -3  0 *  5  6  8  7  5  2 -4-10-11-10 -8 -4  1	
 4803.267 -444.286
  5  4  0 -1 -2 -4 -6 -7 -7 -6 -4 -2  3 *  4 -4 -1 -1 -2 -7-14-17-16-12 -7 -2  4	
  3  6  2  0 -1 -2 -3 -4 -4 -5 -4 -2  0 *  3  0 -2 -1 -1 -2 -6 -9 -8 -7 -5 -2  1	
 4803.267 -443.800
  3  3 -1 -2 -2 -3 -6 -8 -8 -7 -4 -2  2 *  5 -3 -7 -8 -7 -8-12-16-15-11 -6  0  5	
  2  4  2 -1 -2 -2 -4 -5 -5 -5 -4 -2  0 *  4  1 -3 -4 -5 -5 -8 -9 -8 -7 -4 -1  2	
 4803.267 -443.315
  1  2  0 -1 -1 -1 -2 -3 -4 -3 -2 -1  1 *  7  0 -9 -9 -6 -5 -8-10 -9 -7 -2  3  7	
  1  2  1  0 -1 -1 -2 -2 -3 -2 -2 -1  0 *  5  3 -2 -5 -5 -5 -7 -7 -6 -4 -2  1  4	
 4803.591 -452.780
 -1  3  4  2  0 -2 -3 -4 -4 -4 -4 -3 -1 *  1  1  0  0  0 -1 -5 -7 -7 -5 -2  0  1	
  0  2  4  3  2  1  1  0 -1 -2 -2 -2 -2 *  2  2  1  0  0 -1 -2 -3 -3 -3 -2  0  1	
 4803.591 -452.295
 -1  2  4  4  1 -1 -3 -4 -4 -4 -4 -3 -2 *  1  1  1 -1 -2 -4 -7 -8 -7 -5 -3 -1  1	
  0  2  4  4  3  2  1  0 -1 -2 -2 -2 -2 *  1  2  1  0 -1 -1 -3 -3 -3 -3 -2 -1  1	
 4803.591 -451.809
 -1  2  5  5  3  0 -2 -3 -4 -4 -4 -3 -2 *  2  2  1  0 -3 -5 -8 -9 -7 -5 -3 -1  1	
 -1  2  4  4  4  2  1  0 -1 -1 -2 -2 -2 *  2  2  1  0 -1 -2 -3 -4 -3 -3 -2 -1  1	
 4803.591 -451.324
 -3  2  6  7  6  3  1  0 -1 -2 -3 -4 -4 *  4  2 -1 -3 -5 -7 -9-10 -8 -5 -2  1  4	
 -3  0  4  5  6  5  4  3  1  0 -2 -3 -3 *  3  3  0 -1 -2 -3 -4 -5 -4 -3 -2  0  2	
 4803.591 -450.838
 -3 -1  4  6  6  4  3  2  1  0 -2 -3 -4 *  5  4 -1 -3 -5 -7-10-10 -9 -6 -3  1  4	
 -3 -2  1  4  5  5  5  4  3  1  0 -2 -3 *  3  3  1 -2 -3 -4 -5 -5 -5 -4 -2  0  2	
 4803.591 -450.353
 -5 -5  1  6  6  6  6  5  4  2  0 -2 -4 *  7  8  2 -4 -6 -9-12-12-11 -8 -4  0  5	
 -4 -4 -2  2  5  6  6  6  5  3  1 -1 -3 *  4  5  3 -1 -4 -5 -6 -7 -6 -5 -3 -1  2	
 4803.591 -449.868
-12 -4 -1  3  5  5  7  6  4  2  0 -3 -9 * 13 11  3 -1 -6-11-16-16-14-10 -4  3 10	
-11 -3 -1  0  4  5  7  6  5  3  0 -3 -8 * 10  8  3  0 -4 -8-11-11 -9 -7 -3  2  7	
 4803.591 -449.382
-21 -4 -1  1  5  6 10  9  6  3  0 -5-16 * 19 13  3  0 -6-13-19-20-15-10 -3  7 16	
-21 -3  0  0  4  5  9  9  6  4  0 -5-15 * 17 11  2 -1 -5-12-17-17-13 -8 -2  7 13	
 4803.591 -448.897
-14 -9 -8 -3  3  5  7  7  5  4  1 -3-10 * 17 16 12  8 -1-11-19-21-19-14 -6  5 15	
-12 -5 -5 -4  0  3  6  7  6  4  1 -2 -8 * 11 11  7  3 -1 -8-13-14-12 -9 -5  2  8	
 4803.591 -448.411
 -8-11-14 -7 -1  2  4  4  4  2  0 -3 -6 * 14 19 24 18  8 -4-15-18-16 -8  0  6 12	
 -5 -6 -8 -7 -3  0  2  4  4  3  1 -1 -3 *  7 10 11  9  5 -2 -8-10-10 -8 -5 -1  4	
 4803.591 -447.926
 -9-14-18-12 -4  1  2  2  1 -1 -2 -4 -7 * 11 20 27 23 12 -1-11 -8 -5 -2  0  3  9	
 -5 -7-10-10 -6 -2  0  3  3  2  0 -2 -3 *  6 10 12 12  7  1 -5 -6 -6 -4 -2  1  4	
 4803.591 -447.441
 -4 -4 -5 -3  0  1 -3 -2 -2 -2 -3 -4 -4 *  9 19 26 25 16  2-11-15-14-11 -7 -2  6	
 -2 -2 -2 -2 -2 -1 -2 -2  0 -1 -2 -2 -2 *  5  9 12 12  8  2 -4 -7 -7 -5 -4 -2  2	
 4803.591 -446.955
 -2  1  2  3  3  1 -3 -5 -5 -5 -5 -4 -2 * 12 26 32 30 22  7-11-23-24-20-13 -5  7	
 -1  1  2  2  2  0 -2 -4 -3 -3 -3 -3 -2 *  6 12 16 15 11  4 -4-10-12-11 -8 -4  1	
 4803.591 -446.470
  0  4  5  5  5  2 -2 -5 -6 -6 -6 -5 -2 * 14 33 40 37 26 11 -9-25-27-22-15 -6  8	
  0  2  4  4  3  1 -1 -3 -4 -4 -4 -4 -2 *  6 15 20 19 14  7 -2-11-14-13 -9 -5  1	
 4803.591 -445.984
  2  8  9  8  6  2 -1 -5 -7 -7 -6 -4 -1 * 15 38 46 42 30 14 -6-24-28-23-16 -6  8	
  0  5  7  6  5  3  0 -2 -5 -5 -5 -4 -2 *  6 17 23 22 16  8 -1-10-15-13-10 -5  1	
 4803.591 -445.499
  9 12  3  1  0 -4 -8 -7 -5 -5 -4 -2  4 * 12 22 22 17 10  0 -9-16-18-15-10 -3  7	
  3 10  7  2  0 -2 -4 -4 -2 -2 -2 -1  1 *  5 12 15 14 10  4 -2 -7 -9 -9 -6 -3  1	
 4803.591 -445.014
  7 12  5  3  1 -2 -6 -7 -6 -6 -5 -2  3 * 12 21 24 20 13  3-11-19-21-18-12 -4  7	
  3 10  8  4  2  0 -2 -3 -3 -3 -3 -2  0 *  5 11 15 14 10  5 -2 -8-11-11 -8 -4  1	
 4803.591 -444.528
  2 10  5  3  1 -1 -3 -4 -5 -5 -4 -3  0 *  9  4  7  7  5 -4-17-23-22-18-11 -3  7	
  1  7  8  5  3  1  1 -1 -3 -3 -3 -3 -1 *  5  5  4  4  3  0 -6-11-12-11 -8 -4  2	
 4803.591 -444.043
  6 11  4  0 -2 -5-10-12-12-10 -8 -4  3 *  9  1 -3 -5 -7-12-20-24-23-18-11 -3  7	
  3  9  8  4  1 -1 -3 -6 -8 -8 -7 -5 -1 *  5  5  0 -2 -3 -5 -9-12-12-11 -8 -4  2	
 4803.591 -443.557
  4  5 -1 -3 -4 -4 -7-10-10 -8 -5 -2  3 * 13  5-10-13-13-15-23-29-28-22-13 -2 11	
  3  5  3  0 -2 -3 -5 -6 -6 -6 -5 -3  0 *  8  8  0 -6 -7 -9-13-15-15-13 -9 -4  3	
 4803.591 -443.072
 -2  0  1  1  1  1  1  1  1  1  0 -1 -2 *  8  2 -7 -7 -4 -4 -6 -8 -8 -6 -2  2  7	
 -1 -1  1  1  1  1  1  1  1  1  0  0 -1 *  4  4 -1 -4 -4 -4 -6 -6 -5 -4 -2  0  3	
 4803.916 -453.023
 -1  3  6  6  3  1  0 -1 -2 -3 -3 -3 -2 *  2  2  0 -1  0 -1 -4 -6 -6 -4 -2  0  2	
  0  2  5  6  5  4  3  2  1 -1 -2 -2 -1 *  2  2  1  0  0 -1 -2 -3 -3 -3 -2  0  1	
 4803.916 -452.537
 -1  2  5  6  4  2  0 -1 -2 -3 -3 -3 -2 *  2  2  1 -2 -2 -3 -6 -7 -7 -5 -3 -1  1	
 -1  1  4  5  5  4  3  2  1 -1 -1 -2 -1 *  2  2  2  0 -1 -1 -2 -3 -3 -3 -2 -1  1	
 4803.916 -452.052
 -2  1  4  6  4  2  0 -1 -2 -3 -3 -3 -2 *  2  2  1 -1 -3 -5 -7 -7 -6 -4 -2 -1  1	
 -1  1  3  4  5  4  3  2  1  0 -1 -2 -1 *  1  2  1  0 -1 -2 -3 -3 -3 -3 -2 -1  1	
 4803.916 -451.567
 -2  1  4  6  5  3  1 -1 -2 -2 -3 -3 -2 *  2  2  1  0 -3 -5 -7 -7 -6 -4 -2  0  1	
 -1  0  3  4  5  4  3  2  1  0 -1 -2 -2 *  1  2  1  1  0 -2 -3 -3 -3 -2 -2 -1  1	
 4803.916 -451.081
 -3 -1  4  6  6  4  2  1 -1 -2 -2 -3 -3 *  3  3  1 -1 -3 -5 -7 -8 -6 -4 -2  0  2	
 -2 -1  1  4  5  5  4  3  2  1  0 -2 -2 *  2  3  2  0 -1 -2 -3 -3 -3 -3 -2 -1  1	
 4803.916 -450.596
 -3 -2  1  5  6  5  3  2  1  0 -2 -2 -3 *  4  6  3 -2 -3 -6 -9 -9 -8 -5 -3  0  3	
 -2 -2  0  2  4  5  5  4  3  2  0 -1 -2 *  3  4  3  0 -2 -3 -4 -4 -4 -3 -2 -1  1	
 4803.916 -450.110
 -4 -5 -3  3  6  6  5  4  3  1 -1 -2 -3 *  8 12  8  0 -4 -8-12-13-11 -8 -5 -1  5	
 -3 -4 -3  0  3  5  5  5  4  3  1  0 -2 *  4  6  6  2 -2 -4 -6 -7 -6 -5 -3 -1  2	
 4803.916 -449.625
-11 -5 -4  0  4  5  7  5  3  1 -1 -3 -8 * 15 15 10  4 -3-11-16-17-15-11 -6  2 12	
-10 -3 -2 -2  2  4  6  6  5  3  1 -2 -7 * 10  9  6  3 -2 -7-11-12-10 -7 -4  2  7	
 4803.916 -449.140
 -8-10-12 -5  1  4  5  4  3  1 -1 -3 -6 * 18 21 21 16  4 -9-18-21-20-17 -9  3 15	
 -6 -5 -6 -6 -2  2  4  5  5  3  1 -1 -4 *  8 12 11  8  2 -4 -9-11-11 -9 -6 -2  4	
 4803.916 -448.654
 -7-11-15-10 -3  1  3  3  2  0 -1 -3 -5 * 17 22 27 22 10 -4-17-22-21-14 -2  7 15	
 -4 -6 -8 -8 -5 -1  2  4  4  3  1 -1 -3 *  8 12 12 11  6 -1 -7-11-11-10 -7 -2  4	
 4803.916 -448.169
 -4 -7-11 -8 -3 -1  1  0 -1 -1 -2 -3 -4 * 15 22 28 27 15 -1-12-11 -6  0  3  7 12	
 -2 -3 -5 -6 -4 -2  0  2  2  1  0 -1 -2 *  8 12 13 12  8  1 -6 -8 -8 -6 -3  1  5	
 4803.916 -447.683
 -5 -8-10 -7 -3  0 -2 -1 -2 -3 -3 -3 -5 * 14 24 31 29 17  1-11-13-14-11 -6  1 10	
 -2 -3 -5 -5 -4 -2 -2  0  0  0 -1 -2 -2 *  7 12 14 14  9  2 -5 -7 -6 -5 -3  0  4	
 4803.916 -447.198
  2  8 10  9  7  2 -5 -6 -7 -7 -6 -5 -1 * 21 40 49 46 31  6-23-36-36-29-19 -7 14	
  2  6  7  6  4  1 -4 -4 -3 -3 -4 -3 -1 * 11 20 24 22 15  4-10-17-18-15-11 -5  4	
 4803.916 -446.712
  1  8 10 10  8  4 -2 -6 -7 -7 -6 -4 -1 * 18 40 49 45 32 11-16-34-35-29-19 -7 11	
  1  5  7  7  5  3 -1 -3 -4 -4 -4 -3 -1 *  9 19 24 22 16  6 -6-16-18-16-11 -6  2	
 4803.916 -446.227
  1  8 10  9  7  4  0 -4 -6 -6 -6 -4 -1 * 17 41 51 47 34 15-10-31-33-28-19 -7 10	
  0  4  7  7  6  4  1 -2 -3 -4 -4 -4 -2 *  8 18 25 23 17  8 -3-14-18-16-11 -6  2	
 4803.916 -445.742
  1  7  8  7  5  2  0 -2 -4 -5 -4 -3 -1 * 14 34 44 42 31 15 -6-24-28-23-16 -6  8	
  0  5  7  6  5  3  2  0 -2 -3 -3 -3 -2 *  6 15 21 21 16  8 -1-11-15-13-10 -5  1	
 4803.916 -445.256
 10 12  1 -1 -2 -5 -9 -8 -4 -4 -4 -1  5 * 12 18 17 11  5 -3-10-15-16-13 -9 -2  7	
  4 11  6  0 -2 -3 -5 -4 -1 -1 -1  0  1 *  4 10 13 12  8  3 -2 -6 -8 -8 -6 -2  2	
 4803.916 -444.771
  5 12  8  5  3 -1 -5 -6 -6 -6 -5 -3  2 * 11 17 21 19 13  3-11-19-21-18-12 -4  7	
  1  8  9  6  4  2  0 -2 -3 -4 -4 -3 -1 *  5 10 12 12  9  5 -2 -8-11-11 -8 -4  1	
 4803.916 -444.286
  5 13  8  3 -1 -5-10-12-12-11 -9 -5  2 *  9  9  7  6  2 -5-15-20-21-17-11 -4  6	
  2  9 11  8  5  2 -1 -5 -8 -9 -8 -6 -2 *  4  8  6  5  3  0 -5 -9-10-10 -8 -4  1	
 4803.916 -443.800
  3  6  3 -1 -4 -5 -8 -8 -7 -6 -4 -2  1 *  7  3 -2 -4 -6 -9-16-19-18-14 -9 -3  6	
  1  4  6  3  1  0 -2 -3 -4 -5 -4 -3 -1 *  4  5  1 -1 -2 -4 -7 -9 -9 -9 -7 -4  1	
 4803.916 -443.315
  2  4  1 -3 -5 -6 -9 -9 -8 -6 -4 -2  1 * 11  8 -6-11-11-12-18-22-20-16 -9 -2  9	
  1  3  3  1 -1 -2 -3 -4 -5 -5 -4 -2  0 *  6  8  3 -3 -5 -7 -9-11-11 -9 -7 -3  2	
 4803.916 -442.344
  1  0 -1 -2 -3 -3 -4 -4 -3 -2 -1  0  1 * -1  0  0  1  1  1  1  1  1  1  0  0  0	
  1  0  0  0  0 -1 -1 -2 -2 -2 -1 -1  0 *  0  0  0  0  0  0  0  0  0  0  0  0  0	
 4803.916 -441.858
  1  1  0 -1 -1 -2 -2 -1 -1 -1  0  0  1 *  0  0 -1 -1 -1 -1 -1 -1  0  0  0  0  0	
  0  1  0  0  0  0 -1 -1 -1 -1 -1  0  0 *  0  0  0  0  0  0  0  0  0  0  0  0  0	
 4804.240 -452.780
 -1  2  6  8  8  6  3  1 -1 -2 -2 -2 -1 *  2  3  2 -1 -2 -3 -5 -7 -6 -4 -2  0  2	
  0  2  4  6  7  6  5  3  2  0 -1 -2 -1 *  2  3  2  1  0 -1 -2 -3 -3 -3 -2 -1  1	
 4804.240 -452.295
 -1  1  5  7  7  5  3  1 -1 -2 -2 -2 -2 *  2  3  2 -1 -3 -4 -6 -7 -6 -4 -2  0  2	
  0  1  3  5  6  6  5  3  2  0 -1 -1 -1 *  2  2  2  1  0 -1 -2 -3 -3 -3 -2 -1  1	
 4804.240 -451.809
 -2  1  4  6  6  5  3  1 -1 -2 -2 -2 -2 *  2  3  2  0 -3 -5 -7 -7 -6 -4 -2  0  2	
 -1  1  2  4  5  5  4  3  2  1 -1 -1 -1 *  2  2  2  1  0 -1 -3 -3 -3 -3 -2 -1  1	
 4804.240 -451.324
 -2  0  3  5  6  5  3  1 -1 -2 -2 -3 -2 *  2  3  2  0 -2 -5 -7 -7 -6 -4 -2  0  2	
 -1  0  2  3  5  5  4  3  2  1  0 -1 -1 *  2  3  2  1  0 -2 -3 -3 -3 -3 -2 -1  1	
 4804.240 -450.838
 -2 -1  1  4  6  5  3  1  0 -1 -2 -3 -2 *  3  5  4  0 -2 -5 -8 -8 -7 -5 -2  0  2	
 -1 -1  1  2  4  4  4  3  2  1  0 -1 -1 *  2  3  3  1  0 -2 -3 -4 -4 -3 -2 -1  1	
 4804.240 -450.353
 -2 -1  0  3  5  4  3  1  0 -1 -2 -3 -2 *  4  8  8  2 -2 -6 -9 -9 -8 -6 -3 -1  2	
 -1 -1  0  1  3  4  4  3  2  1  0 -1 -1 *  3  4  5  3  0 -2 -4 -4 -4 -4 -3 -1  1	
 4804.240 -449.868
 -2 -2 -2  1  4  4  3  1 -1 -2 -3 -3 -2 *  8 13 12  7  0 -6-10-11-10 -8 -6 -2  5	
 -1 -1 -1  0  1  3  4  3  3  2  0 -1 -1 *  3  6  7  5  1 -2 -4 -5 -5 -5 -3 -1  1	
 4804.240 -449.382
 -3 -5 -7 -3  2  4  3  1 -1 -2 -3 -3 -2 * 15 20 21 17  5 -6-13-16-16-13 -8 -1 12	
 -2 -2 -3 -3 -1  2  3  3  3  2  0 -1 -2 *  6 10 11  8  4 -1 -6 -8 -8 -7 -5 -2  2	
 4804.240 -448.897
 -5 -8-11 -9 -3  1  1 -1 -2 -3 -4 -3 -4 * 18 22 27 25 13 -2-14-20-20-15 -7  6 16	
 -3 -4 -5 -6 -4 -1  2  3  3  2  0 -1 -2 *  7 12 13 11  7  1 -6 -9-10 -9 -6 -2  3	
 4804.240 -448.411
 -5 -8-13-12 -6 -1 -2 -4 -6 -6 -4 -3 -4 * 15 20 24 23 14 -1-17-23-20-10  0  8 14	
 -3 -4 -6 -7 -6 -2  0  0  0  0 -1 -2 -2 *  8 11 12 11  7  0 -7-11-11 -9 -6 -1  5	
 4804.240 -447.926
 -4 -7-10-10 -4  0 -1 -2 -2 -1 -1 -1 -3 *  7 10 13 13  7 -3-11-15-13 -8 -2  2  6	
 -2 -3 -4 -5 -3 -1  0  0  0 -1 -1 -1 -1 *  4  6  6  5  2 -1 -4 -6 -5 -4 -2  1  3	
 4804.240 -447.441
  4 12 12 12  9  3 -3 -5 -7 -8 -7 -5  0 * 19 27 32 32 19 -4-24-31-29-23-13 -1 15	
  3  9 10  8  5  1 -2 -2 -2 -2 -3 -2  0 * 11 15 15 13  8 -2-11-14-14-12 -8 -2  7	
 4804.240 -446.955
 -2  4  7  7  6  5  1 -1 -3 -3 -4 -4 -3 * 18 31 34 33 23  4-20-30-29-23-13 -3 13	
 -1  3  5  6  4  3  1  0  0  0 -1 -2 -2 * 10 16 17 15 10  2 -9-14-15-12 -8 -3  4	
 4804.240 -446.470
 -1  5  8  8  6  4  1 -2 -4 -5 -4 -4 -2 * 13 30 37 34 25 10-12-25-26-21-13 -4  8	
 -1  3  6  7  6  4  1 -1 -1 -2 -3 -3 -2 *  7 14 18 16 11  4 -5-12-13-11 -8 -4  2	
 4804.240 -445.984
 -1  6  9  8  6  4  2 -2 -4 -5 -4 -4 -2 * 12 28 38 36 27 13 -7-23-25-21-14 -5  7	
 -1  3  6  7  6  5  3  0 -2 -3 -3 -3 -2 *  6 13 18 17 13  6 -3-11-13-11 -8 -4  1	
 4804.240 -445.499
  2  9  8  7  5  2 -1 -4 -5 -5 -5 -3  0 * 11 24 32 31 23 11 -5-19-22-19-12 -5  6	
  0  5  8  7  5  4  2 -1 -2 -3 -3 -3 -2 *  5 11 16 16 13  6 -1 -9-12-11 -8 -4  1	
 4804.240 -445.014
 10 11  1 -1 -2 -5 -9 -8 -4 -4 -4 -1  5 * 12 18 17 11  4 -3-10-15-16-13 -9 -2  7	
  4 11  6  0 -2 -3 -5 -4 -1 -1 -1  0  1 *  4 10 12 12  8  3 -2 -6 -8 -8 -5 -2  2	
 4804.240 -444.528
  4 11  9  6  3 -1 -4 -5 -5 -6 -5 -3  1 *  9 15 17 17 12  3 -8-16-18-16-11 -4  5	
  1  7  9  7  5  3  1 -1 -3 -4 -4 -3 -1 *  4  9 10 10  8  4 -2 -7 -9 -9 -7 -4  1	
 4804.240 -444.043
  2 10  9  5  1 -3 -6 -6 -7 -6 -5 -3  0 *  6  9  6  6  3 -2-10-15-16-13 -9 -4  4	
  0  5  9  8  6  4  2 -1 -4 -5 -5 -4 -2 *  3  6  5  4  3  1 -3 -6 -8 -8 -6 -4  0	
 4804.240 -443.557
  3  7  6  1 -3 -6 -8 -7 -7 -6 -4 -3  1 *  7  7 -1 -4 -5 -8-14-16-15-13 -9 -3  5	
  1  4  6  5  3  1  0 -2 -4 -5 -5 -4 -2 *  4  7  4  0 -1 -3 -5 -7 -8 -8 -6 -4  0	
 4804.240 -443.072
  5  7  4 -2 -6 -9-12-11-10 -8 -6 -2  3 *  6  8  0 -5 -6 -8-11-12-11 -9 -6 -2  4	
  2  6  6  4  1 -1 -3 -5 -6 -7 -6 -4 -1 *  3  5  4  0 -2 -3 -4 -5 -6 -5 -4 -2  0	
 4804.240 -442.587
  4  5  3 -1 -5 -7 -9 -8 -7 -5 -4 -1  3 *  1  1  1 -1 -2 -2 -4 -4 -4 -3 -2 -1  0	
  1  4  4  3  1 -1 -2 -4 -4 -5 -4 -3 -1 *  0  1  1  0  0 -1 -1 -2 -2 -1 -1 -1  0	
 4804.240 -442.101
  2  3  2 -1 -3 -4 -5 -5 -4 -3 -2  0  2 *  1  0 -1 -1 -2 -2 -3 -3 -2 -2 -1  0  1	
  1  2  2  2  1  0 -1 -2 -2 -2 -2 -2  0 *  0  0  0  0  0  0 -1 -1 -1 -1 -1 -1  0	
 4804.240 -441.616
  3  3  2 -1 -3 -4 -5 -4 -3 -2 -1  0  2 *  1  1  0 -1 -2 -2 -3 -2 -2 -1 -1  0  1	
  1  2  2  2  1  1  0 -1 -2 -2 -2 -1  0 *  0  1  0  0  0  0 -1 -1 -1 -1 -1 -1  0	
 4804.564 -453.023
 -1  2  6  9 10  8  5  2  0 -1 -2 -2 -1 *  2  3  3  2  1 -1 -4 -6 -6 -5 -3 -1  2	
  0  2  4  6  7  7  5  4  2  0 -1 -1 -1 *  2  3  3  2  1  0 -1 -3 -3 -3 -2 -1  1	
 4804.564 -452.537
 -1  2  5  8  9  7  5  2  0 -1 -2 -2 -1 *  2  3  3  1 -1 -3 -5 -7 -6 -4 -3  0  2	
  0  2  3  5  6  6  5  4  2  1 -1 -1 -1 *  2  3  3  2  1  0 -2 -3 -3 -3 -2 -1  1	
 4804.564 -452.052
 -1  1  4  7  8  7  4  2  0 -1 -2 -2 -1 *  3  3  3  1 -2 -4 -6 -7 -6 -4 -2  0  2	
  0  1  3  4  5  6  5  4  2  1  0 -1 -1 *  2  3  3  2  0 -1 -2 -3 -3 -3 -2 -1  1	
 4804.564 -451.567
 -1  1  4  6  7  6  4  1 -1 -2 -2 -2 -2 *  3  4  4  1 -2 -5 -7 -7 -6 -4 -2  0  2	
  0  1  2  4  5  5  5  4  2  1  0 -1 -1 *  2  3  3  2  0 -1 -2 -3 -3 -3 -2 -1  1	
 4804.564 -451.081
 -2  0  2  5  6  5  3  1 -1 -2 -2 -2 -2 *  3  5  5  1 -1 -4 -7 -7 -6 -4 -2  0  2	
  0  1  2  3  4  4  4  3  2  1  0 -1 -1 *  2  3  3  2  0 -1 -3 -3 -3 -3 -2 -1  1	
 4804.564 -450.596
 -2  0  1  3  5  4  3  1 -1 -2 -2 -3 -2 *  3  6  7  3 -1 -5 -8 -8 -7 -5 -2  0  2	
 -1  0  1  2  3  4  4  3  2  1  0 -1 -1 *  2  4  4  3  1 -1 -3 -4 -4 -3 -2 -1  1	
 4804.564 -450.110
 -2  0  0  1  4  4  2  0 -2 -3 -3 -4 -3 *  4 10 11  6  0 -4 -8 -9 -8 -5 -3 -1  2	
  0  0  1  1  2  3  3  3  2  1  0 -1 -1 *  3  5  5  4  2 -1 -3 -4 -4 -4 -3 -1  1	
 4804.564 -449.625
 -1  0 -1 -1  2  3  1 -1 -3 -3 -4 -4 -2 *  8 14 15 12  4 -3 -8 -9 -9 -7 -4 -2  5	
 -1  0  1  0  1  2  2  2  2  1  0 -1 -1 *  3  6  7  6  4  0 -3 -4 -5 -4 -3 -1  1	
 4804.564 -449.140
 -2 -2 -4 -5 -1  1 -1 -3 -4 -5 -6 -6 -2 * 16 20 24 25 15  1 -8-13-14-11 -6  1 13	
 -1  0  0 -1 -1  0  1  2  1  1  0 -1 -1 *  5 10 11 10  7  2 -3 -6 -6 -6 -4 -2  2	
 4804.564 -448.654
 -1 -1 -5 -8 -4 -2 -5 -7 -9-10-10 -6 -1 * 14 17 20 21 14  2-11-16-15-11 -5  3 12	
  1  1  0 -2 -2 -2 -1 -1 -1 -2 -2 -2 -1 *  6 10 11 10  6  1 -4 -6 -7 -6 -4 -2  3	
 4804.564 -448.169
 -1 -2 -6 -6 -3 -3 -9-11-13-14-12 -6 -1 *  5  5  4  4  2 -4-11-14-12 -7 -2  3  5	
  1  0 -2 -3 -4 -4 -4 -4 -3 -4 -4 -3  0 *  4  5  5  3  1 -1 -4 -6 -6 -5 -3  0  3	
 4804.564 -447.683
 -4  2  0 -2  1  0 -4 -5 -8 -9 -9 -8 -5 *  5 -1 -1  0 -2 -4 -9-11 -8 -5 -1  3  6	
 -2  1  1 -1 -2 -2 -1  0  0 -1 -2 -3 -2 *  3  0 -1 -1 -1 -2 -4 -5 -5 -3 -2  1  3	
 4804.564 -447.198
 -5  0  4  2  2  2 -1 -2 -4 -5 -6 -6 -5 * 12 12  8 11  7 -4-14-16-14-10 -5  1  9	
 -3  0  2  2  1  0  0  1  1  0 -1 -2 -3 *  7  8  5  3  1 -2 -6 -8 -8 -6 -3  0  4	
 4804.564 -446.712
 -3  3  9  8  6  4 -1 -3 -6 -6 -6 -5 -4 * 11 23 25 23 17  4-14-21-20-16-10 -3  7	
 -1  1  5  7  5  3  0  0 -1 -2 -2 -3 -2 *  6 12 13 10  6  0 -6-10-10 -8 -5 -2  3	
 4804.564 -446.227
 -2  3  9 10  7  5  1 -2 -4 -5 -5 -5 -3 * 11 26 35 32 24 10-11-23-24-19-12 -4  7	
 -2  1  5  8  7  5  2  0 -1 -2 -3 -3 -3 *  6 12 16 15 10  3 -5-11-12-10 -7 -3  2	
 4804.564 -445.742
 -1  5 10 10  8  6  3 -2 -4 -5 -5 -4 -2 * 10 23 34 33 26 13 -6-21-23-19-13 -5  6	
 -1  2  6  8  8  6  3  0 -2 -3 -3 -3 -3 *  5 11 16 16 12  6 -3-11-12-10 -7 -4  1	
 4804.564 -445.256
  4  9  6  5  4  0 -3 -4 -4 -5 -4 -3  1 * 10 19 24 22 15  6 -6-17-19-16-11 -4  6	
  1  6  7  5  4  2  0 -2 -1 -2 -3 -2 -1 *  4 10 13 14 10  5 -2 -8-10 -9 -7 -3  1	
 4804.564 -444.771
 10 12  1 -2 -2 -6-10 -8 -4 -4 -4 -1  5 * 12 18 16 10  3 -4-10-15-15-13 -9 -2  7	
  4 11  6  0 -2 -4 -6 -5 -1 -1 -1  0  2 *  4 10 12 12  8  3 -2 -6 -8 -8 -5 -2  2	
 4804.564 -444.286
  1  8 12 10  6  3  0 -2 -5 -5 -5 -3  0 *  7 13 15 16 14  6 -5-14-17-16-11 -5  4	
 -1  4  9 10  9  7  5  1 -2 -4 -4 -4 -2 *  3  7  9  9  8  5 -1 -6 -9 -9 -7 -4  0	
 4804.564 -443.800
  1  6  9  6  2 -1 -2 -2 -3 -4 -3 -2  0 *  6  9  5  5  3 -1 -8-13-15-13 -9 -4  3	
  0  3  7  8  7  5  3  1 -1 -3 -3 -3 -2 *  3  6  6  4  3  1 -2 -5 -8 -8 -6 -4  0	
 4804.564 -443.315
  2  7  8  4 -1 -4 -5 -4 -4 -4 -3 -2  1 *  5  7  1 -3 -4 -6-10-11-12-10 -7 -3  3	
  0  3  6  7  6  4  2  0 -2 -3 -3 -3 -2 *  2  5  5  1  0 -1 -3 -5 -6 -6 -5 -3  0	
 4804.564 -442.829
  3  6  6  2 -2 -4 -6 -5 -4 -3 -2 -1  2 *  3  5  1 -3 -4 -5 -7 -8 -7 -6 -4 -2  2	
  0  3  5  5  4  3  1  0 -2 -2 -3 -2 -1 *  1  3  3  1 -1 -2 -2 -3 -4 -4 -3 -2  0	
 4804.564 -442.344
  3  5  5  2 -1 -4 -5 -4 -3 -2 -1  0  2 *  1  2  1 -2 -3 -4 -6 -6 -5 -4 -3 -1  1	
  0  3  4  4  4  3  1  0 -1 -1 -2 -2 -1 *  1  1  2  1  0 -1 -2 -2 -2 -2 -2 -1  0	
 4804.564 -441.858
  3  4  4  2 -1 -3 -4 -3 -2 -1  0  0  2 *  1  1  0 -1 -3 -4 -5 -4 -4 -3 -2 -1  1	
  1  2  3  3  3  2  1  0  0 -1 -1 -1  0 *  0  1  1  1  0  0 -1 -2 -2 -2 -2 -1  0	
 4804.888 -452.780
  0  2  5  8  9  8  5  2  0 -1 -1 -2 -1 *  2  3  4  3  1 -1 -3 -5 -5 -4 -3 -1  1	
  0  2  4  5  6  6  5  4  2  1 -1 -1 -1 *  2  3  3  3  2  1 -1 -2 -3 -3 -2 -1  1	
 4804.888 -452.295
 -1  2  5  7  9  8  5  2  0 -1 -1 -2 -1 *  2  4  4  2  0 -2 -4 -6 -5 -4 -2  0  2	
  0  2  3  5  6  6  5  4  2  1  0 -1 -1 *  2  3  3  2  1  0 -1 -2 -3 -3 -2 -1  1	
 4804.888 -451.809
 -1  2  5  7  8  7  5  2  0 -1 -1 -2 -1 *  3  4  4  2  0 -3 -5 -6 -5 -4 -2  0  2	
  0  2  3  4  5  5  5  4  2  1  0 -1 -1 *  2  3  3  2  1  0 -2 -3 -3 -3 -2 -1  1	
 4804.888 -451.324
 -1  1  4  5  6  6  4  1  0 -1 -2 -2 -1 *  3  5  5  3  0 -3 -6 -6 -5 -4 -2  1  3	
  0  1  3  4  4  5  4  3  2  1  0 -1  0 *  2  3  4  3  1 -1 -2 -3 -3 -3 -2 -1  1	
 4804.888 -450.838
 -2  1  3  4  5  5  3  1 -1 -2 -2 -2 -2 *  4  6  6  4  0 -4 -6 -7 -6 -4 -1  1  3	
  0  1  2  3  3  4  4  3  2  1  0  0  0 *  2  4  4  3  1 -1 -2 -3 -3 -3 -2 -1  1	
 4804.888 -450.353
 -2  1  2  3  4  4  2  0 -2 -2 -3 -3 -3 *  4  7  9  6  1 -3 -6 -7 -6 -4 -1  1  3	
  0  1  2  2  3  3  3  3  2  1  0  0  0 *  2  4  5  4  2  0 -2 -3 -4 -3 -2 -1  1	
 4804.888 -449.868
 -3  2  2  1  3  3  1 -1 -3 -4 -4 -4 -4 *  5 11 13 10  3 -3 -6 -7 -6 -4 -2  0  3	
  0  1  2  2  2  3  3  2  2  1  0  0  0 *  3  5  6  5  3  0 -2 -3 -4 -3 -2 -1  1	
 4804.888 -449.382
 -2  3  3  0  1  1 -1 -3 -4 -5 -5 -5 -3 *  9 15 17 18 11  1 -5 -7 -8 -6 -3  0  6	
  0  2  3  3  2  2  2  2  1  0  0 -1  0 *  3  6  8  7  5  2 -1 -3 -4 -4 -3 -1  1	
 4804.888 -448.897
  0  3  3 -2 -2 -1 -3 -5 -7 -8 -8 -7 -2 * 11 15 18 20 16  5 -4 -9 -9 -7 -3  1  8	
  1  3  4  3  2  1  1  1  0  0 -1 -1  0 *  4  7  9  8  6  3 -1 -3 -4 -3 -2 -1  2	
 4804.888 -448.411
  0  4  3 -4 -4 -4 -6 -7 -9-10-10 -8 -3 *  7  9 10  8  5  0 -7-11 -9 -6 -3  2  7	
  1  4  5  3  1  0  0  1  0 -1 -1 -2 -1 *  4  6  7  6  4  1 -2 -3 -4 -3 -2 -1  2	
 4804.888 -447.926
 -4  2  2 -5 -5 -5 -5 -7 -9-10 -9 -8 -5 *  7  0 -3 -2 -2 -5-11-12 -9 -6 -2  2  7	
  0  3  4  2  0 -1  0  1  0 -1 -1 -2 -1 *  4  3  1  0 -1 -2 -4 -5 -5 -4 -2  0  3	
 4804.888 -447.441
 -6 -1  3 -3 -5 -4 -4 -6 -9-10 -9 -8 -6 *  9  7 -3 -2 -2 -7-13-14-12 -8 -4  1  8	
 -2  0  3  2  0 -1  0  1  1  0 -1 -2 -2 *  5  5  0 -2 -2 -3 -5 -6 -6 -4 -2  0  4	
 4804.888 -446.955
 -4 -1  6  3  1 -1 -2 -5 -7 -8 -7 -7 -5 * 10 16  9  7  5 -5-15-18-17-13 -7 -1  7	
 -2  0  3  4  2  1  0  1  0 -1 -2 -2 -2 *  6  9  7  2 -1 -3 -7 -8 -8 -6 -3  0  4	
 4804.888 -446.470
 -3  0  8  9  6  3  0 -3 -5 -6 -6 -5 -4 *  9 19 24 18 14  2-14-20-20-15 -9 -3  6	
 -2  0  4  6  5  3  1  0 -1 -2 -2 -3 -2 *  6 10 12  9  3 -2 -7 -9 -9 -7 -4 -1  3	
 4804.888 -445.984
 -3  1  7 10  8  5  2 -2 -4 -5 -5 -5 -3 *  7 17 26 24 18  8 -8-18-19-15 -9 -4  4	
 -2  0  4  7  7  5  2  1 -1 -2 -3 -3 -3 *  4  9 11 11  8  2 -5 -9 -9 -7 -5 -2  1	
 4804.888 -445.499
 -2  3  9 11  9  6  3 -2 -4 -5 -5 -5 -3 *  7 17 27 28 22 12 -4-18-19-16-11 -5  4	
 -2  1  5  8  8  7  4  1 -2 -3 -4 -4 -3 *  4  8 12 13 10  5 -3 -9-10 -8 -6 -3  1	
 4804.888 -445.014
  2  6  7  8  7  4  0 -3 -4 -5 -5 -3  0 *  8 16 21 22 16  8 -5-16-18-15-11 -4  4	
 -1  4  6  6  6  5  2  0 -1 -3 -3 -3 -2 *  4  9 11 12  9  5 -2 -7 -9 -9 -6 -3  1	
 4804.888 -444.528
  3  7  8  8  7  4  0 -2 -3 -4 -4 -3  0 *  7 14 17 18 14  7 -4-14-17-15-10 -4  4	
  0  4  6  7  6  5  3  0 -1 -3 -3 -3 -2 *  3  8 10 10  8  5 -1 -6 -9 -8 -6 -4  0	
 4804.888 -444.043
  0  5 11 11  9  6  4  1 -2 -4 -4 -3 -1 *  4  9 10 12 11  6 -3-11-15-13 -9 -5  2	
 -1  1  6  9  9  8  6  2 -1 -3 -3 -3 -3 *  2  5  7  6  6  4  0 -5 -7 -8 -6 -4 -1	
 4804.888 -443.557
  1  4  8  8  6  3  2  1 -1 -2 -3 -2  0 *  3  7  5  4  3  0 -5 -9-11-10 -7 -4  1	
 -1  1  5  7  8  7  5  3  0 -2 -3 -3 -2 *  2  5  5  4  3  2 -1 -4 -6 -6 -5 -3 -1	
 4804.888 -443.072
  1  5  7  6  4  1  0  0 -1 -2 -2 -1  0 *  3  6  3 -1 -2 -4 -6 -8 -9 -8 -6 -3  1	
 -1  2  4  7  7  6  5  3  1 -1 -2 -2 -2 *  1  4  5  3  1  0 -1 -3 -5 -5 -4 -3 -1	
 4804.888 -442.587
  2  5  6  5  2 -1 -1  0  0 -1 -1 -1  1 *  2  5  4 -1 -4 -5 -7 -7 -7 -6 -5 -3  1	
  0  2  4  5  6  5  4  3  1  0 -1 -2 -1 *  1  3  4  3  1  0 -2 -3 -4 -4 -4 -3 -1	
 4804.888 -442.101
  2  4  4  3  1 -1 -2  0  1  1  0  1  2 *  1  2  2 -1 -3 -5 -6 -6 -5 -5 -4 -3  0	
  0  1  3  4  4  4  3  3  2  1  0  0  0 *  0  2  2  2  1 -1 -2 -2 -3 -3 -3 -2 -1	
 4804.888 -441.616
  2  3  3  2  0 -1 -2 -1  1  1  1  1  2 *  1  2  2  0 -2 -4 -5 -4 -4 -3 -3 -2  0	
  1  1  2  3  3  3  3  2  2  1  1  0  0 *  0  1  2  2  1  0 -1 -2 -2 -2 -2 -2 -1	
 4805.213 -453.023
  0  2  5  8  9  8  5  3  1 -1 -1 -2 -1 *  2  3  4  4  3  1 -2 -4 -5 -4 -3 -1  1	
  0  2  4  5  5  6  5  3  2  0 -1 -1 -1 *  1  3  3  3  2  1  0 -2 -3 -3 -3 -1  0	
 4805.213 -452.537
  0  2  5  7  8  8  5  3  1 -1 -1 -1 -1 *  2  4  4  4  2  0 -3 -5 -5 -4 -2 -1  1	
  0  2  4  5  5  5  5  4  2  1  0 -1 -1 *  1  3  3  3  2  1 -1 -2 -3 -3 -2 -1  0	
 4805.213 -452.052
  0  2  5  7  8  7  5  2  0 -1 -1 -1 -1 *  3  4  5  4  2 -1 -3 -5 -5 -3 -2  0  2	
  0  2  4  5  5  5  5  4  3  1  0 -1 -1 *  1  3  3  3  2  1 -1 -2 -3 -3 -2 -1  0	
 4805.213 -451.567
  0  2  5  6  7  6  4  2  0 -1 -1 -1 -1 *  3  5  5  3  1 -2 -4 -5 -4 -3 -1  1  3	
  0  2  3  4  5  5  5  4  3  1  0 -1  0 *  2  3  3  3  2  0 -1 -2 -3 -3 -2 -1  0	
 4805.213 -451.081
 -1  2  4  5  6  5  3  1 -1 -1 -1 -1 -1 *  4  5  6  4  1 -2 -4 -5 -4 -3 -1  1  4	
  0  2  3  4  4  4  4  3  2  1  0  0  0 *  2  3  4  3  2  0 -1 -2 -3 -3 -2 -1  1	
 4805.213 -450.596
 -2  1  4  4  5  4  2  0 -2 -2 -2 -2 -2 *  5  6  8  6  2 -2 -5 -6 -5 -3  0  2  4	
  1  2  3  4  4  4  4  3  2  1  0  0  0 *  2  4  4  4  2  0 -2 -3 -3 -3 -2 -1  1	
 4805.213 -450.110
 -3  1  4  3  3  3  1 -1 -2 -3 -3 -3 -3 *  5  8 11  9  4 -2 -5 -6 -5 -2  0  2  4	
  1  2  3  3  3  3  3  2  2  1  0  0  0 *  3  4  5  5  3  1 -2 -3 -3 -3 -2 -1  1	
 4805.213 -449.625
 -3  2  5  3  2  2  0 -2 -3 -4 -4 -5 -4 *  6 11 14 14  8  1 -4 -5 -5 -3 -1  2  5	
  1  2  4  4  3  3  3  2  1  1  0  0  0 *  3  5  6  6  4  2 -1 -3 -3 -3 -2 -1  1	
 4805.213 -449.140
 -3  4  7  5  1  0 -1 -3 -5 -6 -6 -6 -4 *  8 14 16 20 16  6 -1 -5 -6 -4 -2  1  6	
  1  3  5  5  4  3  3  2  1  0  0  0  0 *  3  6  7  7  5  3  0 -3 -3 -3 -2 -1  1	
 4805.213 -448.654
 -2  5  9  6  0 -2 -3 -5 -7 -8 -8 -7 -4 *  7 11 14 15 12  6 -3 -7 -7 -5 -2  1  6	
  1  4  6  7  5  4  3  2  1  0  0  0  0 *  3  5  7  7  5  3  0 -2 -3 -3 -2 -1  2	
 4805.213 -448.169
 -3  4  7  3 -3 -4 -4 -6 -8 -9 -9 -7 -5 *  7  5  4  3  2 -2 -8-10 -8 -5 -3  1  6	
  1  4  7  7  5  3  2  2  1  0  0  0  0 *  4  5  4  4  2  0 -1 -3 -3 -3 -2  0  2	
 4805.213 -447.683
 -4  1  5  1 -4 -4 -4 -7-10-10 -9 -8 -6 *  6  5 -2 -3 -4 -7-11-11 -9 -7 -4  0  5	
  1  3  5  6  4  2  2  2  1  0  0 -1  0 *  4  4  2  0 -1 -2 -3 -4 -4 -3 -1  0  3	
 4805.213 -447.198
 -5 -2  4  2 -2 -2 -2 -5 -8 -9 -8 -7 -6 *  7  9 -1 -3 -3 -7-11-12-10 -7 -4  0  6	
 -1  0  3  4  3  2  2  2  1  0 -1 -1 -1 *  5  6  2 -1 -2 -3 -4 -5 -4 -3 -1  1  3	
 4805.213 -446.712
 -5 -2  3  4  1  0 -1 -4 -6 -7 -7 -6 -5 *  7 12  9  1  0 -5-12-14-13-10 -5 -1  5	
 -2 -1  1  3  3  3  2  1  0 -1 -1 -2 -2 *  5  7  6  1 -2 -3 -5 -6 -5 -3 -1  1  3	
 4805.213 -446.227
 -4 -1  4  8  5  2  0 -3 -5 -6 -6 -5 -4 *  6 13 20 14  9  1-11-17-17-13 -8 -3  4	
 -2  0  2  4  5  3  2  0 -1 -2 -3 -3 -2 *  4  7  9  7  2 -2 -6 -7 -6 -5 -3  0  2	
 4805.213 -445.742
 -3  0  6 11  8  5  1 -3 -5 -6 -6 -5 -4 *  5 13 22 23 16  7 -8-17-17-14 -9 -4  3	
 -2  0  3  6  7  5  2  0 -2 -3 -4 -4 -3 *  4  7 10 10  7  1 -5 -8 -8 -6 -4 -2  1	
 4805.213 -445.256
 -3  2  9 12 11  8  3 -2 -5 -6 -6 -5 -4 *  4 12 20 24 18 10 -4-15-17-15-11 -5  2	
 -3  0  4  8  9  7  4  0 -2 -4 -4 -5 -4 *  3  7  9 10  9  4 -3 -7 -8 -7 -6 -3  0	
 4805.213 -444.771
 -1  3  9 12 11  8  4 -1 -3 -5 -5 -4 -3 *  5 12 17 21 17 10 -3-15-18-15-11 -6  2	
 -2  1  4  8  9  8  5  1 -1 -3 -4 -4 -4 *  2  7  9  9  8  4 -2 -7 -9 -8 -6 -4  0	
 4805.213 -444.286
 -1  3 10 12 12  9  6  1 -2 -4 -4 -4 -2 *  4 10 13 18 16  9 -2-13-17-15-11 -6  1	
 -3  0  4  8 10  9  7  3 -1 -3 -4 -4 -3 *  2  6  8  8  7  5 -1 -6 -9 -9 -7 -5 -1	
 4805.213 -443.800
 -1  3  8 11 10  8  6  2 -1 -3 -3 -3 -1 *  3  8  9 11 11  6 -2-10-14-13-10 -6  0	
 -2  0  3  7  9  8  7  3  0 -2 -3 -3 -3 *  1  5  7  6  5  4  0 -5 -7 -8 -7 -5 -1	
 4805.213 -443.315
  0  3  7  9  8  7  5  3  0 -2 -2 -2 -1 *  2  7  8  5  4  1 -4 -8-12-11 -9 -5  0	
 -2  0  3  7  8  8  7  4  1 -1 -2 -3 -2 *  1  4  6  5  4  2  0 -3 -6 -7 -6 -4 -1	
 4805.213 -442.829
  1  3  6  7  6  5  4  4  2  0 -1 -1  0 *  2  5  6  2  0 -2 -4 -7 -9 -9 -7 -4  0	
 -1  1  3  6  8  8  7  5  3  0 -1 -2 -2 *  0  3  5  4  2  1  0 -3 -5 -5 -5 -4 -2	
 4805.213 -442.344
  1  3  5  5  4  3  3  3  2  1  0  0  1 *  1  4  4  1 -2 -3 -4 -5 -6 -6 -6 -4  0	
  0  1  2  4  6  6  6  5  3  1  0 -1 -1 *  0  2  4  4  2  1  0 -2 -3 -4 -4 -3 -2	
 4805.213 -441.858
  2  3  3  3  2  1  2  3  3  3  2  1  2 *  0  2  2  1 -1 -3 -4 -4 -4 -4 -4 -3 -1	
  0  1  1  3  4  5  5  5  4  3  2  1  0 * -1  1  2  3  2  0 -1 -2 -2 -3 -3 -3 -2	
 4805.537 -452.780
  0  2  5  7  8  7  5  3  1  0 -1 -1 -1 *  1  3  4  5  4  1 -2 -4 -5 -4 -3 -2  1	
  0  2  4  5  5  5  5  4  2  0 -1 -1 -1 *  1  3  3  3  3  2  0 -2 -3 -3 -3 -2  0	
 4805.537 -452.295
  0  3  6  7  8  7  5  3  1  0 -1 -1  0 *  2  4  5  4  3  1 -2 -4 -4 -3 -2 -1  1	
  0  2  4  5  5  5  5  4  2  1  0 -1 -1 *  1  3  3  3  2  1  0 -2 -3 -3 -3 -2  0	
 4805.537 -451.809
  0  3  5  7  7  6  4  2  0  0 -1 -1  0 *  3  4  5  4  3  0 -2 -4 -4 -3 -1  0  2	
  0  2  3  4  5  5  4  4  3  1  0 -1  0 *  1  3  3  3  2  1  0 -2 -3 -3 -3 -2  0	
 4805.537 -451.324
  0  3  5  7  7  6  4  1  0 -1 -1 -1  0 *  4  5  6  5  2  0 -3 -4 -3 -2  0  2  4	
  0  2  3  4  5  4  4  4  3  2  0  0  0 *  1  3  4  3  2  1 -1 -2 -3 -3 -2 -1  0	
 4805.537 -450.838
  0  2  5  6  6  5  3  0 -1 -1 -1 -1  0 *  5  6  8  7  3 -1 -3 -4 -3 -2  1  3  5	
  1  2  4  4  4  4  4  3  2  2  0  0  0 *  2  3  4  4  2  1 -1 -2 -3 -3 -2 -1  1	
 4805.537 -450.353
 -1  2  5  6  5  4  2 -1 -2 -2 -2 -2 -1 *  6  7  9  9  4 -1 -4 -5 -4 -1  1  4  6	
  1  3  4  4  4  4  3  2  2  2  1  0  0 *  2  4  5  4  3  1 -1 -2 -2 -2 -2 -1  1	
 4805.537 -449.868
 -2  1  6  5  4  3  1 -1 -3 -3 -3 -3 -3 *  7  9 11 12  7  1 -4 -5 -4 -1  2  4  6	
  1  3  4  4  4  4  3  2  2  1  0  0  0 *  3  5  5  5  3  1 -1 -3 -3 -2 -2 -1  1	
 4805.537 -449.382
 -3  2  7  6  4  2  0 -2 -4 -5 -5 -5 -4 *  7 11 13 15 12  5 -1 -4 -3 -1  1  3  6	
  1  3  5  5  4  4  3  2  1  1  0  0  0 *  3  5  6  5  4  2 -1 -3 -3 -3 -2 -1  1	
 4805.537 -448.897
 -4  3  9  9  5  2  0 -3 -5 -6 -6 -6 -4 *  8 12 14 16 17  9  1 -4 -4 -3  0  2  6	
  1  4  6  6  6  4  3  2  1  0  0  0  1 *  3  5  6  6  5  2  0 -2 -3 -3 -2 -1  2	
 4805.537 -448.411
 -4  3  9 10  5  1 -1 -5 -7 -7 -7 -6 -5 *  7  9 10 10  9  4 -3 -6 -5 -3 -1  1  5	
  1  4  6  7  6  5  4  2  1  1  0  0  1 *  3  5  5  5  3  2 -1 -2 -3 -2 -2  0  2	
 4805.537 -447.926
 -4  1  7  9  4  0 -3 -6 -8 -8 -8 -7 -5 *  6  7  4  3  0 -4 -8 -8 -6 -4 -2  1  5	
  1  3  6  7  6  5  4  3  2  1  0  0  1 *  4  5  4  2  1  0 -1 -2 -3 -2 -1  0  2	
 4805.537 -447.441
 -5 -1  4  6  3  0 -3 -6 -8 -8 -8 -7 -5 *  6  8  1 -2 -4 -7-10 -9 -8 -6 -3  0  5	
  1  2  4  6  5  4  3  2  1  1  0  0  1 *  4  5  3  1 -1 -2 -3 -3 -3 -2 -1  1  3	
 4805.537 -446.955
 -5 -2  1  4  3  1 -2 -5 -7 -8 -7 -7 -5 *  6  9  5 -2 -3 -7-11-12-11 -8 -5 -1  4	
  0  1  2  4  4  4  3  2  1  0  0  0  0 *  5  6  5  1 -2 -3 -4 -4 -3 -2  0  2  4	
 4805.537 -446.470
 -4 -2  0  4  3  1 -2 -5 -7 -7 -7 -6 -5 *  5 11 13  3  0 -4-12-16-15-12 -7 -2  4	
 -1  0  1  3  4  3  2  1  0 -1 -2 -2 -1 *  5  7  7  4 -1 -3 -5 -6 -4 -2  0  2  4	
 4805.537 -445.984
 -4 -1  3  7  5  3 -1 -4 -6 -7 -6 -6 -4 *  5 11 18 15  7  0-11-18-18-14 -9 -4  2	
 -2  0  2  4  4  3  2  0 -2 -3 -3 -3 -3 *  5  7  9  8  3 -2 -5 -7 -6 -4 -2  0  3	
 4805.537 -445.499
 -4  0  6 11 10  6  1 -3 -5 -7 -7 -6 -4 *  4 11 19 23 15  6 -9-18-19-15-11 -6  1	
 -3  0  3  6  7  5  3  0 -2 -4 -5 -5 -4 *  4  7  9 10  7  1 -5 -8 -8 -7 -5 -2  1	
 4805.537 -445.014
 -3  0  7 11 11  8  4 -1 -4 -5 -6 -5 -4 *  3 10 17 22 17  8 -5-17-19-16-12 -7  0	
 -3 -1  3  6  8  7  4  1 -2 -3 -4 -5 -4 *  2  6  8  9  8  3 -3 -8 -9 -8 -6 -4  0	
 4805.537 -444.528
 -3  1  7 12 13 10  6  1 -3 -4 -5 -4 -3 *  2  9 14 19 16  9 -3-14-17-15-11 -7  0	
 -3 -1  3  7  9  9  6  2 -1 -3 -4 -5 -4 *  1  5  7  8  7  4 -2 -7 -9 -8 -7 -5 -1	
 4805.537 -444.043
 -2  1  7 12 13 11  7  3 -1 -3 -4 -4 -3 *  2  8 11 14 13  8 -2-12-16-14-11 -6  0	
 -3 -1  2  6  9  9  7  3  0 -2 -3 -4 -4 *  1  5  7  7  6  4 -1 -6 -8 -8 -7 -5 -2	
 4805.537 -443.557
 -1  1  6 10 12 10  8  4  0 -2 -3 -3 -2 *  1  7  9 10 10  6 -2 -9-13-12-10 -6 -1	
 -2 -1  2  6  8  9  7  4  1 -1 -3 -3 -3 *  0  4  6  6  5  4  0 -4 -7 -8 -7 -5 -2	
 4805.537 -443.072
  0  2  5  9 10  9  7  5  1 -1 -2 -2 -1 *  1  5  7  6  6  3 -1 -6-10-10 -8 -5 -1	
 -2 -1  2  5  8  9  8  5  2  0 -2 -2 -2 *  0  3  5  5  4  3  1 -2 -5 -6 -6 -4 -2	
 4805.537 -442.587
  1  2  4  6  7  8  7  6  3  1  0  0  0 *  0  4  5  4  2  0 -2 -5 -8 -8 -7 -5 -1	
 -1 -1  1  4  7  8  8  6  4  2  0 -1 -1 * -1  2  4  5  3  2  0 -2 -4 -5 -5 -4 -2	
 4805.537 -442.101
  1  2  2  3  4  5  6  6  4  3  1  1  1 * -1  2  4  3  1 -1 -2 -3 -5 -6 -6 -4 -2	
  0  0  0  2  4  6  7  6  5  3  1  0  0 * -1  1  3  4  3  2  0 -2 -3 -4 -4 -4 -2	
 4805.537 -441.616
  2  2  1  2  2  3  4  5  5  4  3  2  2 * -1  1  2  3  1  0 -1 -1 -3 -4 -5 -4 -2	
  0  0  0  1  3  5  6  6  5  4  2  1  1 * -1  0  2  3  3  2  0 -1 -2 -3 -3 -3 -2	
