Pointe de Grave          	
 4525.911 -137.984
  1  3  5  5  4  3  0 -3 -5 -5 -4 -2  0 *  4  5  5  3  0 -3 -5 -6 -5 -4 -1  2  4	
  0  2  3  3  2  1  0 -1 -2 -2 -2 -2  0 *  2  2  3  2  0 -1 -3 -3 -2 -2 -1  0  2	
 4525.911 -136.384
  1  3  5  5  4  3  0 -3 -5 -5 -4 -2  0 *  4  5  5  3  0 -3 -5 -6 -6 -4 -1  2  3	
  0  2  3  3  2  1  0 -1 -2 -2 -2 -2  0 *  2  2  3  2  0 -1 -3 -3 -3 -2 -1  0  1	
 4525.911 -134.784
  1  3  5  5  4  3  0 -3 -5 -5 -4 -2  0 *  4  5  5  3  0 -2 -5 -6 -6 -4 -1  2  3	
  0  2  3  3  2  1  0 -1 -2 -2 -2 -2  0 *  2  2  3  2  0 -1 -3 -3 -3 -2 -1  0  1	
 4525.911 -133.184
  1  3  5  5  4  3  0 -3 -5 -5 -4 -2  0 *  4  5  5  3  0 -2 -5 -6 -6 -4 -1  2  3	
  1  2  3  3  2  1  0 -1 -2 -2 -2 -2  0 *  2  2  3  2  0 -1 -3 -3 -3 -2 -1  0  1	
 4525.911 -131.584
  1  3  5  5  4  3  0 -2 -4 -5 -3 -2  0 *  4  5  5  3  0 -2 -5 -6 -6 -4 -2  2  3	
  1  2  3  3  2  1  0 -1 -2 -2 -2 -1  0 *  2  2  3  2  0 -1 -2 -3 -3 -2 -1  0  1	
 4525.911 -129.984
  1  3  5  5  4  3  0 -2 -4 -4 -3 -1  0 *  4  5  5  3  0 -2 -4 -6 -6 -4 -2  2  3	
  1  2  3  3  2  1  0 -1 -2 -2 -2 -1  0 *  2  2  3  2  1 -1 -2 -3 -3 -2 -1  0  1	
 4525.911 -128.384
  1  3  5  5  4  2  0 -2 -4 -4 -3 -1  0 *  3  5  5  3  1 -2 -4 -6 -6 -4 -2  1  3	
  1  2  3  3  2  1  0 -1 -2 -2 -2 -1  0 *  2  2  3  2  1 -1 -2 -3 -3 -2 -1  0  1	
 4525.911 -126.784
  1  3  5  5  4  2  0 -2 -4 -4 -3 -1  0 *  3  5  5  3  1 -1 -4 -6 -6 -4 -2  1  3	
  1  2  2  3  2  1  0 -1 -2 -2 -2 -1  0 *  2  2  3  2  1 -1 -2 -3 -3 -2 -1  0  1	
 4525.911 -125.184
  1  3  5  4  4  2  0 -2 -4 -4 -3 -1  0 *  3  5  5  4  1 -1 -4 -6 -6 -5 -2  1  2	
  1  2  2  3  2  1  0 -1 -2 -2 -2 -1  0 *  2  2  3  2  1 -1 -2 -3 -3 -2 -1  0  1	
 4525.911 -123.584
  1  3  4  4  4  2  0 -2 -4 -4 -2 -1  0 *  3  5  5  4  2 -1 -3 -5 -6 -5 -2  1  2	
  1  2  2  2  2  1  0 -1 -2 -2 -1 -1  0 *  2  3  3  3  1 -1 -2 -3 -3 -2 -1  0  1	
 4525.911 -121.984
  1  3  4  4  3  2  0 -2 -4 -4 -2 -1  0 *  3  5  6  4  2  0 -3 -5 -6 -5 -2  1  2	
  1  2  2  2  2  1  0 -1 -2 -2 -2 -1  0 *  2  3  3  3  1  0 -2 -3 -3 -2 -1  0  1	
 4525.911 -120.384
  2  4  5  4  4  2  0 -2 -3 -3 -2  0  1 *  3  5  6  5  2  0 -3 -5 -6 -5 -2  1  3	
  1  2  3  3  2  1  0 -1 -2 -1 -1 -1  1 *  2  3  3  3  2  0 -2 -3 -3 -2 -1  0  1	
 4525.911 -118.784
  1  3  4  4  3  2  0 -2 -3 -3 -2  0  1 *  3  5  6  5  2  0 -3 -6 -7 -6 -3  0  2	
  1  2  2  2  2  1  0 -1 -2 -1 -1 -1  1 *  2  3  3  3  1  0 -2 -3 -3 -3 -2 -1  1	
 4525.911 -117.184
  1  3  3  3  3  2  0 -2 -3 -2 -1  0  1 *  3  6  6  5  3  0 -3 -6 -7 -6 -3  1  2	
  1  2  2  2  1  1  0 -1 -1 -1 -1  0  1 *  2  3  3  3  2  0 -2 -3 -4 -3 -2 -1  1	
 4525.911 -115.584
  1  2  3  3  2  1  0 -2 -3 -2 -1  0  1 *  4  6  7  6  3  1 -3 -6 -8 -6 -3  1  3	
  1  1  2  2  1  1  0 -1 -1 -1 -1  0  1 *  2  3  4  3  2  0 -2 -3 -4 -3 -2 -1  1	
 4525.911 -113.984
  1  2  3  2  2  1  0 -2 -2 -1  0  1  1 *  4  7  7  6  3  1 -3 -7 -8 -6 -2  1  3	
  1  1  1  1  1  0  0 -1 -1 -1  0  0  1 *  2  3  4  3  2  0 -2 -4 -4 -3 -2 -1  2	
 4525.911 -112.384
  2  3  3  2  2  1  0 -1 -1  0  0  1  1 *  5  7  7  6  3  0 -3 -7 -7 -5 -1  2  4	
  1  2  2  1  1  1  0 -1 -1  0  0  1  1 *  2  3  4  3  2  0 -2 -4 -4 -3 -1  0  2	
 4525.911 -110.784
  1  1  1  1  1  1  0  0  0  0  0  0  0 *  5  7  7  5  3  0 -3 -7 -6 -3  0  3  4	
  1  1  1  1  1  0  0  0  0  0  0  0  1 *  3  4  4  3  2  0 -2 -4 -3 -2  0  0  2	
 4527.031 -137.184
  1  3  5  5  4  3  0 -3 -5 -5 -4 -2  0 *  4  5  5  3  0 -3 -5 -6 -5 -4 -1  2  3	
  0  2  3  3  2  1  0 -1 -2 -2 -2 -2  0 *  2  2  3  2  0 -1 -3 -3 -3 -2 -1  0  2	
 4527.031 -135.584
  1  3  5  5  4  3  0 -3 -5 -5 -4 -2  0 *  4  5  5  3  0 -3 -5 -6 -6 -4 -1  2  3	
  0  2  3  3  2  1  0 -1 -2 -2 -2 -2  0 *  2  2  3  2  0 -1 -3 -3 -3 -2 -1  0  2	
 4527.031 -133.984
  1  3  5  5  4  3  0 -3 -5 -5 -4 -2  0 *  4  5  5  3  0 -2 -5 -6 -6 -4 -1  2  3	
  0  2  3  3  2  1  0 -1 -2 -2 -2 -2  0 *  2  2  3  2  0 -1 -3 -3 -3 -2 -1  0  1	
 4527.031 -132.384
  1  3  5  5  4  3  0 -2 -4 -5 -4 -2  0 *  4  5  5  3  0 -2 -5 -6 -6 -4 -2  2  3	
  0  2  3  3  2  1  0 -1 -2 -2 -2 -1  0 *  2  2  3  2  0 -1 -3 -3 -3 -2 -1  0  1	
 4527.031 -130.784
  1  4  5  5  4  3  0 -2 -4 -5 -3 -2  0 *  4  5  5  3  0 -2 -5 -6 -6 -4 -2  2  3	
  1  2  3  3  2  1  0 -1 -2 -2 -2 -1  0 *  2  2  3  2  1 -1 -2 -3 -3 -2 -1  0  1	
 4527.031 -129.184
  1  4  5  5  4  3  0 -2 -4 -4 -3 -1  0 *  3  5  5  3  1 -2 -4 -6 -6 -4 -2  1  3	
  1  2  3  3  2  1  0 -1 -2 -2 -2 -1  0 *  2  2  3  2  1 -1 -2 -3 -3 -2 -1  0  1	
 4527.031 -127.584
  1  3  5  5  4  3  1 -2 -4 -4 -3 -1  0 *  3  5  5  3  1 -2 -4 -6 -6 -4 -2  1  3	
  1  2  3  3  2  1  0 -1 -2 -2 -2 -1  0 *  2  2  3  2  1 -1 -2 -3 -3 -2 -1  0  1	
 4527.031 -125.984
  1  3  5  5  4  3  0 -2 -4 -4 -3 -1  0 *  3  5  5  4  1 -1 -4 -6 -6 -5 -2  1  2	
  1  2  3  3  2  1  0 -1 -2 -2 -2 -1  0 *  2  2  3  2  1 -1 -2 -3 -3 -2 -1  0  1	
 4527.031 -124.384
  1  4  5  5  4  3  1 -2 -4 -4 -3 -1  0 *  3  5  5  4  1 -1 -4 -6 -6 -5 -2  1  2	
  1  2  3  3  2  1  0 -1 -2 -2 -2 -1  0 *  1  2  3  2  1 -1 -2 -3 -3 -2 -1  0  1	
 4527.031 -122.784
  1  4  5  5  4  3  1 -2 -4 -4 -3 -1  0 *  3  5  5  4  2 -1 -3 -5 -6 -5 -2  1  2	
  1  2  3  3  2  1  0 -1 -2 -2 -1 -1  0 *  2  2  3  3  1  0 -2 -3 -3 -2 -1 -1  1	
 4527.031 -121.184
  2  4  5  5  4  3  1 -2 -3 -3 -2  0  1 *  3  5  6  5  2  0 -3 -5 -6 -5 -2  1  3	
  1  2  3  3  2  1  0 -1 -2 -1 -1  0  1 *  2  3  3  3  2  0 -2 -3 -3 -2 -1  0  1	
 4527.031 -119.584
  2  4  5  4  4  3  1 -2 -3 -3 -2  0  1 *  3  5  6  5  2  0 -3 -6 -7 -6 -3  0  2	
  1  2  3  3  2  1  0 -1 -2 -1 -1 -1  1 *  2  3  3  3  1  0 -2 -3 -3 -3 -2 -1  1	
 4527.031 -117.984
  1  3  4  4  3  2  0 -2 -3 -3 -2 -1  0 *  3  5  6  5  3  0 -3 -6 -7 -6 -3  0  2	
  1  2  2  2  2  1  0 -1 -2 -2 -1 -1  1 *  1  3  3  3  2  0 -2 -3 -4 -3 -2 -1  1	
 4527.031 -116.384
  2  3  4  4  3  2  1 -2 -3 -3 -1  0  1 *  4  6  7  6  3  1 -2 -6 -7 -6 -3  1  3	
  1  2  3  2  2  1  0 -1 -1 -1 -1  0  1 *  2  3  4  4  2  0 -2 -3 -4 -3 -2 -1  1	
 4527.031 -114.784
  2  3  4  3  3  2  0 -2 -2 -2 -1  0  1 *  5  7  8  7  4  2 -2 -6 -8 -6 -2  2  4	
  2  2  2  2  2  1  0 -1 -1 -1  0  0  1 *  2  4  5  4  2  0 -2 -4 -4 -3 -2 -1  2	
 4527.031 -113.184
  1  2  2  2  2  1  0 -1 -2 -2 -2 -1  0 *  6  8  8  6  4  1 -3 -7 -8 -5 -1  3  4	
  1  1  2  1  1  0  0 -1 -1 -1  0  0  1 *  3  4  5  4  2  0 -2 -4 -4 -3 -1  0  2	
 4527.031 -111.584
  0  1  1  1  1  1  0 -1 -1 -2 -2 -2 -1 *  6  8  8  6  4  1 -3 -8 -8 -4  1  4  5	
  0  0  1  1  1  0  0  0 -1 -1 -1 -1  0 *  4  4  5  4  2  0 -2 -4 -4 -2  0  1  3	
 4527.031 -109.984
 -1 -1 -1 -1 -1 -1  0  0  0 -1 -1 -1 -1 *  4  5  6  5  3  1 -4 -7 -5  0  3  3  3	
  0 -1 -1 -1  0  0  0  0  0  0  0  0  0 *  3  3  4  3  2 -1 -3 -4 -3  0  1  1  3	
 4528.151 -137.985
  1  3  5  5  4  3  0 -2 -5 -5 -4 -2  0 *  4  5  5  3  0 -3 -5 -6 -5 -4 -1  2  4	
  0  2  3  3  2  1  0 -1 -2 -2 -2 -2  0 *  2  2  3  2  0 -1 -3 -3 -2 -2 -1  0  2	
 4528.151 -136.384
  1  3  5  5  4  3  0 -3 -5 -5 -4 -2  0 *  4  5  5  3  0 -3 -5 -6 -6 -4 -1  2  3	
  0  2  3  3  2  1  0 -1 -2 -2 -2 -2  0 *  2  2  3  2  0 -1 -3 -3 -3 -2 -1  0  1	
 4528.151 -134.784
  1  4  5  5  4  3  0 -2 -5 -5 -4 -2  0 *  4  5  5  3  0 -2 -5 -6 -6 -4 -1  2  3	
  0  2  3  3  3  1  0 -1 -2 -2 -2 -2  0 *  2  2  3  2  0 -1 -3 -3 -3 -2 -1  0  1	
 4528.151 -133.184
  1  4  5  5  4  3  0 -2 -4 -5 -4 -2  0 *  4  5  5  3  0 -2 -5 -6 -6 -4 -2  2  3	
  0  2  3  3  3  2  0 -1 -2 -2 -2 -1  0 *  2  2  3  2  0 -1 -3 -3 -3 -2 -1  0  1	
 4528.151 -131.584
  1  4  5  5  5  3  0 -2 -4 -5 -4 -2  0 *  3  5  5  3  0 -2 -5 -6 -6 -4 -2  2  3	
  1  2  3  3  3  2  0 -1 -2 -2 -2 -1  0 *  2  2  3  2  0 -1 -3 -3 -3 -2 -1  0  1	
 4528.151 -129.984
  1  4  5  5  4  3  1 -2 -4 -4 -3 -1  0 *  3  5  5  3  0 -2 -4 -6 -6 -4 -2  1  3	
  1  2  3  3  3  2  0 -1 -2 -2 -2 -1  0 *  2  2  3  2  1 -1 -2 -3 -3 -2 -1  0  1	
 4528.151 -128.384
  1  4  5  5  4  3  1 -2 -4 -4 -3 -1  0 *  3  5  5  3  1 -2 -4 -6 -6 -4 -2  1  3	
  1  2  3  3  3  2  0 -1 -2 -2 -2 -1  0 *  2  2  3  2  1 -1 -2 -3 -3 -2 -1  0  1	
 4528.151 -126.784
  1  4  5  5  4  3  1 -2 -4 -4 -3 -1  0 *  3  5  5  3  1 -1 -4 -6 -6 -5 -2  1  3	
  1  2  3  3  3  2  0 -1 -2 -2 -2 -1  0 *  2  2  3  2  1 -1 -2 -3 -3 -2 -1  0  1	
 4528.151 -125.184
  1  4  5  5  4  3  1 -2 -4 -4 -3 -1  0 *  3  5  5  4  1 -1 -4 -5 -6 -5 -2  1  2	
  1  2  3  3  3  2  0 -1 -2 -2 -2 -1  0 *  2  2  3  2  1 -1 -2 -3 -3 -2 -1  0  1	
 4528.151 -123.584
  1  4  5  5  4  3  1 -2 -4 -4 -3 -1  0 *  3  5  5  4  2 -1 -3 -5 -6 -5 -2  1  2	
  1  2  3  3  3  2  0 -1 -2 -2 -2 -1  0 *  1  2  3  3  1 -1 -2 -3 -3 -2 -1 -1  1	
 4528.151 -121.984
  1  4  5  5  4  3  1 -2 -4 -4 -3 -1  0 *  3  5  6  4  2  0 -3 -5 -6 -5 -3  1  2	
  1  2  3  3  3  2  1 -1 -2 -2 -1 -1  1 *  1  2  3  3  1  0 -2 -3 -3 -2 -1 -1  1	
 4528.151 -120.384
  1  4  5  5  4  3  1 -2 -4 -4 -3 -1  0 *  3  6  6  5  3  0 -2 -5 -6 -5 -2  1  3	
  1  2  3  3  2  2  1 -1 -2 -2 -2 -1  1 *  2  3  4  3  2  0 -1 -2 -3 -2 -1  0  1	
 4528.151 -118.784
  1  4  5  5  4  3  1 -2 -4 -4 -2 -1  1 *  3  5  6  5  3  1 -2 -5 -6 -5 -3  1  2	
  1  2  3  3  2  1  0 -1 -2 -2 -1 -1  1 *  1  3  4  3  2  0 -2 -3 -3 -3 -2 -1  1	
 4528.151 -117.184
  2  4  4  4  4  3  1 -2 -4 -3 -2  0  1 *  4  6  7  6  4  1 -2 -6 -7 -6 -2  1  3	
  2  2  3  3  2  1  0 -1 -2 -1 -1  0  1 *  1  3  4  4  2  0 -2 -3 -4 -3 -2 -1  1	
 4528.151 -115.584
  0  2  4  4  3  2  1 -2 -4 -4 -4 -2 -1 *  4  7  8  7  4  2 -2 -6 -8 -7 -3  1  3	
  1  2  2  2  2  1  0 -1 -2 -2 -2 -1  0 *  2  4  4  4  3  1 -1 -3 -4 -4 -2 -1  1	
 4528.151 -113.984
 -2  1  3  3  3  2  0 -3 -6 -6 -6 -4 -3 *  6  9  9  8  5  2 -2 -8-10 -7 -2  2  5	
  0  1  2  2  1  1 -1 -2 -3 -3 -3 -2 -1 *  3  5  5  5  3  1 -2 -4 -5 -4 -2  0  3	
 4528.151 -112.384
 -1  1  2  2  2  1  0 -2 -4 -5 -5 -3 -2 *  6  9  9  8  5  2 -3-10-11 -7 -2  3  5	
  0  1  1  1  1  0 -1 -2 -2 -2 -2 -2  0 *  4  5  6  5  3  0 -3 -6 -6 -4 -1  0  3	
 4528.151 -110.784
 -1  0  1  1  1  1  0 -2 -4 -5 -4 -2 -1 *  6  8  9  7  5  2 -4-11-11 -6  0  4  5	
  0  0  0  1  1  0  0 -1 -2 -2 -2 -1 -1 *  4  5  6  5  3  0 -3 -6 -6 -3  0  1  4	
 4529.271 -137.185
  1  3  5  5  4  3  0 -2 -5 -5 -4 -2  0 *  4  5  4  3  0 -3 -5 -6 -5 -4 -1  2  3	
  0  2  3  3  3  1  0 -1 -2 -2 -2 -2  0 *  2  2  3  2  0 -1 -3 -3 -2 -2 -1  0  1	
 4529.271 -135.585
  1  3  5  5  5  3  0 -2 -5 -5 -4 -2  0 *  4  5  4  3  0 -3 -5 -6 -6 -4 -1  2  3	
  0  2  3  3  3  2  0 -1 -2 -2 -2 -2  0 *  2  2  3  2  0 -1 -3 -3 -3 -2 -1  0  1	
 4529.271 -133.984
  1  3  5  5  5  3  0 -2 -5 -5 -4 -2  0 *  4  5  4  3  0 -2 -5 -6 -6 -4 -2  2  3	
  0  2  3  3  3  2  0 -1 -2 -2 -2 -2  0 *  2  2  3  2  0 -1 -3 -3 -3 -2 -1  0  1	
 4529.271 -132.384
  1  4  5  5  5  3  1 -2 -4 -5 -4 -2  0 *  3  5  4  3  0 -2 -5 -6 -6 -4 -2  2  3	
  1  2  3  3  3  2  0 -1 -2 -2 -2 -1  0 *  2  2  2  2  0 -1 -2 -3 -3 -2 -1  0  1	
 4529.271 -130.784
  1  4  5  5  5  3  1 -2 -4 -5 -4 -2  0 *  3  5  4  3  0 -2 -5 -6 -6 -4 -2  1  3	
  1  2  3  3  3  2  0 -1 -2 -2 -2 -1  0 *  1  2  2  2  0 -1 -2 -3 -3 -2 -1  0  1	
 4529.271 -129.184
  1  3  5  5  5  3  1 -2 -4 -4 -3 -2  0 *  3  5  5  3  0 -2 -4 -6 -6 -4 -2  1  3	
  1  2  3  3  3  2  0 -1 -2 -2 -2 -1  0 *  1  2  3  2  1 -1 -2 -3 -3 -2 -1  0  1	
 4529.271 -127.584
  1  4  5  5  5  3  1 -2 -4 -4 -3 -1  0 *  3  5  5  3  1 -2 -4 -6 -6 -4 -2  1  2	
  1  2  3  3  3  2  1 -1 -2 -2 -2 -1  0 *  1  2  3  2  1 -1 -2 -3 -3 -2 -1  0  1	
 4529.271 -125.984
  1  4  5  5  5  3  1 -2 -4 -4 -3 -1  0 *  3  5  5  4  1 -1 -4 -5 -6 -4 -2  1  2	
  1  2  3  3  3  2  1 -1 -2 -2 -2 -1  0 *  1  2  3  2  1 -1 -2 -3 -3 -2 -1  0  1	
 4529.271 -124.384
  1  3  5  5  5  3  1 -2 -4 -4 -3 -1  0 *  3  5  5  4  1 -1 -3 -5 -6 -5 -2  1  2	
  1  2  3  3  3  2  1 -1 -2 -2 -2 -1  0 *  1  2  3  2  1 -1 -2 -3 -3 -2 -1  0  1	
 4529.271 -122.784
  1  4  5  5  4  3  1 -2 -4 -4 -3 -1  0 *  3  4  5  4  2 -1 -3 -5 -6 -5 -2  1  2	
  1  2  3  3  3  2  0 -1 -2 -2 -1 -1  1 *  1  2  3  2  1 -1 -2 -2 -3 -2 -1 -1  1	
 4529.271 -121.184
  1  3  5  5  5  3  1 -2 -4 -4 -3 -2  0 *  3  5  6  4  2  0 -3 -5 -6 -5 -2  1  2	
  1  2  3  3  3  2  1 -1 -2 -2 -2 -1  0 *  1  2  3  3  1  0 -2 -2 -3 -2 -1 -1  1	
 4529.271 -119.584
  0  3  5  5  4  3  1 -2 -4 -5 -4 -2 -1 *  4  6  6  5  3  1 -2 -5 -6 -5 -2  1  3	
  1  2  3  3  3  2  0 -1 -2 -2 -2 -1  0 *  2  3  4  3  2  0 -1 -2 -3 -2 -1 -1  1	
 4529.271 -117.984
  0  3  4  4  4  3  1 -3 -5 -5 -4 -2 -1 *  4  6  7  6  3  1 -2 -5 -7 -6 -3  1  3	
  1  2  3  3  2  1  0 -2 -3 -3 -2 -1  0 *  2  3  4  3  2  0 -1 -3 -4 -3 -2 -1  1	
 4529.271 -116.384
 -2  2  4  4  4  3  0 -3 -6 -6 -6 -4 -3 *  4  7  7  6  3  1 -2 -7 -9 -8 -4  0  3	
  0  1  2  2  2  1  0 -2 -3 -3 -3 -2 -1 *  2  3  4  3  2  0 -2 -4 -5 -4 -3 -1  1	
 4529.271 -114.784
 -2  2  4  4  4  3  1 -4 -7 -8 -7 -5 -3 *  6  9 10  9  6  3 -2 -7-10 -8 -3  2  5	
  0  1  2  3  2  1  0 -2 -4 -4 -3 -3 -1 *  3  5  6  5  4  1 -2 -4 -5 -4 -2  0  3	
 4529.271 -113.184
 -2  2  4  5  4  3  0 -6-11-13-11 -7 -4 *  7 11 12 10  7  3 -2-10-13-10 -4  2  5	
  0  1  3  3  3  2 -1 -4 -6 -6 -5 -4 -1 *  5  6  7  6  4  1 -3 -6 -7 -5 -2  0  4	
 4529.271 -111.584
  0  4  6  7  6  4  0 -7-13-15-12 -7 -3 *  7 12 14 12  8  4 -3-14-18-14 -9 -1  4	
  1  3  4  4  3  2 -1 -5 -7 -7 -6 -5  0 *  6  8  9  8  5  1 -4 -9-10 -7 -4 -1  5	
 4529.271 -109.984
  2  6  7  7  5  3 -1 -7-10-10 -8 -4  0 *  6 11 14 13 10  6 -4-16-19-15 -9 -1  3	
  2  3  4  4  3  1 -2 -4 -6 -5 -4 -3  1 *  6  8  9  8  5  1 -6-11-11 -8 -4 -2  5	
 4530.391 -137.985
  1  3  5  5  4  3  0 -3 -5 -5 -4 -2 -1 *  4  5  5  3  0 -2 -5 -6 -5 -4 -1  2  4	
  0  2  3  3  2  1  0 -1 -2 -2 -2 -2  0 *  2  2  3  2  0 -1 -2 -3 -2 -2 -1  0  2	
 4530.391 -136.385
  1  3  5  5  5  3  0 -2 -5 -5 -4 -2  0 *  4  5  4  3  0 -3 -5 -6 -6 -4 -1  2  3	
  0  2  3  3  3  2  0 -1 -2 -2 -2 -2  0 *  2  2  2  2  0 -2 -3 -3 -3 -2 -1  0  1	
 4530.391 -134.784
  1  3  5  5  5  3  0 -2 -5 -5 -4 -2 -1 *  4  5  4  3  0 -3 -5 -6 -6 -4 -2  2  3	
  0  2  3  3  3  2  0 -1 -2 -2 -2 -2  0 *  2  2  2  2  0 -1 -3 -3 -3 -2 -1  0  1	
 4530.391 -133.185
  1  3  5  5  5  3  1 -2 -5 -5 -4 -2  0 *  3  5  4  3  0 -2 -5 -6 -6 -4 -2  1  3	
  0  2  3  3  3  2  0 -1 -2 -2 -2 -2  0 *  2  2  2  2  0 -1 -3 -3 -3 -2 -1  0  1	
 4530.391 -131.584
  1  3  5  5  5  3  1 -2 -4 -5 -4 -2  0 *  3  4  4  3  0 -2 -5 -6 -6 -4 -2  1  3	
  1  2  3  3  3  2  0 -1 -2 -2 -2 -1  0 *  1  2  2  2  0 -1 -3 -3 -3 -2 -1  0  1	
 4530.391 -129.984
  1  3  5  5  5  3  1 -2 -4 -5 -4 -2  0 *  3  4  4  3  0 -2 -5 -6 -6 -4 -2  1  3	
  1  2  3  3  3  2  1 -1 -2 -2 -2 -1  0 *  1  2  2  2  0 -1 -2 -3 -3 -2 -1  0  1	
 4530.391 -128.384
  1  3  5  5  5  3  1 -2 -4 -5 -4 -2  0 *  3  4  4  3  0 -2 -4 -6 -6 -4 -2  1  2	
  1  2  3  3  3  2  1 -1 -2 -2 -2 -1  0 *  1  2  2  2  0 -1 -2 -3 -3 -2 -1  0  1	
 4530.391 -126.784
  1  3  5  5  5  3  1 -2 -4 -5 -3 -2  0 *  3  4  5  3  1 -2 -4 -6 -6 -4 -2  1  2	
  1  2  3  3  3  2  1 -1 -2 -2 -2 -1  0 *  1  2  3  2  1 -1 -2 -3 -3 -2 -1  0  1	
 4530.391 -125.184
  1  3  5  5  5  3  1 -2 -4 -4 -3 -2 -1 *  3  5  5  3  1 -1 -4 -5 -5 -4 -2  1  2	
  1  2  3  3  3  2  1 -1 -2 -2 -2 -1  0 *  1  2  3  2  1 -1 -2 -3 -2 -2 -1  0  1	
 4530.391 -123.584
  0  3  5  5  5  3  1 -2 -4 -5 -4 -2 -1 *  3  5  5  4  1 -1 -3 -5 -5 -4 -2  1  2	
  1  2  3  3  3  2  1 -1 -2 -2 -2 -1  0 *  1  2  3  2  1 -1 -2 -2 -3 -2 -1  0  1	
 4530.391 -121.984
  0  3  5  5  5  4  1 -2 -4 -5 -4 -2 -1 *  3  5  5  4  2  0 -3 -5 -5 -5 -2  1  2	
  1  2  3  3  3  2  1 -1 -2 -2 -2 -1  0 *  1  2  3  3  1  0 -2 -2 -3 -2 -1 -1  1	
 4530.391 -120.384
 -1  2  4  5  5  3  1 -2 -5 -5 -4 -3 -2 *  3  5  6  5  3  1 -2 -5 -6 -5 -2  1  3	
  0  2  3  3  3  2  0 -1 -2 -2 -2 -2  0 *  2  3  3  3  2  0 -1 -2 -3 -2 -1  0  1	
 4530.391 -118.784
 -1  2  4  5  5  3  1 -3 -7 -7 -7 -4 -3 *  4  6  7  6  4  2 -1 -5 -6 -5 -2  1  3	
  0  2  3  3  3  2  0 -2 -3 -3 -3 -2  0 *  2  3  4  4  3  1 -1 -2 -3 -2 -1  0  2	
 4530.391 -117.184
 -2  2  4  5  5  4  1 -4 -7 -8 -7 -5 -4 *  4  7  7  6  4  2 -2 -6 -8 -7 -4  1  3	
  0  1  3  3  3  2  0 -2 -4 -4 -4 -3 -1 *  2  3  4  4  2  1 -1 -3 -4 -4 -2 -1  2	
 4530.391 -115.584
 -1  3  6  6  6  5  1 -4 -7 -8 -6 -3 -2 *  7  9 11 10  7  4 -1 -7 -9 -6 -1  4  6	
  0  2  4  4  4  2  0 -2 -4 -3 -3 -2  0 *  3  5  6  6  4  2 -1 -4 -5 -3 -1  0  3	
 4530.391 -113.984
 -3  3  6  7  6  4  1 -6-13-16-14 -9 -5 *  6 10 12 10  7  4 -1 -9-12-10 -5  1  4	
  0  2  4  4  4  2  0 -4 -7 -7 -6 -5 -2 *  4  6  7  7  4  2 -2 -5 -7 -5 -2 -1  3	
 4530.391 -112.384
 -3  6 10 10  9  7  2-10-20-23-20-13 -7 *  5 12 14 12  9  5 -2-11-17-15-11 -4  1	
  0  4  6  7  6  4 -1 -7-11-11 -9 -8 -2 *  5  8  9  8  5  2 -3 -7 -9 -8 -5 -3  3	
 4530.391 -110.784
  1 10 13 13 11  8  2 -9-17-19-16 -9 -4 *  4 13 16 15 11  7 -1-13-19-17-13 -6  0	
  2  6  8  9  7  4 -1 -7-10 -9 -7 -6  0 *  6  9 11 10  7  2 -3 -9-11 -9 -6 -4  3	
 4530.391 -109.184
  2  8 10 11  9  6  0 -9-13-12 -9 -5 -1 *  4 11 15 15 12  8 -1-13-17-14 -9 -3  0	
  3  5  7  7  6  3 -2 -6 -8 -6 -4 -3  2 *  5  8 10 10  7  3 -4 -9-10 -7 -4 -3  4	
 4530.391 -102.784
  0  3  6  7  6  5  2 -5-10 -9 -6 -4 -2 *  2 -4 -8-10 -9 -7 -2  7 14 13 11  7  4	
  2  3  4  5  4  3  0 -4 -6 -5 -3 -2  1 * -2 -4 -6 -7 -6 -4  1  6  8  8  5  4  0	
 4530.391 -101.184
 -3  3 10 12 12  9  3 -7-13-12 -9 -6 -4 *  4 -5-12-15-14-12 -5  8 15 14 11  8  6	
  2  5  7  8  7  5 -1 -6 -8 -7 -5 -4  0 * -1 -5 -9-10 -9 -6  0  7 10  9  6  4  1	
 4531.511 -137.185
  1  3  5  5  5  3  0 -2 -5 -5 -4 -2 -1 *  4  5  4  3  0 -3 -5 -6 -5 -4 -1  2  3	
  0  2  3  3  3  2  0 -1 -2 -2 -2 -2  0 *  2  2  3  2  0 -1 -3 -3 -2 -2 -1  0  1	
 4531.511 -135.585
  1  3  5  5  5  3  0 -2 -5 -5 -4 -2 -1 *  4  5  4  3  0 -3 -5 -6 -6 -4 -1  2  3	
  0  2  3  3  3  2  0 -1 -2 -2 -2 -2  0 *  2  2  2  2  0 -2 -3 -3 -3 -2 -1  0  1	
 4531.511 -133.985
  1  3  5  5  5  3  1 -2 -5 -5 -4 -2 -1 *  3  5  4  3  0 -3 -5 -6 -6 -4 -2  2  3	
  0  2  3  3  3  2  0 -1 -2 -2 -2 -2  0 *  1  2  2  2  0 -2 -3 -3 -3 -2 -1  0  1	
 4531.511 -132.384
  0  3  5  5  5  3  1 -2 -4 -5 -4 -2 -1 *  3  4  4  3  0 -3 -5 -6 -6 -4 -2  1  3	
  0  2  3  3  3  2  1 -1 -2 -2 -2 -1  0 *  1  2  2  2  0 -1 -3 -3 -3 -2 -1  0  1	
 4531.511 -130.784
  0  3  5  5  5  3  1 -2 -4 -5 -4 -2 -1 *  3  4  4  3  0 -2 -5 -6 -6 -4 -2  1  3	
  0  2  3  3  3  2  1 -1 -2 -2 -2 -1  0 *  1  2  2  2  0 -1 -3 -3 -3 -2 -1  0  1	
 4531.511 -129.184
  0  3  5  5  5  3  1 -2 -4 -5 -4 -2 -1 *  3  4  4  3  0 -2 -5 -6 -6 -4 -2  1  2	
  1  2  3  3  3  2  1 -1 -2 -2 -2 -1  0 *  1  2  2  2  0 -1 -2 -3 -3 -2 -1  0  1	
 4531.511 -127.584
  0  3  5  5  5  3  1 -2 -4 -5 -4 -2 -1 *  3  4  4  3  0 -2 -4 -6 -6 -4 -2  1  2	
  1  2  3  3  3  2  1 -1 -2 -2 -2 -1  0 *  1  2  2  2  0 -1 -2 -3 -3 -2 -1  0  1	
 4531.511 -125.984
  0  3  5  5  5  4  1 -2 -4 -5 -4 -2 -1 *  3  5  5  3  1 -1 -4 -5 -5 -4 -2  1  3	
  1  2  3  3  3  2  1 -1 -2 -2 -2 -1  0 *  1  2  3  2  1 -1 -2 -3 -2 -2 -1  0  1	
 4531.511 -124.384
  0  3  5  5  5  3  1 -2 -4 -5 -4 -2 -1 *  3  5  5  4  1 -1 -3 -5 -5 -4 -2  1  2	
  1  2  3  3  3  2  1 -1 -2 -2 -2 -1  0 *  1  2  3  2  1 -1 -2 -2 -2 -2 -1  0  1	
 4531.511 -122.784
 -1  2  4  5  4  3  1 -2 -5 -6 -5 -3 -2 *  3  5  5  4  2  0 -3 -4 -5 -4 -2  1  3	
  0  1  3  3  3  2  1 -1 -2 -3 -2 -2  0 *  1  2  3  3  1  0 -1 -2 -2 -2 -1  0  1	
 4531.511 -121.184
 -2  2  4  4  4  3  1 -3 -6 -7 -6 -4 -3 *  4  5  6  5  2  0 -2 -5 -6 -5 -2  2  3	
  0  1  2  3  3  2  0 -2 -3 -3 -3 -2 -1 *  2  3  3  3  2  0 -1 -2 -3 -2 -1  0  1	
 4531.511 -119.584
 -2  2  4  5  5  4  1 -4 -8 -9 -8 -6 -4 *  5  6  7  6  3  1 -2 -5 -6 -5 -2  2  4	
  0  1  3  3  3  2  0 -2 -4 -4 -4 -3 -1 *  2  3  4  4  2  1 -1 -2 -3 -2 -1  0  2	
 4531.511 -117.984
 -3  2  5  6  6  4  2 -4 -9-10-10 -7 -5 *  5  7  8  7  4  2 -2 -5 -7 -6 -2  2  4	
 -1  1  3  4  3  2  1 -2 -5 -5 -5 -4 -2 *  3  4  5  4  3  1 -1 -3 -4 -3 -2  0  2	
 4531.511 -116.384
 -3  2  6  7  7  5  2 -4-10-12-11 -8 -5 *  6  9 10  9  6  3 -1 -6 -9 -7 -3  2  5	
 -1  2  4  4  4  3  0 -3 -5 -5 -5 -4 -2 *  3  5  6  5  4  1 -1 -4 -5 -4 -2  0  3	
 4531.511 -114.784
 -4  3  6  8  7  5  2 -6-13-16-15-10 -6 *  6 10 11 10  7  4 -1 -8-11 -9 -4  1  4	
 -1  2  4  5  4  3  0 -4 -7 -7 -7 -6 -2 *  4  6  7  6  4  2 -1 -4 -6 -5 -2 -1  3	
 4531.511 -113.184
 -4  5 10 11 10  8  3 -8-19-23-21-14 -8 *  5  9 11 10  7  4 -2 -9-12-10 -6 -1  2	
 -1  3  6  7  6  4  0 -6-10-11-10 -8 -3 *  4  6  7  6  4  1 -2 -5 -7 -5 -3 -1  3	
 4531.511 -111.584
 -2 11 18 19 16 13  5 -9-21-24-21-14 -7 *  1  9 13 12  9  6 -1-11-17-16-13 -7 -2	
  1  7 11 12 11  7  1 -7-12-12-10 -8 -2 *  3  6  8  8  5  2 -3 -7-10 -9 -6 -4  1	
 4531.511 -109.984
  0 11 18 18 16 12  4 -8-16-18-15-10 -5 * -1  8 13 14 11  8  1-10-18-18-14 -9 -4	
  2  7 11 12 10  6  1 -6 -9 -9 -7 -6  0 *  2  6  9  9  7  3 -2 -7-10 -9 -7 -5  0	
 4531.511 -108.384
  1  8 13 14 12 10  3 -7-14-13-11 -6 -2 *  0  8 13 14 12  9  2-11-18-17-14 -8 -3	
  2  5  8  9  8  5  0 -5 -8 -7 -5 -4  1 *  3  6  9  9  8  4 -1 -8-10 -9 -6 -4  1	
 4531.511 -103.584
  1 -1 -3 -4 -3 -3 -1  3  6  7  5  4  2 * -2 -3 -2 -1  0  1  1  4  4  3  2  0 -1	
  0 -1 -2 -3 -2 -1  0  2  4  4  3  2  1 * -1 -2 -1 -1  0  0  1  2  2  1  0  0 -1	
 4531.511 -101.984
 -4  1  5  6  6  5  2 -3 -8-10-10 -8 -6 *  6 -4-11-15-15-12 -5 11 23 24 20 15  9	
  0  2  4  4  4  3  0 -3 -5 -5 -5 -4 -1 *  0 -4 -8-10 -9 -6  0  9 14 14 10  8  2	
 4532.631 -137.985
  1  3  5  5  4  3  0 -2 -5 -5 -4 -2 -1 *  4  5  5  3  0 -3 -5 -6 -5 -4 -1  2  4	
  0  2  3  3  3  2  0 -1 -2 -2 -2 -2  0 *  2  2  3  2  0 -1 -3 -3 -2 -2 -1  0  1	
 4532.631 -136.385
  0  3  5  5  5  3  0 -2 -5 -5 -4 -2 -1 *  4  5  4  3  0 -3 -5 -6 -5 -4 -1  2  3	
  0  2  3  3  3  2  0 -1 -2 -2 -2 -2  0 *  2  2  2  2  0 -2 -3 -3 -2 -2 -1  0  1	
 4532.631 -134.785
  0  3  5  5  5  3  1 -2 -5 -5 -4 -2 -1 *  4  5  4  3  0 -3 -5 -6 -6 -4 -1  2  3	
  0  2  3  3  3  2  0 -1 -2 -2 -2 -2  0 *  2  2  2  2  0 -2 -3 -3 -3 -2 -1  0  1	
 4532.631 -133.185
  0  3  5  5  5  3  1 -2 -5 -5 -4 -2 -1 *  3  4  4  3  0 -3 -5 -6 -6 -4 -2  2  3	
  0  2  3  3  3  2  0 -1 -2 -2 -2 -2  0 *  1  2  2  2  0 -2 -3 -3 -3 -2 -1  0  1	
 4532.631 -131.585
  0  3  5  5  5  3  1 -2 -5 -5 -4 -2 -1 *  3  4  4  3  0 -3 -5 -6 -6 -4 -2  1  3	
  0  2  3  3  3  2  1 -1 -2 -2 -2 -2  0 *  1  2  2  2  0 -2 -3 -3 -3 -2 -1  0  1	
 4532.631 -129.984
  0  3  5  5  5  3  1 -2 -5 -5 -4 -3 -1 *  3  4  4  3  0 -2 -5 -6 -6 -4 -2  1  3	
  0  2  3  3  3  2  1 -1 -2 -2 -2 -2  0 *  1  2  2  2  0 -1 -3 -3 -3 -2 -1  0  1	
 4532.631 -128.384
  0  3  5  5  5  3  1 -2 -4 -5 -4 -3 -1 *  3  4  4  3  0 -2 -5 -6 -6 -4 -2  1  2	
  0  2  3  3  3  2  1 -1 -2 -2 -2 -2  0 *  1  2  2  2  0 -1 -3 -3 -3 -2 -1 -1  1	
 4532.631 -126.784
 -1  3  5  5  5  3  1 -2 -4 -5 -4 -3 -2 *  3  4  4  3  1 -2 -4 -5 -5 -4 -2  1  2	
  0  2  3  3  3  2  1 -1 -2 -2 -2 -2  0 *  1  2  2  2  1 -1 -2 -3 -2 -2 -1  0  1	
 4532.631 -125.184
 -1  2  4  5  4  3  1 -2 -4 -5 -4 -3 -2 *  3  5  5  4  1 -1 -4 -5 -5 -4 -1  2  3	
  0  2  3  3  3  2  1 -1 -2 -2 -2 -1  0 *  1  2  3  2  1 -1 -2 -2 -2 -2 -1  0  1	
 4532.631 -123.584
 -1  2  4  4  4  3  1 -2 -5 -6 -5 -4 -2 *  4  5  5  4  2 -1 -3 -4 -5 -4 -1  2  3	
  0  1  2  3  3  2  1 -1 -3 -3 -3 -2 -1 *  2  2  3  3  1  0 -1 -2 -2 -1 -1  0  1	
 4532.631 -121.984
 -2  1  3  4  4  3  1 -3 -6 -7 -6 -4 -3 *  4  5  6  4  2  0 -3 -5 -5 -4 -2  2  4	
 -1  1  2  3  2  2  0 -2 -3 -3 -3 -3 -1 *  2  3  3  3  1  0 -1 -2 -2 -2 -1  0  2	
 4532.631 -120.384
 -3  1  4  5  5  4  1 -4 -8 -9 -8 -6 -4 *  5  7  7  5  3  0 -3 -5 -6 -5 -2  2  4	
 -1  1  2  3  3  2  0 -2 -4 -4 -4 -3 -2 *  2  3  4  3  2  0 -1 -3 -3 -2 -1  0  2	
 4532.631 -118.784
 -4  2  5  6  6  5  2 -4-10-11-10 -7 -6 *  6  8  9  7  4  2 -2 -5 -7 -6 -2  2  5	
 -1  1  3  4  4  3  1 -3 -5 -6 -5 -4 -2 *  3  4  5  5  3  1 -1 -3 -3 -3 -1  0  3	
 4532.631 -117.184
 -3  3  7  9  9  7  3 -4 -9-10 -8 -5 -4 *  5  8  9  7  5  2 -2 -6 -9 -8 -4  1  4	
 -1  2  5  6  5  4  1 -2 -4 -4 -3 -3 -2 *  2  4  5  5  3  1 -1 -3 -4 -4 -2 -1  2	
 4532.631 -115.584
 -4  3  7  9  9  7  3 -5-11-13-12 -9 -6 *  6  9  9  8  5  2 -2 -7-10 -8 -4  2  4	
 -1  2  4  6  5  4  1 -3 -6 -7 -6 -5 -3 *  4  5  6  5  3  1 -1 -4 -5 -4 -2  0  3	
 4532.631 -113.984
 -4  4  9 11 11  9  4 -6-17-20-18-13 -8 *  4  9 11 11  8  5  0 -6 -8 -6 -3  0  2	
 -1  3  6  7  7  5  1 -4 -9-10 -9 -7 -3 *  3  6  7  7  5  2 -1 -3 -4 -3 -1  0  2	
 4532.631 -112.384
 -4  9 17 19 17 14  7 -9-24-29-25-17 -9 *  1  7  9  9  7  4 -1 -8-13-12 -9 -5 -1	
  0  6 11 12 11  8  2 -7-14-14-12-10 -3 *  3  5  6  5  4  1 -2 -6 -7 -6 -4 -3  1	
 4532.631 -110.784
 -3 13 22 23 21 17  8 -9-22-26-23-15 -8 * -1  7 10 10  8  5 -1-10-17-19-16-10 -5	
  1  8 14 16 14 10  2 -7-12-13-10 -9 -2 *  1  5  7  7  5  2 -3 -7-10-10 -8 -6 -1	
 4532.631 -109.184
 -2  9 17 18 16 13  6 -9-20-21-18-12 -6 * -2  9 15 16 14 11  3-11-21-22-19-13 -7	
  1  6 10 12 10  7  1 -7-12-11 -8 -7 -1 *  2  7 10 11  9  6 -1 -8-12-11 -8 -7  0	
 4532.631 -107.584
  0  8 13 15 14 11  5 -8-14-13-11 -7 -3 * -1 11 19 21 19 16  6-11-21-20-16-10 -5	
  2  6  9 10  9  6  1 -6 -9 -7 -5 -4  1 *  4  8 13 14 13  8  1 -9-13-11 -8 -6  1	
 4532.631 -101.184
-10  0  9 13 14 13  7 -6-19-23-22-18-13 * 10 -3-18-26-26-23-12  9 27 31 27 21 14	
 -3  2  6  9  9  7  2 -6-12-13-12-10 -5 *  2 -5-13-17-16-12 -4  8 16 18 14 12  5	
 4533.751 -137.185
  0  3  5  5  4  3  0 -2 -4 -5 -4 -2 -1 *  4  5  4  3  0 -3 -5 -6 -5 -4 -1  2  3	
  0  2  3  3  3  2  0 -1 -2 -2 -2 -2  0 *  2  2  2  2  0 -1 -3 -3 -2 -2 -1  0  1	
 4533.751 -135.585
  0  3  5  5  5  3  0 -2 -5 -5 -4 -2 -1 *  4  5  4  2  0 -3 -5 -6 -5 -4 -1  2  3	
  0  2  3  3  3  2  0 -1 -2 -2 -2 -2  0 *  2  2  2  2  0 -2 -3 -3 -2 -2 -1  0  1	
 4533.751 -133.985
  0  3  5  5  4  3  0 -2 -5 -5 -4 -3 -1 *  4  5  4  2  0 -3 -5 -6 -6 -4 -2  2  3	
  0  2  3  3  3  2  0 -1 -2 -2 -2 -2  0 *  2  2  2  2  0 -2 -3 -3 -3 -2 -1  0  1	
 4533.751 -132.385
  0  3  5  5  5  3  1 -2 -5 -5 -4 -2 -1 *  3  4  4  3  0 -3 -5 -6 -6 -4 -2  2  3	
  0  2  3  3  3  2  1 -1 -2 -2 -2 -2  0 *  1  2  2  2  0 -2 -3 -3 -3 -2 -1  0  1	
 4533.751 -130.785
  0  3  5  5  5  3  1 -2 -5 -5 -4 -3 -1 *  3  4  4  3  0 -3 -5 -6 -6 -4 -2  2  3	
  0  2  3  3  3  2  1 -1 -2 -2 -2 -2  0 *  1  2  2  2  0 -2 -3 -3 -3 -2 -1  0  1	
 4533.751 -129.184
  0  3  5  5  5  3  1 -2 -5 -5 -5 -3 -2 *  3  4  4  3  0 -2 -5 -6 -5 -4 -2  1  3	
  0  2  3  3  3  2  1 -1 -2 -2 -2 -2  0 *  1  2  2  2  0 -1 -3 -3 -3 -2 -1  0  1	
 4533.751 -127.584
 -1  2  4  5  5  3  1 -2 -4 -5 -5 -3 -2 *  3  4  4  3  0 -2 -4 -6 -5 -4 -2  2  3	
  0  2  3  3  3  2  1 -1 -2 -2 -2 -2  0 *  1  2  2  2  0 -1 -2 -3 -2 -2 -1  0  1	
 4533.751 -125.984
 -2  1  4  4  4  3  1 -2 -5 -6 -5 -4 -3 *  4  5  5  3  1 -2 -4 -5 -5 -4 -1  2  3	
  0  1  2  3  3  2  1 -1 -2 -2 -2 -2 -1 *  2  2  3  2  1 -1 -2 -2 -2 -1 -1  0  1	
 4533.751 -124.384
 -2  1  3  4  4  3  1 -3 -6 -7 -6 -5 -3 *  4  5  5  4  2 -1 -3 -5 -5 -4 -1  2  4	
  0  1  2  3  3  2  1 -1 -3 -3 -3 -2 -1 *  2  3  3  3  1  0 -2 -2 -2 -1  0  0  2	
 4533.751 -122.784
 -3  1  4  4  5  4  1 -3 -7 -9 -8 -6 -4 *  5  6  6  5  2  0 -3 -5 -5 -4 -1  2  4	
 -1  1  2  3  3  2  1 -2 -4 -4 -4 -3 -1 *  2  3  3  3  2  0 -1 -2 -2 -1 -1  0  2	
 4533.751 -121.184
 -3  1  4  5  5  4  2 -3 -8-10 -9 -6 -4 *  5  6  7  5  2  0 -3 -5 -6 -5 -2  2  4	
 -1  1  3  4  3  3  1 -2 -4 -4 -4 -3 -1 *  2  3  4  3  2  0 -1 -2 -2 -2 -1  0  2	
 4533.751 -119.584
 -3  2  5  7  7  5  2 -4 -9-11-10 -7 -5 *  5  7  8  6  4  1 -2 -5 -6 -5 -2  2  4	
 -1  2  4  4  4  3  1 -2 -5 -5 -5 -4 -2 *  3  4  5  4  2  0 -1 -2 -3 -2 -1  0  2	
 4533.751 -117.984
 -2  3  7  8  8  6  3 -4-10-12-10 -6 -4 *  6  8  9  7  4  1 -2 -5 -7 -5 -2  3  5	
 -1  2  4  5  5  3  1 -2 -5 -5 -5 -4 -2 *  3  4  5  5  3  1 -1 -3 -3 -3 -1  0  3	
 4533.751 -116.384
 -3  3  8 10 10  8  4 -4-12-14-11 -8 -5 *  6  8  9  7  4  1 -2 -6 -8 -6 -2  2  4	
 -1  2  5  6  6  5  2 -3 -7 -7 -6 -5 -2 *  4  5  5  5  3  1 -1 -3 -4 -3 -1  0  3	
 4533.751 -114.784
  0  5 10 12 12 10  5 -5-13-14 -9 -4 -1 *  3  7  9  8  5  2 -1 -6 -8 -6 -3  0  2	
  0  3  6  7  7  6  2 -3 -6 -6 -5 -3 -1 *  2  4  6  5  3  1 -1 -3 -4 -3 -1  0  2	
 4533.751 -113.184
 -3  7 13 16 15 12  6 -8-23-27-22-14 -7 *  1  5  8  8  6  4 -1 -6-10 -9 -7 -3 -1	
  0  4  8 10  9  7  2 -6-13-13-10 -9 -2 *  2  4  5  5  4  1 -1 -4 -5 -4 -2 -2  1	
 4533.751 -111.584
 -4 12 21 23 21 17  9-10-28-32-28-19-10 * -1  5  8  9  7  5  0 -8-15-17-15 -9 -5	
  1  7 13 15 14 10  3 -8-16-17-13-11 -3 *  1  4  5  5  4  2 -2 -6 -8 -8 -6 -5  0	
 4533.751 -109.984
 -3 14 26 28 25 21 10-10-25-27-23-15 -8 * -5  6 11 11 10  7  1-10-21-25-22-16 -9	
  1  9 17 19 17 12  3 -8-14-14-11 -9 -2 *  0  4  7  7  6  3 -2 -8-12-13-11 -9 -2	
 4533.751 -108.384
 -2 12 22 24 22 17  8-10-21-21-17-11 -6 * -5  9 18 20 18 14  6-10-23-26-23-16-10	
  3  9 14 16 14 10  2 -7-13-11 -8 -7  0 *  1  7 12 13 12  8  1 -8-14-14-11 -9 -2	
 4533.751 -106.784
  3 14 23 25 24 20  9-10-19-16-11 -6 -1 * -1 11 21 24 23 19  9 -9-17-15-12 -7 -4	
  5 11 15 17 16 11  2 -7-10 -8 -4 -3  3 *  3  9 15 17 15 11  2 -7-10 -8 -5 -4  1	
 4533.751 -105.184
  2 15 27 32 31 26 12-13-22-18-12 -6 -2 *  3  7 13 16 15 13  5 -5 -7 -3  0  3  3	
  5 12 19 22 20 15  2-10-12 -8 -4 -4  3 *  4  6  9 10 10  7  0 -4 -4 -1  2  2  3	
 4533.751 -103.584
 -7  8 20 25 25 22  9-12-25-25-21-15-10 * 10 -3-13-16-16-14 -6 12 26 28 24 18 13	
  0  8 14 16 16 11  1-10-15-15-12-10 -3 *  2 -4 -9-11-10 -7  0 10 15 16 13 11  5	
 4533.751 -101.984
 -8  2 12 19 21 18 10 -8-22-25-22-16-11 * 12 -2-17-25-25-22-11 11 30 34 30 23 16	
 -1  4  9 12 12 10  3 -6-13-14-11 -9 -3 *  3 -5-12-16-16-11 -3  9 18 19 16 13  6	
 4534.871 -137.985
  0  3  5  5  4  3  0 -2 -5 -5 -4 -2 -1 *  4  5  4  3  0 -2 -5 -6 -5 -3 -1  2  4	
  0  2  3  3  3  2  0 -1 -2 -2 -2 -2  0 *  2  2  2  2  0 -1 -2 -3 -2 -2 -1  0  1	
 4534.871 -136.385
  0  3  5  5  4  3  0 -2 -5 -5 -4 -2 -1 *  4  5  4  3  0 -3 -5 -6 -5 -4 -1  2  3	
  0  2  3  3  3  2  0 -1 -2 -2 -2 -2  0 *  2  2  2  2  0 -1 -3 -3 -2 -2 -1  0  1	
 4534.871 -134.785
  0  3  5  5  4  3  0 -2 -5 -5 -4 -2 -1 *  4  5  4  3  0 -3 -5 -6 -5 -4 -1  2  3	
  0  2  3  3  3  2  0 -1 -2 -2 -2 -2  0 *  2  2  2  2  0 -2 -3 -3 -2 -2 -1  0  1	
 4534.871 -133.185
  0  3  5  5  4  3  0 -2 -5 -5 -4 -2 -1 *  4  4  4  3  0 -3 -5 -6 -5 -4 -1  2  3	
  0  2  3  3  3  2  0 -1 -2 -2 -2 -2  0 *  1  2  2  2  0 -2 -3 -3 -3 -2 -1  0  1	
 4534.871 -131.585
  0  2  4  5  4  3  1 -2 -5 -5 -5 -3 -1 *  4  4  4  3  0 -3 -5 -6 -5 -4 -2  2  3	
  0  1  3  3  3  2  1 -1 -2 -2 -2 -2  0 *  1  2  2  2  0 -2 -3 -3 -3 -2 -1  0  1	
 4534.871 -129.985
 -1  2  4  5  4  3  1 -2 -5 -6 -5 -3 -2 *  4  5  4  3  0 -2 -5 -6 -5 -4 -1  2  3	
  0  1  3  3  3  2  1 -1 -2 -2 -2 -2 -1 *  1  2  2  2  0 -1 -3 -3 -2 -2 -1  0  1	
 4534.871 -128.385
 -1  2  4  5  4  3  1 -2 -5 -6 -5 -3 -2 *  4  5  4  3  0 -2 -5 -6 -5 -4 -1  2  3	
  0  1  3  3  3  2  1 -1 -2 -2 -2 -2 -1 *  1  2  2  2  0 -1 -3 -3 -2 -2 -1  0  1	
 4534.871 -126.784
 -2  1  3  4  4  3  1 -2 -5 -6 -6 -4 -3 *  4  5  5  3  1 -2 -4 -5 -5 -4 -1  2  4	
 -1  1  2  3  3  2  1 -1 -2 -3 -3 -2 -1 *  2  2  2  2  1 -1 -2 -2 -2 -1 -1  0  1	
 4534.871 -125.184
 -3  0  3  4  4  3  1 -3 -6 -7 -7 -5 -4 *  4  5  5  4  1 -1 -4 -5 -5 -3 -1  2  4	
 -1  1  2  3  2  2  0 -1 -3 -3 -3 -3 -2 *  2  3  3  2  1 -1 -2 -2 -2 -1  0  0  2	
 4534.871 -123.584
 -4  0  3  4  4  3  1 -3 -7 -9 -8 -6 -5 *  5  6  6  5  2 -1 -3 -5 -5 -3 -1  3  4	
 -1  1  2  3  3  2  1 -2 -3 -4 -4 -3 -2 *  2  3  3  3  1  0 -2 -2 -2 -1  0  1  2	
 4534.871 -121.984
 -4  0  4  5  5  4  2 -3 -8-11-10 -8 -6 *  5  6  7  5  2  0 -3 -5 -5 -4 -1  2  4	
 -1  1  2  3  3  3  1 -2 -4 -5 -5 -4 -2 *  3  3  4  3  2  0 -2 -2 -2 -1 -1  0  2	
 4534.871 -120.384
 -5  1  5  7  7  5  2 -3-10-13-12-10 -7 *  5  6  7  5  2 -1 -4 -5 -6 -5 -2  1  4	
 -2  1  3  4  4  3  1 -2 -5 -6 -6 -5 -3 *  3  3  4  3  2  0 -2 -2 -2 -2 -1  0  2	
 4534.871 -118.784
 -4  2  7  8  9  7  3 -4-11-14-13-10 -7 *  4  7  7  6  2  0 -4 -6 -7 -6 -4  1  3	
 -2  1  4  5  5  4  2 -2 -6 -7 -7 -6 -3 *  3  4  5  4  2  0 -2 -3 -3 -3 -2  0  2	
 4534.871 -117.184
 -2  4  8 10 10  9  5 -4-12-15-13 -8 -4 *  5  7  8  6  4  1 -2 -5 -7 -6 -3  2  4	
  0  2  5  6  6  5  2 -2 -6 -7 -6 -5 -2 *  3  4  5  4  3  1 -1 -3 -3 -3 -1  0  2	
 4534.871 -115.584
  1  6 10 12 12 10  6 -5-15-17-12 -6 -2 *  4  7  8  7  4  2 -1 -5 -8 -7 -2  2  3	
  1  3  6  7  7  6  3 -3 -8 -8 -7 -5  0 *  3  4  5  5  3  1 -1 -3 -4 -3 -1  1  2	
 4534.871 -113.984
  1  8 12 15 14 12  7 -7-19-21-15 -7 -1 *  3  6  8  8  5  3 -1 -6-11-11 -7 -1  1	
  2  5  8  9  9  7  3 -5-10-10 -8 -6  0 *  3  4  5  5  3  1 -1 -4 -5 -4 -2 -1  2	
 4534.871 -112.384
 -3 11 18 21 20 16  8-11-29-34-29-19-10 *  1  6  9 10  8  5  0 -7-13-15-12 -7 -2	
  1  7 12 14 13  9  3 -8-17-17-14-12 -2 *  3  4  6  6  5  2 -1 -5 -7 -6 -5 -3  1	
 4534.871 -110.784
 -2 14 24 27 25 21 10-11-27-30-25-16 -8 * -1  6  9 10  9  6  1 -7-14-16-13 -9 -4	
  2 10 16 18 17 12  3 -8-16-16-13-11 -2 *  1  4  6  6  5  3 -1 -5 -8 -8 -6 -5 -1	
 4534.871 -109.184
 -4 13 26 28 26 22 10-10-24-25-21-14 -8 * -6  5 11 12 10  8  2 -7-16-20-18-13 -9	
  1  9 17 19 17 12  3 -8-14-14-11 -9 -2 * -1  4  7  7  6  3 -1 -5 -9-11 -9 -8 -3	
 4534.871 -107.584
 -4 11 23 27 25 21 10 -9-23-24-20-13 -8 * -5  6 14 16 14 11  5 -6-16-18-16-12 -8	
  1  8 15 18 17 12  3 -7-13-13-10 -8 -2 *  0  5  9 10  9  6  1 -5-10-10 -8 -7 -2	
 4534.871 -105.984
 -7 12 26 32 31 26 13-14-35-36-31-22-13 *  0  5  8 10  9  7  4 -6-11 -9 -8 -5 -2	
  1  9 18 21 20 15  4-11-21-20-16-13 -2 *  2  3  5  6  6  4  1 -5 -8 -6 -4 -3  1	
 4534.871 -104.384
 -9 10 28 37 37 32 17-13-34-36-31-22-14 *  5  1 -2 -4 -4 -4 -3  2  9 12 10  8  6	
  0 10 19 24 24 18  5-11-20-20-16-13 -4 *  2  1 -2 -3 -3 -3 -1  2  4  6  6  5  3	
 4534.871 -102.784
-10  5 22 32 33 29 16 -8-28-32-28-21-14 * 14 -1-16-23-24-20-12  9 28 33 30 24 17	
 -2  6 15 21 21 16  6 -7-16-17-14-12 -5 *  4 -3-11-15-15-11 -4  8 17 19 16 14  7	
 4534.871 -101.184
 -7  4 16 24 26 23 13 -5-22-25-22-16-10 *  7 -5-21-32-34-30-17  6 22 25 21 15 10	
 -1  5 11 16 16 13  5 -5-12-14-11 -9 -3 *  0 -6-15-20-20-16 -5  6 13 14 11  9  3	
 4535.991 -137.185
  0  3  5  5  4  3  0 -2 -4 -5 -4 -2 -1 *  4  5  4  3  0 -2 -5 -6 -5 -3 -1  2  3	
  0  1  3  3  3  2  0 -1 -2 -2 -2 -2  0 *  2  2  2  2  0 -1 -2 -3 -2 -2 -1  0  1	
 4535.991 -135.585
  0  3  5  5  4  3  0 -2 -5 -5 -4 -2 -1 *  4  5  4  3  0 -3 -5 -6 -5 -4 -1  2  3	
  0  2  3  3  3  2  0 -1 -2 -2 -2 -2  0 *  2  2  2  2  0 -2 -3 -3 -2 -2 -1  0  1	
 4535.991 -133.985
  0  3  4  5  4  3  0 -2 -5 -5 -4 -3 -1 *  4  5  4  3  0 -3 -5 -6 -5 -4 -1  2  3	
  0  1  3  3  3  2  0 -1 -2 -2 -2 -2  0 *  1  2  2  2  0 -2 -3 -3 -2 -2 -1  0  1	
 4535.991 -132.385
  0  2  4  5  4  3  0 -2 -5 -6 -5 -3 -2 *  4  4  4  3  0 -3 -5 -6 -5 -4 -1  2  3	
  0  1  2  3  3  2  0 -1 -2 -2 -2 -2 -1 *  1  2  2  2  0 -2 -3 -3 -2 -2 -1  0  1	
 4535.991 -130.785
 -1  2  4  4  4  3  0 -2 -5 -6 -5 -3 -2 *  4  5  4  3  0 -3 -5 -6 -5 -4 -1  2  3	
  0  1  2  3  3  2  0 -1 -2 -2 -2 -2 -1 *  1  2  2  2  0 -2 -3 -3 -2 -2 -1  0  1	
 4535.991 -129.185
 -1  2  4  4  4  3  0 -2 -5 -6 -5 -4 -2 *  4  5  4  3  0 -2 -5 -6 -5 -4 -1  2  4	
  0  1  2  3  3  2  0 -1 -2 -2 -2 -2 -1 *  1  2  2  2  0 -2 -3 -3 -2 -2 -1  0  1	
 4535.991 -127.584
 -2  1  3  4  4  3  0 -3 -5 -6 -6 -4 -3 *  4  5  5  3  0 -2 -5 -5 -5 -3 -1  3  4	
 -1  1  2  2  2  2  0 -1 -2 -3 -3 -2 -1 *  2  2  2  2  0 -1 -2 -3 -2 -1 -1  0  1	
 4535.991 -125.984
 -3  0  2  3  3  3  0 -3 -6 -8 -7 -6 -5 *  5  6  6  4  1 -1 -4 -5 -5 -3  0  3  5	
 -1  0  2  2  2  2  0 -1 -3 -3 -3 -3 -2 *  2  3  3  3  1 -1 -2 -2 -2 -1  0  1  2	
 4535.991 -124.384
 -4  0  2  4  4  3  0 -3 -7 -8 -8 -7 -5 *  5  6  6  4  2 -1 -4 -5 -5 -3  0  4  5	
 -1  0  2  2  2  2  0 -2 -3 -4 -4 -3 -2 *  3  3  3  3  1  0 -2 -2 -2 -1  0  1  2	
 4535.991 -122.784
 -6 -1  3  5  5  4  1 -4 -9-12-12-10 -8 *  5  6  6  5  2 -1 -4 -5 -5 -3  0  3  5	
 -3  0  2  3  3  2  1 -2 -4 -5 -5 -5 -3 *  3  4  4  3  1  0 -2 -2 -2 -1  0  1  3	
 4535.991 -121.184
 -7 -1  4  5  6  5  2 -4-10-14-14-12 -9 *  5  6  7  5  2 -1 -4 -5 -5 -3 -1  3  4	
 -3  0  2  3  4  3  1 -2 -5 -6 -6 -6 -4 *  3  4  4  3  2  0 -2 -2 -2 -1  0  1  3	
 4535.991 -119.584
 -7  0  5  7  8  6  3 -4-12-17-16-13 -9 *  4  6  6  5  1 -1 -4 -6 -6 -6 -4  0  2	
 -3  0  3  5  5  4  1 -2 -6 -8 -8 -7 -4 *  2  3  4  3  1 -1 -2 -3 -3 -2 -1  0  2	
 4535.991 -117.984
 -6  2  7 10 10  9  5 -4-14-19-18-14 -9 *  2  6  7  5  2  0 -4 -6 -9-11 -9 -4  0	
 -3  1  4  6  7  5  2 -2 -7 -9 -8 -8 -4 *  2  3  4  4  2  0 -2 -3 -4 -4 -3 -2  1	
 4535.991 -116.384
 -5  4 10 12 12 10  5 -5-16-21-19-14 -8 *  2  7  8  6  2 -1 -4 -7-11-13-11 -5 -1	
 -2  2  6  7  8  6  2 -3 -9-10-10 -9 -4 *  3  4  5  4  2 -1 -3 -4 -6 -6 -5 -3  1	
 4535.991 -114.784
 -4  6 12 14 14 12  7 -7-21-25-23-16 -9 *  3  8  9  8  5  2 -2 -6-12-14-10 -3  1	
 -1  3  7  9  9  7  3 -5-11-13-12-10 -4 *  4  5  6  5  4  1 -1 -3 -6 -6 -4 -2  2	
 4535.991 -113.184
 -4 10 18 20 20 16  9 -9-27-33-29-20-11 *  2  9 12 11  8  5  1 -6-11-13-11 -5 -1	
  0  6 11 13 13 10  4 -6-15-17-14-12 -3 *  4  6  8  8  6  3  0 -4 -6 -6 -4 -3  2	
 4535.991 -111.584
 -3 14 22 25 24 20 10-11-31-35-31-21-11 *  2 10 14 14 11  8  1 -5 -9-12 -9 -5 -2	
  1  9 15 17 16 11  4 -9-18-19-16-13 -3 *  3  7  9  9  7  4 -1 -3 -4 -5 -4 -2  1	
 4535.991 -109.984
 -5 11 24 28 26 22 11 -8-23-26-22-15 -9 * -1  5  9  9  8  5  0 -4 -7 -9 -7 -5 -3	
  0  9 16 19 17 13  4 -7-13-14-11 -9 -3 *  1  4  6  5  4  2 -1 -3 -4 -4 -3 -2 -1	
 4535.991 -108.384
 -5  6 18 24 24 20 10 -8-21-24-20-13 -8 * -3  0  1  3  3  2  0 -5-10-11 -9 -7 -5	
 -1  5 12 16 15 11  3 -7-12-13-11 -9 -3 * -1  1  1  1  1  0 -2 -4 -7 -7 -5 -4 -2	
 4535.991 -106.784
-10  6 21 28 27 23 13 -9-28-34-29-21-14 *  0  3  4  3  3  2  0 -2 -3 -2 -1 -1  0	
 -2  5 14 18 18 13  5 -7-16-18-15-12 -5 *  1  2  3  2  2  1  0 -2 -2 -2 -1  0  1	
 4535.991 -105.184
-13  6 24 33 32 28 16-10-33-39-34-26-17 *  5  5  4  1  0  0  0  1  6  9  9  7  6	
 -3  6 16 21 21 16  6 -8-19-21-18-15 -6 *  3  3  3  2  1  0  0  1  3  5  5  5  3	
 4535.991 -103.584
 -8  6 23 33 33 29 16 -6-23-28-23-17-11 *  9  1 -7-12-13-11 -7  5 19 24 22 17 12	
 -1  6 16 21 21 16  6 -5-13-14-11 -9 -4 *  3 -1 -5 -8 -8 -6 -3  4 11 13 11  9  4	
 4535.991 -101.984
 -8  3 10 15 16 14  8 -9-25-28-24-18-12 *  6 -3-14-20-21-18-11  6 19 22 18 13  8	
 -1  3  7  9  9  6  1 -8-15-16-13-11 -4 *  1 -4 -9-12-13 -9 -3  6 12 12 10  8  3	
 4537.111 -137.985
  0  3  5  5  4  3  0 -2 -5 -5 -4 -2 -1 *  4  5  4  3  0 -2 -5 -6 -5 -3 -1  2  3	
  0  1  3  3  3  1  0 -1 -2 -2 -2 -2  0 *  2  2  2  2  0 -1 -2 -3 -2 -2 -1  0  1	
 4537.111 -136.385
  0  3  4  5  4  3  0 -2 -5 -5 -4 -2 -1 *  4  5  4  3  0 -2 -5 -5 -5 -3 -1  2  4	
  0  1  2  3  2  1  0 -1 -2 -2 -2 -2  0 *  2  2  2  2  0 -1 -2 -3 -2 -2 -1  0  1	
 4537.111 -134.785
  0  3  4  5  4  3  0 -2 -5 -5 -4 -2 -1 *  4  5  4  3  0 -2 -5 -6 -5 -3 -1  2  3	
  0  1  2  3  2  2  0 -1 -2 -2 -2 -2  0 *  2  2  2  2  0 -1 -3 -3 -2 -2 -1  0  1	
 4537.111 -133.185
  0  2  4  4  4  3  0 -2 -5 -6 -5 -3 -2 *  4  5  4  3  0 -3 -5 -6 -5 -4 -1  2  3	
  0  1  2  3  2  2  0 -1 -2 -2 -2 -2 -1 *  1  2  2  2  0 -2 -3 -3 -2 -2 -1  0  1	
 4537.111 -131.585
 -1  2  4  4  4  3  0 -2 -5 -6 -5 -3 -2 *  4  5  4  3  0 -3 -5 -6 -5 -4 -1  2  4	
  0  1  2  3  2  2  0 -1 -2 -2 -2 -2 -1 *  1  2  2  2  0 -2 -3 -3 -2 -2 -1  0  1	
 4537.111 -129.985
 -1  1  3  4  4  2  0 -3 -5 -6 -5 -4 -2 *  4  5  5  3  0 -2 -5 -6 -5 -3 -1  3  4	
 -1  1  2  3  2  1  0 -1 -2 -3 -3 -2 -1 *  2  2  2  2  0 -2 -3 -3 -2 -2 -1  0  1	
 4537.111 -128.385
 -2  1  3  4  4  2  0 -3 -5 -6 -5 -4 -3 *  5  5  5  3  0 -2 -5 -5 -5 -3 -1  3  4	
 -1  1  2  2  2  1  0 -1 -2 -3 -3 -2 -1 *  2  2  2  2  0 -1 -2 -3 -2 -1 -1  0  1	
 4537.111 -126.785
 -3  0  3  3  3  2  0 -3 -6 -7 -7 -5 -4 *  5  6  5  4  1 -2 -4 -5 -5 -3  0  4  5	
 -1  0  2  2  2  1  0 -1 -3 -3 -3 -3 -2 *  2  3  3  2  1 -1 -2 -2 -2 -1  0  1  2	
 4537.111 -125.184
 -4  0  2  3  3  2  0 -3 -7 -8 -8 -6 -5 *  6  7  6  4  1 -1 -4 -5 -5 -3  1  4  6	
 -2  0  2  2  2  1  0 -2 -3 -4 -4 -3 -2 *  3  3  4  3  1 -1 -2 -2 -2 -1  0  1  3	
 4537.111 -123.584
 -6 -1  2  4  4  3  0 -4 -8-10-10 -9 -7 *  6  7  6  4  1 -1 -4 -5 -5 -3  1  4  6	
 -2  0  1  2  2  2  0 -2 -4 -5 -5 -4 -3 *  3  4  4  3  1 -1 -2 -2 -2 -1  0  1  3	
 4537.111 -121.984
 -7 -2  3  5  5  4  1 -4-10-13-14-11 -9 *  5  6  6  4  1 -2 -5 -6 -4 -2  0  4  5	
 -3 -1  2  3  3  2  1 -2 -5 -6 -6 -6 -4 *  3  4  4  3  1 -1 -2 -2 -2  0  1  2  3	
 4537.111 -120.384
 -8 -1  3  6  6  6  3 -4-12-18-18-15-11 *  4  5  6  4  1 -2 -5 -6 -5 -3 -2  1  3	
 -4 -1  2  4  4  3  1 -2 -6 -8 -8 -8 -5 *  3  3  4  3  1 -1 -2 -2 -2 -1  0  1  2	
 4537.111 -118.784
-10  0  7 10 10  9  4 -6-18-25-25-20-14 *  0  5  5  4  0 -3 -6 -7 -8-10-10 -6 -2	
 -5  0  4  6  6  5  2 -3 -9-12-12-11 -7 *  1  3  4  3  1 -2 -3 -3 -4 -4 -3 -3  0	
 4537.111 -117.184
 -9  2 10 13 13 10  5 -6-18-25-25-19-13 * -2  5  8  7  4  1 -3 -6-11-15-15-10 -5	
 -4  1  5  8  8  6  2 -3 -9-12-12-11 -6 *  1  3  5  5  3  1 -1 -3 -5 -6 -6 -4 -1	
 4537.111 -115.584
 -5  6 13 16 15 12  7 -5-19-25-22-16 -9 *  0  8 11 10  7  4  0 -5-10-14-13 -8 -3	
 -2  3  8 10 10  8  3 -3 -9-12-11-10 -4 *  2  5  7  7  5  3  0 -3 -5 -6 -5 -4  0	
 4537.111 -113.984
 -7  7 17 20 20 17 10 -6-24-31-29-21-12 *  3  8  9  8  5  2 -1 -4 -7 -9 -8 -4 -1	
 -2  4 11 13 13 11  5 -4-13-16-14-12 -5 *  3  5  6  6  4  1 -1 -2 -3 -4 -3 -2  2	
 4537.111 -112.384
 -8 10 22 25 24 20 11 -7-27-35-33-24-14 *  2  7  9  9  6  4  1 -3 -6 -6 -5 -2  0	
 -2  6 14 16 16 12  5 -6-15-18-16-14 -5 *  3  5  6  6  4  2  0 -2 -3 -3 -2 -1  1	
 4537.111 -110.784
 -9  9 23 27 26 22 12 -7-25-32-29-21-13 *  3  3  4  4  3  2  0 -1  1  2  3  3  3	
 -2  7 15 18 17 13  5 -6-14-16-14-12 -5 *  2  2  2  2  2  1  0  0  1  1  1  2  2	
 4537.111 -109.184
 -9  5 19 26 25 21 12 -6-23-29-26-19-12 *  2 -1 -4 -4 -3 -3 -2 -1  1  2  3  2  2	
 -2  4 12 16 16 12  5 -5-13-15-13-11 -5 *  1  0 -2 -3 -3 -3 -2 -1  0  1  1  1  1	
 4537.111 -107.584
-10  3 18 26 27 23 13 -6-25-31-28-21-14 *  2  0 -5 -7 -6 -5 -3 -1  2  4  4  3  2	
 -3  4 12 17 17 13  5 -5-14-16-14-12 -5 *  1  0 -3 -4 -5 -4 -2 -1  1  2  2  2  1	
 4537.111 -105.984
-11  3 17 25 26 22 13 -8-28-34-30-23-16 *  4  1 -2 -5 -5 -5 -3  1  7 10 10  8  5	
 -3  4 11 15 16 12  4 -7-17-19-16-13 -6 *  2  0 -1 -3 -3 -3 -1  1  4  5  5  4  2	
 4537.111 -104.384
 -9  3 19 28 29 26 14 -6-22-25-22-16-11 *  5 -1 -8-13-13-12 -7  2 12 15 14 10  7	
 -3  4 13 17 18 14  4 -6-13-14-12-10 -4 *  1 -2 -6 -8 -8 -7 -3  2  6  8  7  5  2	
 4537.111 -102.784
 -5  3 10 16 19 16  9 -8-23-25-21-15 -9 *  6 -1 -7-11-12-10 -5  5 17 19 17 13  9	
  0  3  7  9 10  7  1 -8-14-14-11 -8 -2 *  2 -2 -5 -7 -7 -5 -1  5 11 11  9  8  3	
 4538.231 -137.185
  0  3  4  5  4  3  0 -2 -5 -5 -4 -2 -1 *  4  5  4  3  0 -2 -5 -5 -5 -3 -1  2  3	
  0  1  2  3  2  1  0 -1 -2 -2 -2 -2  0 *  2  2  2  2  0 -1 -2 -3 -2 -2 -1  0  1	
 4538.231 -135.585
  0  2  4  4  4  2  0 -3 -5 -5 -4 -2 -1 *  4  5  4  3  0 -2 -5 -5 -5 -3 -1  2  4	
  0  1  2  3  2  1  0 -1 -2 -2 -2 -2 -1 *  2  2  2  2  0 -1 -2 -3 -2 -2 -1  0  1	
 4538.231 -133.985
  0  2  4  4  4  2  0 -3 -5 -6 -5 -3 -1 *  4  5  4  3  0 -2 -5 -6 -5 -3 -1  2  4	
  0  1  2  3  2  1  0 -1 -2 -2 -2 -2 -1 *  2  2  2  2  0 -1 -3 -3 -2 -1 -1  0  1	
 4538.231 -132.385
 -1  2  4  4  4  2  0 -3 -5 -6 -5 -3 -2 *  4  5  5  3  0 -2 -5 -6 -5 -3 -1  2  4	
  0  1  2  3  2  1  0 -1 -2 -2 -2 -2 -1 *  2  2  2  2  0 -2 -3 -3 -2 -2 -1  0  1	
 4538.231 -130.785
 -1  1  3  4  4  2  0 -3 -5 -6 -5 -3 -2 *  4  5  5  3  0 -2 -5 -6 -5 -3 -1  3  4	
 -1  1  2  2  2  1  0 -1 -2 -3 -3 -2 -1 *  2  2  2  2  0 -1 -3 -3 -2 -2 -1  0  1	
 4538.231 -129.185
 -2  1  3  4  3  2  0 -3 -6 -6 -6 -4 -3 *  5  6  5  3  1 -2 -4 -5 -5 -3  0  3  5	
 -1  1  2  2  2  1  0 -1 -2 -3 -3 -2 -1 *  2  2  3  2  0 -1 -2 -2 -2 -1  0  0  2	
 4538.231 -127.585
 -2  0  3  3  3  2  0 -3 -6 -7 -6 -4 -3 *  6  6  6  4  1 -2 -4 -5 -4 -3  0  4  5	
 -1  0  1  2  2  1  0 -2 -3 -3 -3 -3 -2 *  2  3  3  2  1 -1 -2 -2 -2 -1  0  1  2	
 4538.231 -125.985
 -4  0  2  3  3  2  0 -4 -7 -8 -7 -6 -5 *  6  7  6  4  1 -2 -4 -5 -4 -2  1  4  6	
 -2  0  1  2  2  1  0 -2 -3 -4 -4 -3 -2 *  3  3  3  3  1 -1 -2 -2 -1 -1  0  1  2	
 4538.231 -124.384
 -4 -1  2  3  3  2  0 -4 -7 -9 -8 -6 -5 *  7  7  6  4  1 -2 -4 -5 -4 -2  1  5  6	
 -2  0  1  2  2  1  0 -2 -3 -4 -4 -4 -3 *  3  4  4  3  1 -1 -2 -2 -1  0  1  2  3	
 4538.231 -122.784
 -5 -1  2  4  4  3  0 -4 -9-10 -9 -7 -6 *  6  6  6  4  1 -2 -5 -6 -4 -1  2  5  6	
 -2 -1  1  2  2  1  0 -2 -4 -5 -5 -4 -3 *  4  4  4  3  1 -1 -2 -2 -1  0  1  2  3	
 4538.231 -121.184
 -6 -1  3  5  5  4  1 -5-12-15-14-11 -8 *  4  5  5  3  0 -3 -6 -6 -3  0  2  4  4	
 -3 -1  2  3  3  2  0 -3 -6 -7 -7 -6 -4 *  3  4  4  3  1 -1 -3 -3 -1  1  2  3  3	
 4538.231 -119.584
 -9 -1  5  8  8  6  3 -6-17-24-23-18-13 *  2  4  4  2 -2 -5 -7 -7 -4 -3 -3  0  1	
 -5 -1  3  5  5  4  1 -3 -9-11-11-10 -6 *  2  3  3  2  0 -3 -4 -3 -2  0  0  1  2	
 4538.231 -117.984
-11  1 10 14 14 11  5 -7-21-30-29-23-16 * -2  2  2  0 -3 -6 -8 -7 -6 -9 -9 -6 -4	
 -5  0  5  9  9  7  2 -4-11-14-14-13 -8 *  0  1  2  1 -2 -4 -5 -3 -3 -3 -3 -3 -1	
 4538.231 -116.384
-10  3 15 19 18 15  7 -5-20-28-28-22-14 * -4  2  5  5  1 -2 -4 -6-10-15-16-12 -7	
 -4  1  8 12 12  9  4 -3-10-13-13-12 -6 * -1  1  3  3  1 -1 -2 -3 -5 -7 -6 -6 -3	
 4538.231 -114.784
-10  4 14 18 17 14  9 -4-23-33-32-24-16 *  0  5  8  8  5  3 -1 -2 -4 -7 -7 -5 -2	
 -4  2  8 11 12  9  5 -2-12-16-15-13 -7 *  1  3  5  5  4  2  0 -1 -1 -2 -2 -2  0	
 4538.231 -113.184
-10  6 19 23 22 19 11 -6-25-34-32-24-15 *  2  4  5  5  3  2  0  0  0  0  1  1  1	
 -3  4 11 15 15 12  6 -4-13-17-15-13 -6 *  2  3  3  3  2  2  1  1  1  1  1  1  2	
 4538.231 -111.584
-11  6 21 26 25 21 12 -5-25-34-32-24-16 *  3  3  2  1  0  0 -1  0  2  4  5  4  3	
 -3  4 13 17 17 13  6 -4-13-17-15-13 -6 *  2  2  1  1  0  0  0  0  1  2  2  2  2	
 4538.231 -109.984
-11  4 19 26 25 21 12 -6-25-33-31-24-16 *  4  0 -4 -6 -6 -5 -3  0  5  7  7  6  4	
 -3  3 12 16 16 12  5 -5-14-17-15-13 -6 *  2  0 -2 -4 -4 -3 -2  0  2  3  3  3  2	
 4538.231 -108.384
-11  2 18 26 26 22 12 -5-23-31-29-22-15 *  4 -1 -6 -9 -9 -7 -4  2  8 10 10  7  5	
 -3  3 11 16 17 13  5 -5-13-16-14-12 -6 *  1 -1 -4 -6 -6 -5 -2  1  4  5  4  4  2	
 4538.231 -106.784
-10  2 16 24 25 21 11 -6-23-30-27-20-14 *  4 -1 -6 -9 -9 -7 -4  2  9 12 11  8  5	
 -3  3 10 15 15 11  4 -5-13-15-13-11 -5 *  1 -1 -4 -5 -5 -4 -2  2  5  6  5  4  2	
 4539.351 -137.985
  0  3  4  5  4  2  0 -3 -5 -5 -4 -2 -1 *  4  5  4  3  0 -2 -5 -6 -5 -3 -1  2  3	
  0  1  2  3  2  1  0 -1 -2 -2 -2 -2 -1 *  2  2  2  2  0 -1 -3 -3 -2 -2 -1  0  1	
 4539.351 -136.385
  0  2  4  4  4  2  0 -3 -5 -5 -4 -2 -1 *  4  5  5  3  0 -2 -5 -6 -5 -3 -1  2  4	
  0  1  2  3  2  1  0 -1 -2 -2 -2 -2 -1 *  2  2  2  2  0 -1 -2 -3 -2 -2 -1  0  1	
 4539.351 -134.785
  0  2  4  4  4  2  0 -3 -5 -5 -4 -3 -1 *  4  5  5  3  0 -2 -5 -5 -5 -3 -1  2  4	
  0  1  2  3  2  1  0 -1 -2 -2 -2 -2 -1 *  2  2  2  2  0 -1 -2 -3 -2 -1 -1  0  1	
 4539.351 -133.185
  0  2  4  4  4  2  0 -3 -5 -6 -4 -3 -1 *  4  5  5  3  0 -2 -5 -5 -5 -3 -1  2  4	
  0  1  2  3  2  1  0 -1 -2 -2 -2 -2 -1 *  2  2  2  2  0 -1 -3 -3 -2 -1 -1  0  1	
 4539.351 -131.585
 -1  2  3  4  3  2  0 -3 -5 -6 -5 -3 -2 *  5  5  5  3  0 -2 -5 -5 -5 -3 -1  3  4	
  0  1  2  2  2  1  0 -1 -2 -3 -3 -2 -1 *  2  2  2  2  0 -1 -3 -3 -2 -1 -1  0  1	
 4539.351 -129.985
 -1  1  3  4  3  2  0 -3 -5 -6 -5 -3 -2 *  5  6  5  3  1 -2 -4 -5 -5 -3  0  3  5	
 -1  1  2  2  2  1  0 -1 -2 -3 -3 -2 -1 *  2  2  3  2  0 -1 -2 -2 -2 -1  0  0  2	
 4539.351 -128.385
 -1  1  3  3  3  2  0 -3 -6 -6 -5 -3 -2 *  6  6  6  4  1 -2 -4 -5 -4 -3  0  4  5	
 -1  1  2  2  2  1  0 -1 -3 -3 -3 -2 -1 *  2  3  3  2  0 -1 -2 -2 -2 -1  0  1  2	
 4539.351 -126.785
 -2  0  3  3  3  2 -1 -3 -6 -7 -6 -4 -3 *  7  7  6  4  1 -2 -4 -5 -4 -2  1  4  6	
 -1  0  1  2  2  1  0 -2 -3 -4 -3 -3 -2 *  3  3  3  3  1 -1 -2 -2 -1 -1  0  1  3	
 4539.351 -125.185
 -2  0  2  3  3  2 -1 -4 -7 -8 -7 -5 -3 *  7  7  6  4  1 -2 -5 -5 -4 -2  1  5  6	
 -2  0  1  2  2  1  0 -2 -4 -4 -4 -3 -2 *  3  4  4  3  1 -1 -2 -2 -1  0  1  2  3	
 4539.351 -123.585
 -4  0  2  3  3  2 -1 -5 -9-11 -9 -6 -5 *  7  7  6  4  1 -2 -5 -6 -5 -2  2  6  7	
 -2 -1  1  2  2  1 -1 -3 -5 -6 -5 -5 -3 *  4  4  4  3  1 -1 -2 -2 -1  0  1  2  4	
 4539.351 -121.984
 -3  0  3  4  4  3  0 -5 -9-10 -8 -5 -4 *  4  5  5  3  0 -3 -6 -7 -5 -2  0  3  4	
 -2  0  1  2  2  1  0 -3 -5 -5 -5 -5 -3 *  3  4  4  3  1 -2 -3 -3 -2 -1  1  2  3	
 4539.351 -120.384
 -4  2  5  6  5  4  0 -6-13-16-14 -9 -6 *  2  3  3  1 -2 -5 -8 -7 -4 -1  0  2  1	
 -3  0  2  4  3  2  0 -3 -7 -8 -8 -7 -4 *  3  3  3  2  0 -3 -4 -3 -1  1  1  2  2	
 4539.351 -118.784
 -5  3  7  9  8  6  2 -7-17-22-19-14 -8 *  2  2  1 -1 -4 -7 -9 -7  0  4  4  4  3	
 -3  1  4  5  5  3  1 -4 -9-10-10 -8 -4 *  2  2  1  0 -2 -4 -5 -3  1  3  3  3  2	
 4539.351 -117.184
 -5  5 12 14 13 10  4 -7-19-25-22-15 -9 *  1 -1 -3 -5 -8-10-11 -5  0  0  0  0  0	
 -3  2  7  9  8  6  1 -5-11-12-11-10 -5 *  1  0 -1 -3 -6 -7 -6 -3  1  1  1  1  1	
 4539.351 -115.584
 -8  4 16 20 18 15  7 -6-18-25-24-18-11 * -3 -2 -4 -6 -9-10-10 -6 -5 -8 -9 -8 -5	
 -4  2  9 12 12  9  3 -4-10-12-11-10 -5 * -1 -1 -2 -4 -6 -8 -6 -4 -3 -4 -4 -4 -2	
 4539.351 -113.984
 -9  3 14 18 17 13  6 -7-21-29-28-21-13 * -2  1  3  3  1  0  0  0 -3 -6 -6 -5 -3	
 -4  1  8 11 11  8  2 -5-11-14-13-11 -6 *  0  1  2  3  2  1  1  0 -1 -2 -2 -2 -1	
 4539.351 -112.384
-10  4 17 22 21 17 10 -5-22-29-28-21-14 *  4  2  2  2  2  2  0  1  4  6  7  6  5	
 -4  2 10 14 14 11  5 -4-12-14-13-12 -6 *  2  2  1  1  1  1  0  1  2  3  4  3  3	
 4539.351 -110.784
-10  2 14 20 19 15  8 -5-20-28-28-21-14 *  6  0 -5 -7 -6 -5 -3  2  8 12 13 11  7	
 -3  2  8 12 13  9  4 -4-10-13-13-11 -5 *  2  0 -3 -5 -5 -3 -1  2  5  6  6  5  3	
 4539.351 -109.184
-10  2 12 16 16 13  7 -7-23-31-29-22-15 *  2 -2 -8-11-10 -8 -4  2  8  9  8  6  3	
 -3  2  7 10 10  7  2 -5-13-16-14-13 -6 *  1 -2 -5 -7 -7 -5 -2  2  4  5  4  3  1	
 4540.471 -137.185
  0  2  4  4  4  2  0 -3 -5 -5 -4 -2 -1 *  4  5  5  3  0 -2 -5 -6 -5 -3 -1  2  4	
  0  1  2  3  2  1  0 -1 -2 -2 -2 -2 -1 *  2  2  2  2  0 -1 -3 -3 -2 -2 -1  0  1	
 4540.471 -135.585
  0  2  4  4  4  2  0 -3 -5 -5 -4 -2 -1 *  4  5  5  3  0 -2 -5 -6 -5 -3 -1  2  4	
  0  1  2  3  2  1  0 -1 -2 -2 -2 -2 -1 *  2  2  2  2  0 -1 -2 -3 -2 -2 -1  0  1	
 4540.471 -133.985
  0  2  4  4  4  2  0 -3 -5 -6 -4 -3 -1 *  4  5  5  3  0 -2 -5 -5 -5 -3 -1  2  4	
  0  1  2  2  2  1  0 -1 -2 -2 -2 -2 -1 *  2  2  2  2  0 -1 -2 -3 -2 -1 -1  0  1	
 4540.471 -132.385
  0  2  4  4  3  2  0 -3 -5 -6 -4 -3 -1 *  5  5  5  3  0 -2 -4 -5 -5 -3 -1  3  4	
  0  1  2  2  2  1  0 -1 -2 -3 -2 -2 -1 *  2  2  3  2  0 -1 -2 -3 -2 -1 -1  0  2	
 4540.471 -130.785
 -1  2  3  4  3  2  0 -3 -5 -6 -5 -3 -2 *  5  6  5  3  1 -2 -4 -5 -5 -3  0  3  4	
  0  1  2  2  2  1  0 -1 -2 -3 -3 -2 -1 *  2  2  3  2  0 -1 -2 -2 -2 -1 -1  0  2	
 4540.471 -129.185
 -1  2  3  3  3  2 -1 -3 -5 -6 -5 -3 -2 *  6  6  6  4  1 -2 -4 -5 -4 -3  0  3  5	
 -1  1  2  2  2  1  0 -1 -3 -3 -3 -2 -1 *  2  3  3  2  1 -1 -2 -2 -2 -1  0  1  2	
 4540.471 -127.585
 -1  1  3  3  3  2 -1 -3 -6 -7 -5 -4 -2 *  6  7  6  4  1 -2 -4 -5 -4 -2  1  4  6	
 -1  0  1  2  2  1  0 -2 -3 -3 -3 -3 -2 *  3  3  3  3  1 -1 -2 -2 -1 -1  0  1  3	
 4540.471 -125.985
 -1  1  3  3  3  2 -1 -4 -6 -7 -6 -3 -2 *  7  7  7  5  1 -1 -4 -5 -4 -2  1  5  7	
 -1  0  1  2  2  1  0 -2 -3 -4 -4 -3 -2 *  3  4  4  3  1 -1 -2 -2 -1  0  1  2  3	
 4540.471 -124.385
 -1  2  3  4  3  2 -1 -4 -7 -7 -5 -3 -1 *  7  7  6  4  1 -2 -5 -5 -4 -2  2  5  7	
 -1  0  2  2  2  1  0 -2 -4 -4 -4 -3 -2 *  4  4  4  3  1 -1 -2 -2 -1  0  1  2  3	
 4540.471 -122.784
  0  3  5  5  4  3  0 -4 -8 -8 -5 -2 -1 *  5  6  5  3  0 -3 -6 -6 -4 -1  2  5  5	
 -1  1  2  3  2  1  0 -2 -4 -4 -4 -3 -2 *  3  4  4  3  1 -1 -3 -2 -1  0  1  2  3	
 4540.471 -121.185
  0  3  5  6  5  3  0 -5 -9 -9 -6 -2 -1 *  2  3  3  1 -2 -5 -7 -7 -5 -3 -1  1  1	
 -1  1  2  3  3  2  0 -3 -5 -5 -4 -4 -2 *  2  3  3  2  0 -3 -3 -3 -2 -1  0  1  2	
 4540.471 -119.584
 -1  4  7  7  6  5  1 -6-11-12 -9 -4 -2 * -1  1  1 -1 -4 -7 -9 -7 -3 -2 -2 -1 -2	
 -1  1  3  4  4  2  0 -3 -6 -6 -5 -4 -2 *  0  1  1  0 -2 -4 -5 -3 -1  0  0  0  0	
 4540.471 -117.984
 -2  4  8  9  8  5  1 -6-14-18-16 -9 -5 *  1  0 -1 -3 -6 -8 -9 -5  3  7  7  6  3	
 -1  2  4  5  5  3  0 -4 -7 -8 -7 -6 -2 *  0  1  0 -1 -3 -5 -5 -2  2  4  3  3  1	
 4540.471 -116.384
 -4  5 10 12 11  9  4 -6-18-24-22-15 -8 *  3 -2 -6 -9-11-11-10 -2  9 14 13 10  6	
 -2  2  6  8  7  5  2 -4-10-11-10 -9 -4 *  2  0 -3 -5 -7 -7 -6 -1  6  8  7  7  3	
 4540.471 -114.784
 -2  5 10 12 12 10  5 -6-16-19-17-11 -5 *  2 -4 -9-12-14-13-11  0  9 12 10  7  4	
 -1  3  6  8  8  6  2 -5 -9-10 -9 -7 -3 *  0 -2 -6 -8 -9 -9 -6  1  6  7  5  5  2	
 4540.471 -111.584
 -2  3  8 11 10  8  3 -4-10-11 -8 -6 -3 *  1 -1 -2 -2 -2 -1 -1  1  4  4  4  3  2	
  0  2  5  7  6  5  1 -4 -6 -5 -4 -3 -1 *  0 -1 -1 -2 -2 -1  0  1  2  2  2  1  0	
 4541.591 -137.985
  0  3  4  4  4  2  0 -3 -5 -5 -4 -2 -1 *  4  5  5  3  0 -2 -5 -6 -5 -3 -1  2  4	
  0  1  2  3  2  1  0 -1 -2 -2 -2 -2 -1 *  2  2  2  2  0 -1 -3 -3 -2 -1 -1  0  1	
 4541.591 -136.385
  0  2  4  4  4  2  0 -3 -5 -5 -4 -2 -1 *  4  5  5  3  0 -2 -5 -5 -5 -3 -1  2  4	
  0  1  2  2  2  1  0 -1 -2 -2 -2 -2 -1 *  2  2  2  2  0 -1 -2 -3 -2 -1 -1  0  1	
 4541.591 -134.785
  0  2  4  4  4  2  0 -3 -5 -5 -4 -2 -1 *  4  5  5  3  0 -2 -4 -5 -5 -3 -1  2  4	
  0  1  2  2  2  1  0 -1 -2 -2 -2 -2 -1 *  2  2  2  2  0 -1 -2 -3 -2 -1 -1  0  1	
 4541.591 -133.185
  0  2  4  4  3  2  0 -3 -5 -6 -4 -2 -1 *  4  5  5  3  1 -2 -4 -5 -4 -3 -1  3  4	
  0  1  2  2  2  1  0 -1 -2 -3 -2 -2 -1 *  2  2  3  2  0 -1 -2 -2 -2 -1 -1  0  1	
 4541.591 -131.585
  0  2  4  4  3  2  0 -3 -5 -6 -4 -2 -1 *  5  5  5  3  1 -2 -4 -5 -4 -3  0  3  4	
  0  1  2  2  2  1  0 -1 -2 -3 -2 -2 -1 *  2  2  3  2  0 -1 -2 -2 -2 -1  0  0  2	
 4541.591 -129.985
  0  2  3  4  3  2 -1 -3 -5 -6 -4 -3 -1 *  5  6  5  4  1 -2 -4 -5 -4 -3  0  3  5	
 -1  1  2  2  2  1  0 -1 -2 -3 -3 -2 -1 *  2  3  3  2  1 -1 -2 -2 -2 -1  0  0  2	
 4541.591 -128.385
  0  2  3  4  3  2 -1 -3 -5 -6 -4 -2 -1 *  5  6  6  4  1 -1 -4 -5 -4 -2  0  3  5	
 -1  1  2  2  2  1  0 -2 -3 -3 -3 -2 -1 *  2  3  3  2  1 -1 -2 -2 -1 -1  0  1  2	
 4541.591 -126.785
  0  2  4  4  3  2 -1 -3 -6 -6 -5 -2 -1 *  6  7  6  4  1 -1 -4 -5 -4 -2  0  4  6	
 -1  1  2  2  2  1  0 -2 -3 -3 -3 -2 -1 *  3  3  3  3  1 -1 -2 -2 -1  0  0  1  3	
 4541.591 -125.185
  1  3  4  4  3  2 -1 -4 -6 -7 -5 -2  0 *  6  7  6  4  1 -2 -4 -5 -4 -2  1  4  6	
  0  1  2  2  2  1  0 -2 -3 -3 -3 -2 -1 *  3  3  4  3  1 -1 -2 -2 -1  0  1  1  3	
 4541.591 -123.585
  1  3  5  5  4  2  0 -4 -7 -7 -5 -2  0 *  6  7  6  4  1 -2 -5 -5 -4 -2  1  4  6	
 -1  1  2  3  2  1  0 -2 -3 -4 -3 -3 -1 *  4  4  4  3  1 -1 -2 -2 -1  0  1  2  3	
 4541.591 -121.985
  3  5  6  5  4  3  0 -3 -7 -7 -4  0  2 *  4  4  4  2 -1 -3 -6 -5 -3 -1  2  4  4	
  1  2  3  3  3  2  0 -2 -3 -3 -3 -2  0 *  3  3  3  2  0 -2 -3 -2 -1  0  1  2  2	
 4541.591 -120.384
  1  4  6  6  5  3  0 -4 -9-10 -7 -3 -1 *  3  3  2  0 -2 -5 -7 -6 -2  1  3  4  3	
  0  2  3  4  3  2  0 -2 -5 -5 -4 -3 -1 *  2  3  2  1 -1 -2 -3 -2 -1  1  2  3  2	
 4541.591 -118.784
  2  5  7  7  6  4  1 -4 -8 -7 -2  1  2 * -1  0 -1 -2 -5 -7 -8 -5 -2 -1 -2 -1 -1	
  1  2  4  5  4  3  1 -2 -4 -3 -2 -1  1 * -1  0  0 -1 -3 -4 -4 -3 -1 -1 -1 -1 -1	
 4541.591 -117.184
  0  4  7  8  7  5  2 -4-10-12 -9 -5 -2 *  1 -2 -4 -6 -8 -9 -9 -3  5  8  7  5  2	
  0  2  4  5  4  3  1 -2 -5 -5 -4 -3 -1 *  0 -1 -2 -3 -5 -5 -5 -1  3  4  4  3  1	
 4541.591 -115.584
 -3  4  7  8  8  6  3 -3-12-17-16-11 -6 *  4 -3 -8-10-12-11 -9  0 13 18 17 12  6	
 -1  2  4  5  5  4  2 -2 -7 -8 -7 -6 -2 *  1 -1 -4 -6 -7 -7 -5  1  8 10  8  8  3	
 4542.711 -137.185
  0  2  4  4  4  2  0 -3 -5 -5 -4 -2 -1 *  4  5  5  3  0 -2 -4 -5 -5 -3 -1  2  4	
  0  1  2  2  2  1  0 -1 -2 -2 -2 -2 -1 *  2  2  2  2  0 -1 -2 -3 -2 -1 -1  0  1	
 4542.711 -135.585
  0  2  4  4  4  2  0 -3 -5 -5 -4 -2 -1 *  4  5  5  3  1 -2 -4 -5 -4 -3 -1  2  4	
  0  1  2  2  2  1  0 -1 -2 -2 -2 -2 -1 *  2  2  3  2  0 -1 -2 -2 -2 -1 -1  0  1	
 4542.711 -133.985
  0  2  4  4  3  2  0 -3 -5 -5 -4 -2 -1 *  4  5  5  3  1 -2 -4 -5 -4 -3 -1  2  4	
  0  1  2  2  2  1  0 -1 -2 -3 -2 -2 -1 *  2  2  3  2  0 -1 -2 -2 -2 -1 -1  0  1	
 4542.711 -132.385
  0  2  4  4  3  2  0 -3 -5 -6 -4 -2 -1 *  4  5  5  3  1 -2 -4 -5 -4 -3 -1  3  4	
  0  1  2  2  2  1  0 -1 -2 -3 -3 -2 -1 *  2  2  3  2  0 -1 -2 -2 -2 -1  0  0  2	
 4542.711 -130.785
  0  2  4  4  3  2 -1 -3 -5 -6 -4 -2 -1 *  4  5  5  3  1 -2 -4 -5 -4 -3 -1  3  4	
  0  1  2  2  2  1  0 -1 -2 -3 -3 -2 -1 *  2  2  3  2  1 -1 -2 -2 -2 -1  0  0  2	
 4542.711 -129.185
  0  2  4  4  3  2 -1 -3 -5 -6 -4 -2 -1 *  5  6  5  4  1 -2 -4 -5 -4 -3  0  3  5	
  0  1  2  2  2  1  0 -2 -3 -3 -3 -2 -1 *  2  3  3  2  1 -1 -2 -2 -1 -1  0  1  2	
 4542.711 -127.585
  0  3  4  4  3  2 -1 -3 -5 -6 -4 -2 -1 *  5  6  6  4  1 -1 -4 -5 -4 -2  0  3  5	
  0  1  2  2  2  1  0 -2 -3 -3 -3 -2 -1 *  3  3  3  2  1 -1 -2 -2 -1 -1  0  1  2	
 4542.711 -125.985
  1  3  4  4  3  2  0 -3 -6 -6 -5 -2  0 *  6  6  6  4  1 -1 -4 -5 -4 -2  0  4  5	
  0  1  2  2  2  1  0 -2 -3 -3 -3 -3 -1 *  3  3  3  3  1 -1 -2 -2 -1  0  0  1  2	
 4542.711 -124.385
  2  4  5  5  4  2  0 -3 -6 -6 -4 -1  1 *  5  5  5  3  1 -2 -4 -5 -4 -2  0  3  4	
  0  1  2  3  2  1  0 -2 -3 -3 -3 -2  0 *  2  3  3  2  1 -1 -2 -2 -1 -1  0  1  2	
 4542.711 -122.785
  3  5  6  6  5  3  0 -3 -6 -6 -3  0  2 *  4  4  4  2 -1 -3 -5 -5 -4 -2  0  3  3	
  1  2  3  3  3  1  0 -2 -3 -3 -3 -2  0 *  2  3  3  2  0 -2 -2 -2 -1  0  0  1  2	
 4542.711 -121.185
  4  5  6  6  5  3  0 -3 -6 -6 -2  2  3 *  1  2  2  0 -2 -4 -6 -5 -4 -2 -1  0  0	
  2  2  3  3  3  2  0 -2 -3 -3 -2 -1  1 *  0  1  1  1 -1 -2 -3 -2 -1 -1 -1  0  0	
 4542.711 -119.585
  2  5  7  6  5  3  1 -3 -7 -8 -4 -1  1 *  2  2  1  0 -3 -5 -7 -5 -1  2  3  3  2	
  1  3  4  4  3  2  0 -2 -4 -4 -3 -2  1 *  1  1  1  0 -1 -3 -3 -2  0  1  1  2  1	
 4542.711 -117.984
  3  5  6  6  5  4  1 -3 -6 -5 -2  1  2 *  2  0 -2 -3 -6 -7 -8 -4  1  4  5  4  2	
  2  3  4  4  4  2  1 -1 -3 -3 -2 -1  1 *  0  0 -1 -2 -3 -4 -4 -2  1  2  2  3  1	
 4542.711 -116.384
  2  3  4  4  4  3  1 -2 -3 -2  1  2  2 *  1  0 -3 -5 -7 -8 -8 -4  1  2  1  1  1	
  1  1  2  3  2  2  1 -1 -1 -1 -1  0  0 *  1  0 -1 -2 -4 -5 -4 -2  1  1  1  2  1	
 4542.711 -114.784
  0  1  1  1  1  1  1 -1 -3 -2  0  1  0 *  0 -1 -3 -4 -6 -7 -6 -1  1  0  0  0  0	
  0  0  0  1  1  0  0 -1 -1 -1 -1 -1  0 *  0  0 -1 -2 -4 -4 -3  0  1  0  0  0  0	
 4543.831 -137.985
  0  3  4  4  4  2  0 -2 -5 -5 -4 -2 -1 *  4  5  5  3  0 -2 -4 -5 -5 -3 -1  2  4	
  0  1  2  2  2  1  0 -1 -2 -2 -2 -2 -1 *  2  2  3  2  0 -1 -2 -3 -2 -1 -1  0  1	
 4543.831 -136.385
  0  2  4  4  4  2  0 -3 -5 -5 -4 -2 -1 *  4  5  5  3  1 -2 -4 -5 -5 -3 -1  2  4	
  0  1  2  2  2  1  0 -1 -2 -2 -2 -2 -1 *  2  2  3  2  0 -1 -2 -2 -2 -1 -1  0  1	
 4543.831 -134.785
  0  2  4  4  3  2  0 -3 -5 -5 -4 -2 -1 *  4  5  5  3  1 -2 -4 -5 -4 -3 -1  2  4	
  0  1  2  2  2  1  0 -1 -2 -2 -2 -2 -1 *  2  2  3  2  1 -1 -2 -2 -2 -1  0  0  2	
 4543.831 -133.185
  0  2  4  4  3  2  0 -3 -5 -5 -4 -2 -1 *  4  5  5  3  1 -2 -4 -5 -4 -3 -1  2  4	
  0  1  2  2  2  1  0 -1 -2 -3 -2 -2 -1 *  2  2  3  2  1 -1 -2 -2 -2 -1  0  0  2	
 4543.831 -131.585
  0  2  4  4  3  2  0 -3 -5 -6 -4 -2 -1 *  4  5  5  3  1 -2 -4 -5 -4 -3 -1  2  4	
  0  1  2  2  2  1  0 -1 -2 -3 -3 -2 -1 *  2  2  3  2  1 -1 -2 -2 -2 -1  0  0  2	
 4543.831 -129.985
  0  2  4  4  3  2 -1 -3 -5 -6 -4 -2 -1 *  4  5  5  3  1 -2 -4 -5 -4 -3 -1  3  4	
  0  1  2  2  2  1  0 -1 -2 -3 -3 -2 -1 *  2  2  3  2  1 -1 -2 -2 -2 -1  0  0  2	
 4543.831 -128.385
  0  3  4  4  3  2  0 -3 -5 -6 -4 -2 -1 *  5  5  5  4  1 -1 -4 -5 -4 -2  0  3  4	
  0  1  2  2  2  1  0 -1 -2 -3 -3 -2 -1 *  2  3  3  2  1 -1 -2 -2 -1 -1  0  1  2	
 4543.831 -126.785
  1  3  4  4  3  2  0 -3 -5 -6 -4 -2  0 *  5  6  5  4  1 -1 -4 -5 -4 -2  0  3  5	
  0  1  2  2  2  1  0 -2 -3 -3 -3 -2 -1 *  2  3  3  2  1 -1 -2 -2 -1 -1  0  1  2	
 4543.831 -125.185
  2  4  5  5  4  2  0 -3 -5 -6 -4 -1  1 *  4  5  5  3  1 -2 -4 -5 -4 -2  0  2  3	
  0  1  2  3  2  1  0 -1 -3 -3 -2 -2  0 *  2  2  3  2  1 -1 -2 -2 -1 -1  0  1  2	
 4543.831 -123.585
  3  5  6  6  4  3  0 -3 -5 -6 -3  0  2 *  3  4  4  2  0 -2 -5 -5 -4 -2  0  2  3	
  1  2  3  3  3  1  0 -1 -3 -3 -2 -2  0 *  1  2  2  2  0 -1 -2 -2 -1  0  0  1  1	
 4543.831 -121.985
  2  5  6  6  5  3  0 -3 -6 -6 -4 -1  1 *  4  4  3  2 -1 -3 -5 -5 -3 -1  1  3  3	
  1  2  3  3  3  2  0 -1 -3 -3 -3 -2  0 *  2  2  2  2  0 -2 -2 -2 -1  0  1  1  2	
 4543.831 -120.385
  4  5  6  6  5  3  1 -2 -5 -5 -3  1  3 *  2  2  2  0 -2 -4 -6 -5 -3 -1  0  2  2	
  2  2  3  4  3  2  0 -1 -2 -2 -2 -1  1 *  1  1  1  1 -1 -2 -3 -2 -1  0  0  1  1	
 4543.831 -118.785
  2  5  6  6  5  3  1 -2 -6 -6 -4 -1  1 *  1  1  0 -1 -3 -6 -7 -5 -2  0  1  2  2	
  1  2  3  4  3  2  1 -1 -3 -3 -2 -2  0 *  1  1  1  0 -2 -3 -3 -2 -1  0  1  1  1	
 4543.831 -117.184
  2  4  5  5  4  3  1 -1 -3 -3 -2  0  1 *  1  1  0 -2 -4 -6 -7 -4 -1  0  1  1  1	
  1  2  2  3  3  2  1 -1 -2 -2 -1 -1  0 *  0  1  0 -1 -2 -4 -4 -2  0  0  0  1  0	
 4543.831 -115.584
  1  2  3  3  3  2  1  0 -2 -2 -1  0  0 *  3  1 -1 -3 -6 -7 -7 -3  1  3  4  4  3	
  0  1  1  2  2  1  1  0 -1 -1 -1  0  0 *  1  1  0 -1 -3 -4 -4 -2  1  2  2  2  2	
