Saint-Nazaire            	
 4653.985 -211.025
 -2  1 10  8  6 -1 -3 -3 -6 -9-10-10 -6 * -1  4  5  3  1 -1  0  0 -1 -1 -1 -1 -2	
  3  3  3  2  1 -1 -2 -3 -4 -5 -4 -1  2 *  2  2  1  1  0 -1 -1  0  0  0  0  1  2	
 4714.012 -249.739
 -3  0  3  6  6  5  3  0 -3 -6 -7 -6 -3 * -1  1  3  4  4  3  0 -2 -4 -5 -5 -4 -2	
 -1  1  3  3  3  2  0 -1 -2 -2 -3 -2 -1 *  0  1  2  2  1  0 -1 -2 -2 -2 -2 -1  0	
 4655.540 -207.351
  0  0  0  0 -2 -4 -3 -2 -2  0  0 -1  0 *  0  0  0  0-10-15 -9 -6 -7 -4  2  1  0	
  0  0  0 -1 -1 -1 -1 -1  0  0  0  0  0 *  0 -2-10 -2 -5 -7 -7 -5 -5  3  1  0  0	
 4653.523 -208.998
 -4 -2 12 25 26-26-35-24-33-39-26-13 -5 * -1  0  2  3  2 -2 -3 -2 -3 -3 -3 -2 -1	
  5  8 11  5  0 -9-14-13-13-13 -9 -3  3 *  1  1  1  0  0 -1 -1 -1 -1 -1 -1  0  1	
 4652.452 -251.999
 -2  0  3  6  6  5  3  0 -3 -5 -6 -5 -3 *  2  4  5  5  3  0 -3 -5 -6 -6 -4 -1  1	
  0  1  3  4  3  2  0 -1 -2 -2 -3 -2 -1 *  2  2  2  2  0 -1 -3 -3 -3 -2 -1  0  2	
 4652.452 -249.739
 -2  0  3  5  6  5  3  0 -3 -5 -5 -5 -3 *  2  4  5  4  3  1 -2 -5 -6 -5 -4 -1  1	
  0  1  3  3  3  2  0 -1 -2 -2 -2 -2 -1 *  2  2  2  2  0 -1 -3 -3 -3 -2 -1  0  2	
 4652.452 -247.479
 -2  0  3  5  6  5  3  0 -3 -5 -5 -5 -3 *  2  4  5  5  3  1 -2 -5 -5 -5 -4 -1  1	
  0  1  2  3  3  2  0 -1 -2 -2 -2 -2 -1 *  2  2  2  2  0 -1 -2 -3 -3 -2 -1  0  2	
 4652.452 -245.219
 -2  0  3  4  5  4  2 -1 -3 -5 -5 -5 -3 *  2  4  5  5  3  1 -2 -4 -5 -5 -4 -1  1	
  0  1  2  3  2  1  0 -1 -2 -2 -2 -2 -1 *  2  2  2  2  1 -1 -2 -3 -3 -2 -1  0  2	
 4652.452 -242.959
 -2  0  2  4  5  4  2 -1 -3 -5 -5 -5 -3 *  3  4  5  5  4  1 -2 -4 -5 -5 -4 -1  2	
  0  1  2  3  2  1  0 -1 -2 -2 -2 -2 -1 *  2  2  3  2  1 -1 -2 -3 -2 -2 -1  0  2	
 4652.452 -240.699
 -2  0  2  4  5  4  2 -1 -3 -5 -5 -5 -3 *  3  5  5  5  4  2 -2 -4 -5 -5 -4 -1  2	
  0  1  2  3  2  1  0 -1 -2 -2 -2 -2 -1 *  2  2  3  2  1 -1 -2 -3 -2 -2 -1  0  2	
 4652.452 -238.439
 -2  0  2  4  4  4  2 -1 -4 -5 -6 -5 -3 *  3  5  5  5  4  1 -2 -5 -5 -5 -4 -1  2	
 -1  1  2  2  2  1  0 -2 -2 -3 -3 -2 -1 *  2  2  3  2  1 -1 -2 -3 -2 -2 -1  0  2	
 4652.452 -236.179
 -2  0  2  4  4  4  2 -1 -4 -5 -6 -5 -3 *  4  5  6  6  4  2 -2 -5 -6 -6 -4 -1  2	
 -1  1  2  2  2  1  0 -2 -2 -2 -3 -2 -1 *  2  3  3  2  1 -1 -2 -3 -3 -2 -1  0  2	
 4652.452 -233.919
 -2  0  2  4  4  4  2 -1 -4 -6 -6 -6 -3 *  5  6  7  6  5  2 -2 -5 -6 -6 -4  0  3	
 -1  1  2  3  2  1 -1 -2 -2 -3 -3 -3 -1 *  3  3  3  3  1 -1 -2 -3 -3 -2  0  1  3	
 4653.992 -250.869
 -2  0  3  5  6  5  3  0 -3 -5 -6 -5 -3 *  2  4  5  4  3  0 -2 -5 -6 -5 -4 -1  1	
  0  1  3  3  3  2  0 -1 -2 -2 -3 -2 -1 *  2  2  2  2  0 -1 -2 -3 -3 -2 -1  0  2	
 4653.992 -248.609
 -2  0  3  5  6  5  3  0 -3 -5 -6 -5 -3 *  2  4  5  5  3  1 -2 -5 -5 -5 -4 -1  1	
  0  1  3  3  3  2  0 -1 -2 -2 -3 -2 -1 *  2  2  2  2  0 -1 -2 -3 -3 -2 -1  0  2	
 4653.992 -246.349
 -2  0  3  5  5  5  3  0 -3 -5 -6 -5 -3 *  3  4  5  5  3  1 -2 -4 -5 -5 -4 -1  2	
  0  1  2  3  3  2  0 -1 -2 -2 -2 -2 -1 *  2  2  2  2  1 -1 -2 -3 -2 -2 -1  0  2	
 4653.992 -244.089
 -2  0  3  5  5  4  2 -1 -3 -5 -5 -5 -3 *  3  4  5  5  4  1 -2 -4 -5 -5 -4 -1  1	
  0  1  2  3  3  1  0 -1 -2 -2 -2 -2 -1 *  2  2  3  2  1 -1 -2 -3 -2 -2 -1  0  2	
 4653.992 -241.829
 -2  0  3  5  5  4  2 -1 -3 -5 -5 -5 -3 *  3  5  5  5  4  2 -1 -4 -5 -5 -4 -1  2	
  0  1  2  3  2  1  0 -1 -2 -2 -2 -2 -1 *  2  2  3  2  1 -1 -2 -3 -2 -2 -1  0  2	
 4653.992 -239.569
 -3  0  2  4  5  4  2 -1 -4 -6 -6 -6 -3 *  3  5  6  6  4  2 -1 -5 -6 -6 -4 -1  2	
 -1  1  2  3  2  1  0 -2 -2 -3 -3 -3 -1 *  3  3  3  2  1 -1 -2 -3 -3 -2 -1  0  2	
 4653.992 -237.309
 -2  0  2  4  5  4  2 -1 -4 -6 -6 -6 -3 *  3  5  6  6  4  2 -2 -5 -6 -7 -5 -1  2	
 -1  1  2  3  2  1 -1 -2 -2 -3 -3 -3 -1 *  2  3  3  3  1 -1 -3 -3 -3 -2 -1  0  2	
 4653.992 -235.049
 -2  0  3  5  5  4  2 -1 -4 -5 -6 -5 -3 *  4  6  7  7  5  2 -2 -6 -7 -7 -5 -2  2	
  0  1  2  3  2  1  0 -2 -2 -3 -3 -3 -1 *  3  3  4  3  2 -1 -3 -3 -3 -2 -1  0  3	
 4653.992 -232.789
 -2  0  3  5  5  4  2 -1 -4 -6 -6 -6 -3 *  5  7  8  7  5  2 -2 -6 -7 -7 -5 -1  3	
  0  1  2  3  3  1  0 -2 -2 -3 -3 -3 -1 *  3  3  4  3  1 -1 -3 -4 -3 -2 -1  1  3	
 4655.532 -251.999
 -2  0  3  6  6  5  3  0 -3 -5 -6 -5 -3 *  3  4  5  4  3  1 -2 -4 -5 -5 -4 -1  1	
  0  1  3  4  3  2  0 -1 -2 -2 -2 -2 -1 *  2  2  2  2  0 -1 -2 -3 -3 -2 -1  0  2	
 4655.532 -249.739
 -2  0  3  5  6  5  3  0 -3 -5 -6 -5 -3 *  3  4  5  5  3  1 -2 -4 -5 -5 -4 -1  1	
  0  1  3  3  3  2  0 -1 -2 -2 -2 -2 -1 *  2  2  2  2  1 -1 -2 -3 -3 -2 -1  0  2	
 4655.532 -247.479
 -2  0  3  5  6  5  3 -1 -3 -5 -6 -5 -3 *  3  4  5  5  3  1 -2 -4 -5 -5 -4 -1  1	
  0  1  2  3  3  1  0 -1 -2 -2 -3 -2 -1 *  2  2  2  2  1 -1 -2 -3 -3 -2 -1  0  2	
 4655.532 -245.219
 -2  0  3  5  5  5  2 -1 -3 -5 -6 -5 -3 *  3  5  5  5  4  1 -2 -4 -5 -5 -4 -1  2	
  0  1  2  3  3  1  0 -1 -2 -3 -3 -2 -1 *  2  2  3  2  1 -1 -2 -3 -2 -2 -1  0  2	
 4655.532 -242.959
 -2  0  3  5  5  4  2 -1 -4 -5 -6 -5 -3 *  3  5  5  5  4  2 -2 -4 -5 -5 -4 -1  2	
  0  1  2  3  3  1  0 -1 -2 -3 -3 -2 -1 *  2  2  3  2  1 -1 -2 -3 -2 -2 -1  0  2	
 4655.532 -240.699
 -2  0  2  4  5  4  2 -1 -4 -6 -7 -6 -3 *  3  5  6  6  5  2 -1 -4 -5 -6 -4 -1  2	
  0  1  2  3  2  1  0 -2 -2 -3 -3 -3 -1 *  3  3  3  3  1  0 -2 -3 -2 -2 -1  0  2	
 4655.532 -238.439
 -2  1  4  6  6  5  2 -1 -4 -6 -7 -6 -3 *  3  6  7  7  5  2 -1 -5 -6 -6 -5 -2  2	
  0  1  3  4  3  1  0 -2 -2 -3 -3 -3 -1 *  3  3  3  3  1 -1 -2 -3 -3 -2 -1  0  3	
 4655.532 -236.179
 -2  1  4  6  6  5  2 -1 -4 -5 -6 -5 -3 *  3  6  7  7  5  2 -2 -5 -6 -7 -5 -2  2	
  0  1  3  4  3  1  0 -1 -2 -2 -2 -2  0 *  3  3  4  3  1 -1 -3 -3 -3 -2 -1  0  3	
 4655.532 -233.919
 -2  1  3  5  6  5  2 -1 -4 -6 -6 -5 -3 *  5  7  8  8  6  3 -1 -5 -7 -7 -5 -2  3	
  0  1  3  3  3  1  0 -1 -2 -3 -3 -2  0 *  3  3  4  3  2 -1 -3 -3 -3 -2 -1  0  3	
 4657.072 -250.869
 -2  0  3  6  6  5  3  0 -3 -5 -6 -5 -3 *  2  4  5  4  3  1 -2 -4 -5 -5 -4 -1  1	
  0  1  3  4  3  2  0 -1 -2 -2 -3 -2 -1 *  2  2  2  2  0 -1 -2 -3 -2 -2 -1  0  2	
 4657.072 -248.609
 -2  0  3  5  6  5  3  0 -3 -5 -6 -5 -3 *  3  4  5  5  3  1 -2 -4 -5 -5 -4 -1  2	
  0  1  3  3  3  2  0 -1 -2 -2 -3 -2 -1 *  2  2  2  2  1 -1 -2 -3 -2 -2 -1  0  2	
 4657.072 -246.349
 -2  0  3  5  6  5  2 -1 -3 -5 -6 -6 -3 *  3  5  5  5  4  1 -2 -4 -5 -5 -4 -1  2	
  0  1  2  3  3  1  0 -1 -2 -3 -3 -3 -1 *  2  2  3  2  1 -1 -2 -3 -2 -2 -1  0  2	
 4657.072 -244.089
 -3  0  3  5  5  5  2 -1 -4 -6 -7 -6 -4 *  3  5  6  6  4  2 -1 -4 -5 -5 -4 -1  2	
 -1  1  2  3  3  1  0 -2 -2 -3 -3 -3 -1 *  2  3  3  2  1 -1 -2 -3 -3 -2 -1  0  2	
 4657.072 -241.829
 -3  0  3  5  6  5  2 -1 -4 -6 -7 -6 -4 *  3  5  6  6  4  2 -2 -4 -6 -6 -4 -1  2	
 -1  1  2  3  3  1 -1 -2 -3 -3 -3 -3 -1 *  2  3  3  2  1 -1 -2 -3 -3 -2 -1  0  2	
 4657.072 -239.569
 -2  1  4  6  6  5  2 -1 -4 -6 -7 -6 -3 *  3  5  6  6  5  2 -1 -5 -6 -6 -5 -2  1	
  0  1  3  4  3  1 -1 -2 -3 -3 -3 -3 -1 *  2  3  3  3  1 -1 -2 -3 -3 -2 -1  0  2	
 4657.072 -237.309
 -2  1  4  6  6  5  2 -1 -4 -6 -6 -5 -3 *  3  5  6  6  5  2 -1 -5 -6 -6 -5 -2  1	
  0  1  3  4  3  1  0 -2 -2 -3 -3 -2 -1 *  2  2  3  3  1 -1 -2 -3 -3 -2 -1  0  2	
 4657.072 -235.049
 -2  1  4  6  6  5  2 -1 -4 -6 -6 -6 -3 *  3  6  7  7  5  3 -1 -5 -6 -7 -5 -2  2	
  0  1  3  3  3  1  0 -2 -2 -3 -3 -2  0 *  3  3  3  3  2  0 -2 -3 -3 -2 -1  0  3	
 4657.072 -232.789
 -2  1  4  6  6  5  2 -1 -4 -6 -7 -6 -3 *  4  7  8  8  6  3 -1 -5 -7 -7 -6 -2  2	
  0  1  3  4  3  1  0 -2 -2 -3 -3 -3  0 *  3  3  4  4  2  0 -3 -3 -3 -2 -1  0  3	
 4658.612 -251.999
 -2  0  3  6  6  5  3  0 -3 -5 -6 -5 -3 *  2  4  5  4  3  1 -2 -4 -5 -5 -4 -1  1	
  0  1  3  3  3  2  0 -1 -2 -2 -3 -2 -1 *  2  2  2  2  1 -1 -2 -3 -2 -2 -1  0  2	
 4658.612 -249.739
 -2  0  3  5  6  5  3 -1 -3 -5 -6 -5 -3 *  2  4  5  5  3  1 -2 -4 -5 -5 -4 -1  1	
  0  1  3  3  3  2  0 -1 -2 -2 -3 -2 -1 *  2  2  2  2  1 -1 -2 -3 -2 -2 -1  0  2	
 4658.612 -247.479
 -2  0  3  5  6  5  2 -1 -4 -6 -6 -6 -3 *  3  4  5  5  4  1 -1 -4 -5 -5 -4 -1  2	
  0  1  2  3  3  1  0 -1 -2 -3 -3 -3 -1 *  2  2  3  2  1 -1 -2 -2 -2 -2 -1  0  2	
 4658.612 -245.219
 -2  0  3  5  6  5  3 -1 -4 -6 -7 -6 -3 *  3  5  6  5  4  2 -1 -4 -5 -5 -4 -1  2	
  0  1  2  3  3  1  0 -2 -2 -3 -3 -3 -1 *  2  3  3  2  1  0 -2 -2 -2 -2 -1  0  2	
 4658.612 -242.959
 -3  0  3  6  6  5  3 -1 -4 -6 -7 -7 -4 *  4  6  6  6  5  2 -1 -4 -5 -5 -4 -1  2	
  0  1  3  4  3  1  0 -2 -3 -3 -3 -3 -1 *  3  3  3  3  1  0 -2 -3 -2 -2 -1  0  3	
 4658.612 -240.699
 -2  1  4  6  7  6  3 -1 -4 -6 -7 -6 -3 *  3  5  6  6  4  2 -2 -4 -5 -6 -4 -1  2	
  0  1  3  4  3  2  0 -2 -2 -3 -3 -3 -1 *  2  3  3  3  1 -1 -2 -3 -3 -2 -1  0  2	
 4658.612 -238.439
 -2  1  4  6  7  5  3 -1 -4 -6 -7 -6 -3 *  3  5  6  6  5  2 -1 -4 -6 -6 -4 -2  1	
  0  1  3  4  3  2  0 -2 -2 -3 -3 -3 -1 *  2  3  3  3  1 -1 -2 -3 -3 -2 -1  0  2	
 4658.612 -236.179
 -2  1  4  6  6  5  2 -2 -4 -7 -7 -6 -3 *  2  5  6  6  5  2 -1 -5 -6 -7 -5 -3  1	
  0  1  3  4  3  1 -1 -2 -3 -3 -3 -3 -1 *  2  2  3  3  1 -1 -3 -3 -3 -2 -1  0  2	
 4658.612 -233.919
 -2  1  4  6  7  5  2 -2 -5 -7 -7 -6 -3 *  3  6  7  7  6  3 -1 -5 -6 -7 -6 -3  1	
  0  1  3  4  3  1 -1 -2 -3 -3 -3 -3  0 *  2  3  4  3  2  0 -2 -3 -3 -2 -1  0  2	
 4700.152 -250.869
 -2  0  3  5  6  5  3 -1 -3 -5 -6 -6 -3 *  2  4  5  5  3  1 -2 -4 -5 -5 -3 -1  1	
  0  1  3  3  3  2  0 -1 -2 -3 -3 -2 -1 *  2  2  2  2  1 -1 -2 -2 -2 -2 -1  0  2	
 4700.152 -248.609
 -2  0  3  5  6  5  3 -1 -3 -5 -6 -6 -3 *  3  4  5  5  4  2 -1 -3 -4 -5 -3 -1  2	
  0  1  2  3  3  1  0 -1 -2 -3 -3 -3 -1 *  2  2  3  2  1 -1 -2 -2 -2 -2 -1  0  2	
 4700.152 -246.349
 -2  0  3  5  6  5  2 -1 -4 -6 -7 -6 -3 *  3  5  5  5  4  2 -1 -4 -5 -5 -3 -1  2	
  0  1  2  3  3  1  0 -2 -2 -3 -3 -3 -1 *  2  2  3  2  1  0 -2 -2 -2 -2 -1  0  2	
 4700.152 -244.089
 -2  0  3  6  6  5  2 -1 -4 -6 -7 -6 -3 *  3  5  6  5  4  2 -1 -4 -5 -5 -4 -1  2	
  0  1  3  3  3  1  0 -2 -3 -3 -3 -3 -1 *  2  3  3  2  1  0 -2 -2 -2 -2 -1  0  2	
 4700.152 -241.829
 -2  1  4  6  7  6  3 -1 -4 -7 -7 -7 -3 *  3  5  6  6  4  2 -1 -4 -5 -5 -4 -1  2	
  0  1  3  4  3  2  0 -2 -3 -3 -3 -3 -1 *  2  3  3  2  1 -1 -2 -3 -2 -2 -1  0  2	
 4700.152 -239.569
 -3  0  3  6  6  5  2 -2 -5 -7 -8 -7 -4 *  3  5  6  6  4  2 -1 -5 -6 -6 -4 -1  2	
  0  1  3  4  3  1 -1 -2 -3 -3 -3 -3 -1 *  2  3  3  3  1 -1 -2 -3 -3 -2 -1  0  2	
 4700.152 -237.309
 -3  0  3  6  7  5  2 -2 -5 -7 -8 -7 -4 *  3  5  6  6  4  2 -2 -5 -6 -6 -5 -2  1	
 -1  1  3  4  3  1 -1 -2 -3 -3 -3 -3 -1 *  2  2  3  3  1 -1 -2 -3 -3 -2 -1  0  2	
 4700.152 -235.049
 -2  1  4  6  7  6  3 -2 -5 -7 -8 -7 -4 *  2  5  6  6  5  2 -1 -5 -6 -7 -6 -3  1	
  0  1  3  4  3  1 -1 -2 -3 -3 -3 -3 -1 *  2  2  3  3  1 -1 -3 -3 -3 -2 -1 -1  2	
 4700.152 -232.789
 -2  2  4  7  7  6  2 -2 -5 -7 -8 -7 -3 *  2  5  7  7  6  3 -1 -5 -7 -8 -7 -4  0	
  0  1  3  4  3  1 -1 -2 -3 -3 -3 -3  0 *  2  3  4  3  2  0 -3 -3 -3 -3 -2 -1  2	
 4701.692 -251.999
 -2  0  3  5  6  5  3  0 -3 -5 -6 -6 -3 *  2  4  5  5  3  1 -1 -4 -5 -5 -3 -1  1	
  0  1  3  3  3  2  0 -1 -2 -2 -3 -2 -1 *  2  2  2  2  1 -1 -2 -2 -2 -2 -1  0  2	
 4701.692 -249.739
 -2  0  3  5  6  5  3 -1 -4 -6 -6 -6 -3 *  3  4  5  5  4  1 -1 -4 -5 -5 -3 -1  2	
  0  1  3  3  3  1  0 -1 -2 -3 -3 -3 -1 *  2  2  3  2  1  0 -2 -2 -2 -1 -1  0  2	
 4701.692 -247.479
 -3  0  3  5  6  5  3 -1 -4 -6 -7 -6 -4 *  3  4  5  5  4  2 -1 -4 -5 -5 -4 -1  2	
 -1  1  2  3  3  1  0 -2 -3 -3 -3 -3 -1 *  2  2  3  2  1  0 -2 -2 -2 -2 -1  0  2	
 4701.692 -245.219
 -3  0  3  6  6  5  3 -1 -4 -7 -7 -7 -4 *  3  5  5  5  4  2 -1 -4 -5 -5 -4 -1  2	
  0  1  3  4  3  1 -1 -2 -3 -3 -3 -3 -1 *  2  2  3  2  1  0 -2 -3 -2 -2 -1  0  2	
 4701.692 -242.959
 -3  1  4  6  7  6  3 -2 -5 -7 -8 -7 -4 *  3  5  6  5  4  2 -1 -4 -5 -5 -4 -1  2	
  0  1  3  4  3  1 -1 -2 -3 -3 -3 -3 -1 *  2  3  3  2  1 -1 -2 -3 -3 -2 -1  0  2	
 4701.692 -240.699
 -2  1  4  6  7  6  3 -2 -5 -7 -8 -7 -4 *  3  5  6  6  4  2 -1 -4 -6 -6 -5 -2  2	
  0  1  3  4  3  1 -1 -2 -3 -3 -3 -3 -1 *  2  3  3  2  1 -1 -2 -3 -3 -2 -1  0  2	
 4701.692 -238.439
 -2  1  4  7  7  6  3 -1 -4 -7 -8 -7 -4 *  3  5  6  6  5  2 -1 -4 -5 -5 -4 -1  2	
  0  1  3  4  3  2 -1 -2 -3 -3 -3 -3 -1 *  3  3  3  3  2 -1 -2 -3 -3 -2 -1  0  2	
 4701.692 -236.179
 -2  1  4  7  7  6  3 -2 -5 -7 -8 -7 -4 *  3  5  6  6  5  2 -2 -5 -6 -6 -5 -2  1	
  0  1  3  4  4  2 -1 -2 -3 -3 -3 -3 -1 *  2  3  3  3  1 -1 -3 -3 -3 -2 -1  0  2	
 4701.692 -233.919
 -2  1  4  7  7  6  3 -2 -6 -8 -9 -8 -4 *  2  5  6  7  6  3 -1 -5 -6 -7 -6 -3  0	
  0  1  3  4  3  1 -1 -3 -3 -4 -4 -3 -1 *  2  2  3  3  2  0 -2 -3 -3 -2 -1 -1  2	
 4703.232 -250.869
 -2  0  3  5  6  5  3 -1 -4 -6 -6 -6 -3 *  3  4  5  5  4  2 -1 -3 -4 -5 -3 -1  2	
  0  1  2  3  3  2  0 -1 -2 -3 -3 -3 -1 *  2  2  3  2  1  0 -1 -2 -2 -1 -1  0  2	
 4703.232 -248.609
 -2  0  3  5  6  5  3 -1 -4 -6 -7 -6 -3 *  3  5  6  5  4  2 -1 -3 -4 -4 -3 -1  2	
  0  1  3  3  3  2  0 -2 -2 -3 -3 -3 -1 *  2  3  3  2  1  0 -2 -2 -2 -1  0  0  2	
 4703.232 -246.349
 -3  0  3  6  6  5  3 -1 -4 -6 -7 -6 -3 *  3  5  6  5  4  2 -1 -4 -5 -5 -3 -1  2	
  0  1  3  4  3  2  0 -2 -3 -3 -3 -3 -1 *  2  3  3  2  1  0 -2 -2 -2 -2 -1  0  2	
 4703.232 -244.089
 -3  0  4  6  7  6  3 -2 -5 -7 -8 -7 -4 *  3  5  6  6  4  2 -1 -4 -5 -5 -4 -1  2	
 -1  1  3  4  3  1 -1 -2 -3 -4 -4 -3 -1 *  2  3  3  2  1 -1 -2 -3 -2 -2 -1  0  2	
 4703.232 -241.829
 -2  1  4  7  8  6  3 -2 -5 -7 -8 -7 -4 *  3  5  6  6  4  2 -1 -4 -6 -6 -5 -2  1	
  0  1  3  4  4  2 -1 -2 -3 -3 -3 -3 -1 *  2  3  3  2  1 -1 -2 -3 -3 -2 -1  0  2	
 4703.232 -239.569
 -2  1  4  7  7  6  3 -1 -5 -7 -8 -7 -3 *  3  5  6  6  5  2 -1 -4 -5 -5 -4 -1  2	
  0  1  3  4  4  2 -1 -2 -3 -3 -3 -3  0 *  2  3  3  3  2  0 -2 -3 -2 -2 -1  0  2	
 4703.232 -237.309
 -2  1  4  7  7  6  3 -2 -5 -8 -9 -7 -4 *  3  5  6  6  4  2 -2 -5 -6 -7 -5 -2  2	
  0  1  3  4  3  1 -1 -2 -3 -4 -4 -3 -1 *  2  2  3  2  1 -1 -2 -3 -3 -2 -1  0  2	
 4703.232 -235.049
 -2  1  5  7  8  6  3 -2 -5 -7 -8 -7 -4 *  3  5  6  6  5  2 -1 -5 -6 -6 -5 -2  1	
  0  1  3  4  4  2 -1 -2 -3 -4 -4 -3 -1 *  2  3  3  3  1 -1 -2 -3 -3 -2 -1  0  2	
 4703.232 -232.789
 -2  2  5  8  8  7  3 -2 -5 -8 -9 -8 -4 *  1  4  5  5  4  2 -2 -5 -6 -6 -5 -3  0	
  0  1  3  5  4  2 -1 -2 -3 -4 -4 -3  0 *  2  2  3  2  1 -1 -3 -3 -3 -2 -1 -1  1	
 4704.772 -251.999
 -2  0  3  5  6  5  3 -1 -3 -5 -6 -5 -3 *  2  4  5  5  4  2 -1 -3 -4 -4 -3 -1  1	
  0  1  3  3  3  2  0 -1 -2 -2 -3 -2 -1 *  2  2  2  2  1  0 -1 -2 -2 -1 -1  0  2	
 4704.772 -249.739
 -2  0  3  5  6  5  3 -1 -4 -6 -7 -6 -3 *  3  4  5  5  4  2  0 -3 -4 -4 -3 -1  2	
  0  1  3  3  3  1  0 -1 -2 -3 -3 -3 -1 *  2  2  3  2  1  0 -1 -2 -2 -1 -1  0  2	
 4704.772 -247.479
 -3  0  3  6  7  5  3 -1 -4 -7 -8 -7 -4 *  3  5  6  5  4  2 -1 -3 -4 -5 -3 -1  2	
  0  1  3  4  3  2  0 -2 -3 -3 -3 -3 -1 *  2  3  3  2  1  0 -2 -2 -2 -1  0  0  2	
 4704.772 -245.219
 -3  1  4  6  7  6  3 -1 -5 -7 -8 -7 -4 *  3  5  6  6  4  2 -1 -4 -5 -5 -4 -1  2	
  0  1  3  4  3  2  0 -2 -3 -3 -3 -3 -1 *  3  3  3  2  1  0 -2 -2 -2 -2 -1  0  2	
 4704.772 -242.959
 -3  1  4  7  8  6  3 -1 -5 -7 -8 -7 -4 *  3  5  6  5  4  2 -2 -4 -5 -5 -4 -2  1	
  0  1  3  4  4  2 -1 -2 -3 -3 -4 -3 -1 *  2  3  3  2  1 -1 -2 -3 -3 -2 -1  0  2	
 4704.772 -240.699
 -2  1  4  7  8  6  3 -2 -5 -7 -8 -7 -4 *  2  5  6  5  4  2 -2 -4 -6 -6 -5 -2  1	
  0  1  3  4  4  2 -1 -2 -3 -3 -3 -3 -1 *  2  2  3  2  1 -1 -2 -3 -3 -2 -1  0  2	
 4704.772 -238.439
 -2  2  5  8  8  7  3 -1 -5 -7 -8 -7 -3 *  2  4  6  6  4  2 -1 -4 -5 -5 -4 -2  1	
  0  2  4  5  4  2 -1 -2 -3 -3 -3 -3  0 *  2  2  3  2  1 -1 -2 -3 -2 -2 -1  0  2	
 4704.772 -236.179
 -1  2  5  8  8  7  3 -1 -4 -6 -7 -6 -2 *  3  5  6  6  5  3 -1 -3 -4 -5 -3 -1  2	
  1  2  4  5  4  2  0 -2 -2 -3 -3 -2  0 *  3  3  3  3  2  0 -2 -2 -2 -1 -1  0  2	
 4704.772 -233.919
 -2  1  4  7  7  6  2 -2 -5 -8 -9 -8 -4 *  2  4  5  5  4  2 -1 -4 -5 -5 -4 -2  1	
  0  1  3  4  3  1 -1 -2 -3 -4 -3 -3  0 *  2  2  3  3  1  0 -2 -2 -2 -2 -1  0  2	
 4706.313 -250.869
 -2  0  3  5  6  5  3 -1 -4 -6 -7 -6 -3 *  2  4  5  5  4  2  0 -3 -4 -5 -4 -1  1	
  0  1  2  3  3  1  0 -1 -2 -3 -3 -3 -1 *  2  2  3  2  1  0 -1 -2 -2 -1 -1  0  2	
 4706.313 -248.609
 -3  0  3  5  6  5  3 -1 -4 -7 -8 -7 -4 *  3  4  5  5  4  2  0 -3 -4 -5 -4 -1  2	
 -1  1  2  3  3  1  0 -2 -3 -3 -3 -3 -1 *  2  3  3  2  1  0 -1 -2 -2 -1 -1  0  2	
 4706.313 -246.349
 -3  1  4  7  7  6  3 -1 -4 -7 -8 -7 -4 *  3  5  6  6  4  2 -1 -4 -5 -5 -4 -1  2	
  0  1  3  4  3  2  0 -2 -3 -3 -3 -3 -1 *  2  3  3  2  1  0 -2 -3 -2 -2 -1  0  2	
 4706.313 -244.089
 -3  1  4  7  7  6  3 -1 -5 -7 -9 -7 -4 *  3  5  6  6  4  2 -1 -4 -5 -5 -4 -1  2	
  0  1  3  4  4  2  0 -2 -3 -3 -4 -3 -1 *  3  3  3  2  1 -1 -2 -3 -2 -2 -1  0  2	
 4706.313 -241.829
 -2  1  5  8  8  7  3 -1 -5 -7 -8 -7 -4 *  3  4  5  5  4  1 -2 -4 -5 -6 -4 -1  2	
  0  1  4  5  4  2  0 -2 -3 -3 -3 -3 -1 *  2  2  3  2  1 -1 -2 -3 -3 -2 -1  0  2	
 4706.313 -239.569
 -3  1  4  7  7  6  3 -2 -5 -8 -9 -8 -4 *  2  4  5  5  4  1 -2 -4 -5 -6 -4 -2  1	
  0  1  3  4  3  2 -1 -2 -3 -4 -4 -3 -1 *  2  2  2  2  1 -1 -2 -3 -3 -2 -1  0  2	
 4706.313 -237.309
 -2  2  5  7  8  7  3 -1 -4 -6 -7 -6 -3 *  2  4  5  5  4  1 -1 -4 -5 -5 -4 -2  1	
  0  1  3  5  4  2 -1 -2 -2 -3 -3 -2  0 *  2  2  3  2  1 -1 -2 -2 -2 -2 -1  0  1	
 4706.313 -235.049
 -2  1  4  6  7  5  2 -2 -5 -8 -9 -7 -3 *  3  4  5  5  4  2 -1 -4 -5 -5 -4 -1  2	
  0  1  3  4  3  1 -1 -3 -3 -4 -3 -3  0 *  2  2  3  2  1  0 -2 -2 -2 -1  0  0  2	
 4706.313 -232.789
 -3  2  6  9  9  7  3 -4 -8-11-13-11 -5 *  2  3  4  4  3  2 -1 -4 -6 -6 -5 -3  1	
  0  1  4  5  4  2 -2 -4 -5 -5 -5 -4 -1 *  2  2  3  2  1  0 -2 -3 -3 -2 -1  0  2	
 4707.852 -251.999
 -3  0  3  5  6  5  3 -1 -4 -6 -7 -6 -3 *  2  3  5  5  4  2  0 -3 -4 -5 -4 -2  1	
 -1  1  3  3  3  2  0 -1 -2 -3 -3 -3 -1 *  2  2  3  2  1  0 -1 -2 -2 -2 -1  0  2	
 4707.852 -249.739
 -3  0  3  6  6  5  3 -1 -4 -6 -7 -7 -4 *  2  4  6  6  5  3  0 -3 -4 -5 -4 -2  1	
  0  1  3  4  3  2  0 -2 -2 -3 -3 -3 -1 *  2  3  3  3  2  0 -1 -2 -2 -1 -1  0  2	
 4707.852 -247.479
 -2  1  4  7  7  6  3 -1 -4 -6 -7 -7 -3 *  3  5  6  6  5  3  0 -3 -5 -5 -4 -2  1	
  0  1  3  4  4  2  0 -2 -2 -3 -3 -3 -1 *  2  3  3  3  2  0 -2 -2 -2 -2 -1  0  2	
 4707.852 -245.219
 -3  1  4  7  7  6  3 -1 -4 -7 -8 -7 -4 *  3  5  6  6  4  2 -1 -4 -5 -6 -4 -1  2	
  0  1  3  4  4  2  0 -2 -3 -3 -3 -3 -1 *  3  3  3  2  1  0 -2 -3 -3 -2 -1  0  2	
 4707.852 -242.959
 -3  1  5  7  8  7  3 -1 -5 -7 -8 -7 -4 *  3  5  6  6  4  2 -2 -4 -5 -5 -3 -1  2	
  0  1  4  5  4  2  0 -2 -3 -3 -4 -3 -1 *  3  3  3  2  1 -1 -2 -3 -2 -2 -1  0  2	
 4707.852 -240.699
 -3  1  4  7  8  7  3 -1 -5 -7 -9 -8 -4 *  3  5  5  5  3  1 -2 -4 -5 -5 -4 -1  2	
  0  1  3  5  4  2  0 -2 -3 -3 -4 -3 -1 *  2  3  3  2  1 -1 -2 -3 -3 -2 -1  0  2	
 4707.852 -238.439
 -3  1  4  7  8  7  3 -2 -5 -8 -9 -7 -4 *  2  4  5  5  4  1 -2 -4 -5 -6 -4 -2  1	
  0  1  3  4  4  2 -1 -2 -3 -4 -4 -3 -1 *  2  2  3  2  1 -1 -2 -3 -3 -2 -1  0  2	
 4707.852 -236.179
 -2  1  4  7  7  6  3 -2 -6 -8 -9 -7 -4 *  2  4  5  5  4  2 -1 -4 -5 -6 -5 -2  1	
  0  1  3  4  3  1 -1 -3 -4 -4 -4 -3 -1 *  2  2  3  3  1  0 -2 -3 -3 -2 -1  0  2	
 4707.852 -233.919
 -2  3  6  8  9  7  3 -3 -7-10-11 -9 -4 *  3  5  6  6  5  2 -1 -4 -4 -4 -3  0  2	
  0  2  4  5  4  2 -1 -3 -4 -5 -4 -4  0 *  3  3  3  3  2  0 -2 -2 -2 -1  0  1  2	
 4709.392 -250.869
 -3  0  3  5  6  5  3 -1 -4 -6 -7 -7 -4 *  1  3  5  5  5  3  0 -2 -4 -5 -4 -2  0	
 -1  1  2  3  3  2  0 -2 -2 -3 -3 -3 -1 *  2  2  3  3  2  0 -1 -2 -2 -2 -1  0  2	
 4709.392 -248.609
 -2  1  4  7  7  6  3 -1 -4 -6 -7 -6 -3 *  2  4  5  6  5  3  0 -3 -4 -5 -4 -2  1	
  0  1  3  4  4  2  0 -1 -2 -3 -3 -3 -1 *  2  2  3  3  2  0 -1 -2 -2 -2 -1  0  2	
 4709.392 -246.349
 -2  1  4  7  7  6  3 -1 -3 -6 -7 -6 -3 *  2  5  6  6  5  3  0 -3 -4 -5 -4 -2  1	
  0  1  3  4  4  2  0 -1 -2 -2 -3 -2  0 *  2  3  3  3  2  0 -1 -2 -2 -2 -1  0  2	
 4709.392 -244.089
 -2  1  4  7  7  6  3 -1 -3 -6 -7 -6 -3 *  3  5  6  6  4  2 -1 -3 -4 -4 -3 -1  2	
  0  1  3  4  4  2  0 -1 -2 -3 -3 -3  0 *  3  3  3  3  1  0 -1 -2 -2 -1  0  0  2	
 4709.392 -241.829
 -3  1  4  7  7  6  3 -1 -5 -8 -9 -8 -4 *  4  5  5  5  3  1 -2 -4 -5 -4 -3  0  3	
  0  1  3  4  4  2  0 -2 -3 -4 -4 -4 -1 *  3  3  3  2  1 -1 -2 -2 -2 -1  0  1  3	
 4709.392 -239.569
 -2  1  5  8  9  7  4 -2 -6 -8 -9 -8 -4 *  2  4  5  5  3  1 -2 -5 -6 -6 -5 -2  1	
 -1  1  4  5  4  2 -1 -2 -3 -4 -4 -4 -1 *  2  2  3  2  1 -1 -2 -3 -3 -2 -1  0  2	
 4709.392 -237.309
 -2  2  5  8  8  7  3 -2 -5 -8 -9 -7 -3 *  2  4  5  6  4  2 -1 -5 -6 -7 -6 -3  0	
  0  1  4  5  4  2 -1 -2 -3 -4 -4 -3  0 *  1  2  3  2  1 -1 -2 -3 -3 -3 -2 -1  1	
 4709.392 -235.049
 -1  2  6  8  9  7  3 -1 -5 -7 -8 -6 -3 *  3  5  6  6  5  2 -1 -3 -5 -5 -5 -2  1	
  0  2  4  5  4  2  0 -2 -3 -3 -3 -3  0 *  2  3  3  3  2  0 -2 -2 -2 -2 -1  0  2	
 4709.392 -232.789
 -1  3  6  9  9  7  3 -2 -4 -7 -8 -6 -3 *  3  4  5  4  3  1 -1 -3 -4 -3 -2  0  2	
  1  2  4  6  5  2  0 -2 -2 -3 -3 -3  0 *  2  2  2  2  1 -1 -2 -2 -2 -1  0  0  2	
 4710.932 -251.999
 -3  0  3  5  6  5  3 -1 -4 -6 -8 -7 -4 *  1  3  4  5  4  2  0 -2 -4 -5 -5 -3  0	
 -1  1  2  3  3  1  0 -2 -3 -3 -3 -3 -1 *  1  2  2  2  1  0 -1 -2 -2 -2 -1 -1  1	
 4710.932 -249.739
 -2  0  4  6  7  6  3 -1 -3 -6 -7 -6 -3 *  1  3  4  5  5  3  0 -2 -4 -5 -5 -3  0	
  0  1  3  4  3  2  0 -1 -2 -3 -3 -3 -1 *  1  2  3  2  1  0 -1 -2 -2 -2 -1 -1  1	
 4710.932 -247.479
 -2  1  4  6  7  6  3 -1 -3 -6 -7 -6 -3 *  1  3  5  5  4  3  0 -2 -4 -5 -4 -2  0	
  0  1  3  4  3  2  0 -1 -2 -2 -3 -2 -1 *  1  2  2  2  1  0 -1 -2 -2 -2 -1  0  1	
 4710.932 -245.219
 -2  1  4  6  7  6  3 -1 -3 -5 -6 -5 -3 *  2  4  5  5  4  2  0 -2 -4 -4 -4 -2  1	
  0  1  3  4  3  2  0 -1 -2 -2 -3 -2 -1 *  2  2  3  2  1  0 -1 -2 -2 -1 -1  0  2	
 4710.932 -242.959
 -2  1  3  6  6  5  2 -2 -5 -8 -9 -7 -4 *  3  5  5  5  4  2  0 -3 -4 -4 -3 -1  2	
  0  1  3  3  3  1 -1 -2 -3 -3 -4 -3 -1 *  3  3  3  2  1  0 -1 -2 -2 -1  0  1  3	
 4710.932 -240.699
 -2  2  6  9  9  7  3 -2 -6 -9-10 -8 -4 *  3  5  5  4  3  1 -2 -4 -6 -6 -4 -2  2	
  0  2  4  5  5  2 -1 -3 -4 -4 -4 -4 -1 *  3  3  3  2  1 -1 -2 -3 -3 -2 -1  0  3	
 4710.932 -238.439
 -1  3  6  9 10  8  3 -2 -5 -7 -8 -7 -3 *  2  5  6  6  4  1 -2 -5 -6 -6 -5 -3  1	
  0  2  5  6  5  2 -1 -2 -3 -3 -3 -3  0 *  2  3  3  2  1 -1 -3 -3 -3 -2 -1 -1  2	
 4710.933 -236.179
 -1  2  5  8  8  7  3 -1 -4 -6 -7 -6 -2 *  2  4  5  5  4  1 -1 -4 -5 -5 -4 -2  0	
  0  2  4  5  4  2  0 -2 -2 -3 -3 -2  0 *  2  2  3  2  1 -1 -2 -2 -2 -2 -1 -1  2	
 4710.933 -233.919
  0  4  6  8  9  7  3  0 -3 -4 -5 -4 -1 *  2  4  5  5  4  2 -1 -2 -3 -2 -1  0  2	
  2  3  5  5  5  2  0 -1 -1 -2 -2 -1  1 *  2  2  2  2  1  0 -1 -1 -1 -1  0  0  1	
 4712.472 -250.869
 -3  0  3  6  7  6  3 -1 -4 -6 -7 -6 -4 *  0  2  4  5  4  3  0 -2 -4 -5 -5 -3 -1	
 -1  1  3  4  3  2  0 -2 -2 -3 -3 -3 -1 *  1  2  2  2  2  0 -1 -2 -2 -2 -1 -1  1	
 4712.472 -248.609
 -2  0  3  6  6  5  3 -1 -3 -6 -6 -6 -3 *  0  2  4  5  4  3  0 -2 -4 -5 -5 -3 -1	
  0  1  3  3  3  2  0 -1 -2 -3 -3 -2 -1 *  1  1  2  2  1  0 -1 -2 -2 -2 -1 -1  1	
 4712.472 -246.349
 -1  1  4  6  6  5  3 -1 -3 -6 -6 -5 -3 *  1  3  5  5  5  3  0 -2 -4 -5 -4 -3  0	
  0  1  3  3  3  2  0 -1 -2 -3 -3 -3 -1 *  1  2  3  3  2  0 -1 -2 -2 -2 -1  0  1	
 4712.472 -244.089
  0  2  3  5  5  4  2 -1 -3 -4 -4 -3 -1 *  2  3  5  5  5  3  1 -2 -3 -4 -3 -1  1	
  0  1  2  3  3  1  0 -1 -2 -2 -2 -2  0 *  1  2  3  2  2  1 -1 -2 -2 -1 -1  0  1	
 4712.472 -241.829
 -2  2  4  6  6  5  3 -4 -9-13-14-11 -5 *  3  4  4  3  2  1 -1 -4 -6 -6 -5 -2  2	
  0  1  2  3  3  1 -2 -4 -6 -6 -6 -5 -1 *  3  2  2  2  1  0 -2 -3 -3 -2 -1  1  3	
 4712.472 -239.569
 -1  4  8 11 11  8  3 -2 -5 -7 -8 -6 -3 *  2  4  5  5  3  1 -2 -4 -5 -5 -4 -2  1	
  1  3  5  7  5  2  0 -2 -3 -3 -3 -3  0 *  2  2  3  2  0 -1 -2 -3 -2 -2 -1  0  2	
 4712.472 -237.309
 -1  2  5  7  7  6  3 -1 -3 -5 -6 -5 -2 *  1  3  4  4  2  1 -1 -3 -3 -4 -3 -1  1	
  1  2  4  4  4  2  0 -1 -2 -2 -2 -2  0 *  1  2  2  1  0 -1 -1 -2 -2 -1 -1  0  1	
 4712.473 -235.049
 -1  2  4  5  6  5  2 -2 -4 -5 -5 -4 -2 *  1  2  3  3  2  1 -1 -2 -3 -4 -3 -2  0	
  0  1  3  3  3  1 -1 -1 -2 -2 -2 -2  0 *  1  1  1  1  0  0 -1 -2 -2 -1 -1 -1  1	
 4712.473 -232.789
 -1  1  3  4  5  4  1 -3 -5 -6 -7 -5 -2 *  2  3  3  3  3  2  1 -1 -2 -2 -2  0  1	
  0  1  2  3  2  1 -1 -2 -3 -3 -3 -2  0 *  2  2  2  1  1  1  0 -1 -1 -1  0  0  1	
 4714.012 -251.999
 -3  0  3  6  7  6  3 -1 -4 -6 -7 -7 -4 *  0  2  4  5  4  3  0 -2 -4 -5 -5 -3 -1	
 -1  1  3  4  3  2  0 -2 -2 -3 -3 -3 -1 *  1  1  2  2  1  0 -1 -2 -2 -2 -1 -1  1	
 4714.012 -247.479
 -2  0  3  5  6  5  3 -1 -3 -6 -7 -6 -3 *  0  2  4  6  5  3  1 -2 -4 -5 -5 -4 -1	
  0  1  2  3  3  2  0 -1 -2 -2 -3 -2 -1 *  1  2  3  3  2  1 -1 -2 -2 -2 -1 -1  1	
 4714.012 -245.219
 -2  1  4  6  6  5  3 -1 -3 -5 -6 -5 -3 *  1  3  5  6  5  4  1 -2 -4 -5 -6 -4 -1	
  0  1  3  3  3  2  0 -1 -2 -2 -2 -2 -1 *  1  2  3  3  2  1 -1 -2 -2 -2 -1 -1  1	
 4714.012 -242.959
 -2  2  4  6  6  5  2 -2 -5 -8 -9 -8 -4 *  4  6  7  8  7  4  2 -1 -4 -5 -4 -1  2	
  0  1  3  3  3  1  0 -2 -3 -4 -4 -4  0 *  3  4  4  4  3  1  0 -2 -2 -1  0  0  3	
 4714.013 -240.699
 -1  3  7  9  9  7  3 -2 -5 -8 -9 -7 -3 *  3  5  5  5  3  1 -1 -3 -4 -3 -2  1  2	
  0  2  5  6  5  2 -1 -2 -3 -4 -4 -3  0 *  3  3  3  2  1 -1 -2 -2 -2 -1  0  1  2	
 4714.013 -238.439
 -1  1  3  5  6  5  2 -2 -4 -5 -6 -4 -2 *  0  2  2  2  0 -2 -3 -4 -4 -4 -3 -2  0	
 -1  0  2  3  3  1 -1 -2 -2 -2 -2 -2 -1 *  1  1  1  0 -1 -2 -2 -3 -2 -2 -1 -1  0	
 4714.013 -236.179
 -2  1  3  4  4  3  1 -3 -5 -6 -7 -6 -3 *  1  2  3  3  3  1  0 -2 -3 -3 -3 -1  0	
  0  1  2  3  2  1 -1 -2 -3 -3 -3 -3 -1 *  1  1  2  1  1  0 -1 -1 -1 -1  0  0  1	
 4714.013 -233.919
 -2  1  3  5  5  4  1 -2 -4 -6 -7 -6 -3 *  1  2  3  3  2  1 -1 -1 -2 -2 -1  0  1	
  0  0  2  3  3  1 -1 -2 -3 -3 -3 -3 -1 *  1  2  2  1  0  0 -1 -1 -1 -1  0  0  1	
 4715.552 -250.869
 -3 -1  3  6  7  6  3 -1 -4 -6 -8 -7 -4 * -1  1  3  4  4  2  0 -2 -4 -5 -5 -3 -1	
 -1  1  3  4  3  2  0 -2 -2 -3 -3 -3 -1 *  0  1  2  2  1  0 -1 -2 -2 -2 -2 -1  0	
 4715.552 -248.609
 -3  0  3  5  6  5  3 -1 -3 -6 -7 -6 -4 * -1  1  3  4  4  3  1 -2 -4 -5 -6 -4 -2	
 -1  1  2  3  3  2  0 -1 -2 -3 -3 -2 -1 *  0  1  2  2  2  0 -1 -2 -2 -2 -2 -1  0	
 4715.553 -246.349
 -3  0  3  5  6  5  3 -1 -3 -6 -7 -6 -3 *  0  2  4  5  5  4  1 -1 -3 -5 -6 -4 -1	
  0  1  2  3  3  1  0 -1 -2 -2 -3 -2 -1 *  1  2  3  3  2  1 -1 -2 -2 -2 -2 -1  1	
 4715.553 -244.089
 -2  0  3  6  6  5  3 -1 -4 -6 -7 -6 -3 *  0  2  5  6  6  4  1 -1 -3 -5 -5 -4 -1	
  0  1  2  3  3  2  0 -2 -2 -3 -3 -2 -1 *  1  2  3  3  2  1 -1 -2 -2 -2 -1 -1  1	
 4715.553 -241.829
 -2  2  5  7  7  6  3 -1 -4 -6 -7 -6 -3 *  3  5  6  7  6  4  2 -1 -3 -4 -3 -1  2	
  0  1  3  4  3  2  0 -1 -2 -3 -3 -3  0 *  2  3  4  3  2  1  0 -1 -2 -1  0  0  2	
 4715.553 -239.569
 -1  2  5  7  7  6  3 -2 -5 -7 -7 -6 -2 *  3  4  4  3  2  0 -2 -3 -4 -3 -2  1  3	
  0  1  3  4  4  2 -1 -2 -3 -3 -3 -3  0 *  2  2  2  1  0 -1 -2 -2 -2 -1  0  1  2	
 4715.553 -237.309
 -1  1  4  6  6  5  1 -2 -4 -5 -6 -4 -2 *  1  2  3  2  1 -1 -3 -4 -5 -5 -4 -2  0	
  0  1  2  3  3  1 -1 -2 -3 -3 -3 -2 -1 *  1  1  1  0 -1 -2 -2 -3 -3 -2 -1 -1  1	
 4715.553 -235.049
 -2  0  2  3  4  3  1 -1 -2 -4 -4 -4 -2 *  1  2  3  3  2  1  0 -1 -2 -2 -2 -1  1	
 -1  0  1  2  2  1 -1 -1 -1 -2 -2 -2 -1 *  1  1  1  1  1  0  0 -1 -1 -1  0  0  1	
 4715.553 -232.789
 -2  1  3  4  5  4  1 -2 -4 -5 -6 -5 -3 *  1  1  2  1  1  0 -1 -1 -1 -1  0  0  1	
 -1  0  2  3  2  1 -1 -2 -2 -2 -2 -2 -1 *  1  1  1  0  0  0 -1 -1 -1  0  0  0  1	
 4717.092 -251.999
 -4  0  4  7  8  7  4  0 -4 -7 -9 -8 -5 *  0  2  3  4  3  2  0 -2 -4 -4 -3 -2  0	
 -1  1  3  4  4  2  0 -1 -3 -3 -4 -3 -1 *  1  1  2  2  1  0 -1 -2 -2 -1 -1  0  1	
 4717.092 -249.739
 -3  0  4  7  7  6  4  0 -4 -7 -9 -8 -4 * -2  0  2  4  4  3  0 -2 -4 -5 -6 -5 -3	
 -1  0  3  4  3  2  0 -2 -3 -3 -4 -3 -1 *  0  1  2  2  1  0 -1 -2 -2 -2 -2 -2  0	
 4717.092 -247.479
 -3  0  3  6  7  6  3  0 -3 -6 -7 -6 -4 * -2  0  3  6  6  4  2 -1 -4 -6 -7 -6 -3	
 -1  1  2  3  3  2  0 -2 -2 -3 -3 -3 -1 *  0  1  2  3  2  1 -1 -2 -3 -3 -2 -2  0	
 4717.093 -245.219
 -2  1  3  5  6  5  3 -1 -4 -6 -7 -6 -3 * -1  2  4  6  6  4  2 -1 -4 -6 -7 -5 -2	
  0  1  2  3  3  1  0 -2 -2 -3 -3 -3 -1 *  1  2  3  3  2  1 -1 -2 -2 -2 -2 -1  0	
 4717.093 -242.959
 -1  1  4  6  6  5  3 -1 -3 -5 -6 -5 -2 *  0  2  5  7  6  5  2 -1 -3 -5 -6 -4 -1	
  0  1  3  3  3  2  0 -1 -2 -2 -2 -2  0 *  1  2  3  3  2  1  0 -2 -2 -2 -2 -1  1	
 4717.093 -240.699
  0  2  4  6  6  5  2 -1 -4 -6 -6 -5 -2 *  3  4  6  6  5  4  1 -1 -3 -4 -3 -1  1	
  1  2  3  4  3  2  0 -1 -2 -2 -2 -2  0 *  2  3  3  3  2  1  0 -1 -2 -1  0  1  2	
 4717.093 -238.439
  0  2  4  5  5  4  1 -3 -4 -5 -5 -3  0 *  3  3  4  3  2  0 -1 -2 -3 -3 -1  1  2	
  1  2  3  4  3  1 -1 -2 -2 -2 -2 -2  1 *  2  2  2  1  0 -1 -1 -2 -1 -1  0  1  2	
 4717.093 -236.179
  0  1  2  3  3  2  0 -1 -2 -2 -3 -2 -1 *  2  4  5  4  2  0 -2 -3 -4 -5 -3 -1  1	
  0  1  2  2  2  0 -1 -1 -1 -1 -1 -1  0 *  2  2  2  1  0 -1 -2 -2 -2 -2 -1  0  2	
 4717.093 -233.919
 -1  0  0  0  1  0 -1 -3 -3 -3 -3 -2 -2 *  2  2  2  1  0 -1 -1 -1 -1 -1  1  1  2	
 -1  0  0  0  0 -1 -2 -2 -1 -1 -1 -1 -1 *  1  1  1  0  0  0  0  0  0  0  1  1  1	
 4718.633 -250.870
  1  6 11 13 12 10  5 -3 -7-10 -9 -6 -1 * -1  4  8  9  7  4 -1 -6 -9-11-11 -8 -3	
  1  3  6  7  6  3 -1 -4 -5 -5 -4 -3  0 *  1  3  5  4  3  0 -3 -5 -5 -4 -4 -3  0	
 4718.633 -248.609
 -1  2  5  8  8  7  4  0 -4 -7 -7 -6 -2 * -3  1  6  9  9  6  2 -2 -6 -9-10 -9 -4	
  0  1  3  4  4  2  0 -2 -3 -3 -3 -3  0 *  0  2  4  4  3  1 -1 -3 -4 -4 -4 -3 -1	
 4718.633 -246.349
 -1  1  3  4  5  4  2 -1 -3 -5 -5 -4 -2 * -2  1  4  6  7  5  3  0 -3 -6 -7 -6 -3	
  0  1  2  3  2  1  0 -1 -2 -2 -2 -2  0 *  0  1  3  3  3  1  0 -2 -2 -2 -2 -2  0	
 4718.633 -244.089
 -1  1  3  5  5  4  2 -1 -3 -5 -5 -5 -2 * -1  1  4  6  6  4  2  0 -3 -5 -6 -5 -2	
  0  1  2  3  2  1  0 -1 -2 -2 -2 -2  0 *  1  2  3  3  2  1  0 -1 -2 -2 -2 -1  1	
 4718.633 -241.829
 -1  1  3  5  5  4  2 -1 -3 -5 -5 -4 -2 * -1  1  3  4  4  3  1 -1 -3 -5 -5 -4 -2	
  0  1  2  3  2  1 -1 -2 -2 -2 -2 -2 -1 *  0  1  2  2  1  0 -1 -2 -2 -2 -2 -1  0	
 4718.633 -239.569
  0  2  4  6  6  4  2 -1 -3 -5 -6 -5 -2 *  1  3  4  5  5  3  2 -1 -2 -3 -3 -2  1	
  1  1  3  3  3  1  0 -1 -2 -2 -2 -2  0 *  2  2  3  3  2  1  0 -1 -1 -1  0  0  1	
 4718.633 -237.309
  0  2  4  5  5  4  2  0 -2 -3 -3 -2 -1 *  2  3  3  3  2  1  0 -2 -2 -3 -2  0  2	
  1  2  3  3  3  1  0  0 -1 -1 -1 -1  0 *  2  2  2  1  0  0 -1 -1 -1 -1  0  0  2	
 4718.633 -235.049
  1  2  3  3  3  3  1 -1 -2 -2 -2 -1  1 *  3  4  5  5  3  1  0 -2 -3 -3 -2  0  2	
  1  1  2  2  2  1  0  0 -1  0  0  0  1 *  2  2  2  2  1  0 -1 -1 -2 -1  0  0  2	
 4718.633 -232.789
  1  2  2  4  2  1  0 -3 -3 -4 -2 -1  1 *  3  3  0 -3 -2 -2 -2 -1  0  3  6  6  3	
  1  1  2  1  1  0 -1 -2 -2 -1 -1  0  1 *  1  0 -1 -1 -1 -1  0  0  1  2  3  2  1	
 4652.452 -231.658
 -2  0  3  5  5  4  2 -1 -4 -6 -6 -6 -3 *  5  7  7  6  5  2 -2 -6 -6 -6 -4  0  3	
  0  1  2  2  2  1  0 -1 -2 -2 -2 -2 -1 *  3  3  3  2  1 -1 -2 -3 -2 -2  0  1  3	
 4652.452 -229.398
 -2  0  3  5  5  5  2 -1 -4 -6 -6 -6 -3 *  5  6  7  6  4  1 -3 -6 -7 -6 -4  0  4	
  0  1  2  3  2  1  0 -1 -2 -2 -2 -2 -1 *  3  3  3  2  1 -1 -3 -3 -3 -2 -1  1  3	
 4652.452 -227.138
 -2  1  3  5  5  4  2  0 -3 -5 -6 -6 -3 *  4  6  7  6  4  0 -3 -5 -6 -6 -4 -1  3	
  0  1  2  2  2  1  0 -1 -2 -2 -2 -2  0 *  3  3  3  2  1 -1 -3 -3 -3 -2 -1  1  3	
 4652.452 -224.878
 -2  1  4  5  4  4  2  1 -1 -3 -5 -5 -3 *  3  5  7  6  3 -1 -3 -4 -5 -5 -3 -1  2	
  1  1  1  2  1  1  1  0 -2 -2 -2 -1  0 *  3  3  3  1  0 -1 -2 -2 -2 -2 -1  1  3	
 4652.452 -222.618
 -2  2  5  6  5  4  3  1 -1 -4 -5 -6 -4 *  2  5  6  6  3 -1 -3 -4 -5 -5 -3 -1  2	
  1  2  2  2  2  1  1  0 -2 -3 -2 -1  1 *  3  3  2  1  0 -1 -2 -2 -2 -2 -1  1  3	
 4652.452 -220.358
 -2  2  6  6  5  4  3  1 -1 -4 -6 -6 -4 *  3  5  6  4  2 -2 -4 -4 -5 -4 -3  0  2	
  1  1  2  2  2  1  1  0 -2 -3 -2 -1  1 *  3  3  2  1  0 -2 -3 -2 -2 -2 -1  1  3	
 4652.452 -218.098
 -3  3  7  7  6  4  3  1 -2 -5 -7 -7 -5 *  3  4  5  4  1 -2 -4 -4 -4 -4 -2  0  2	
  1  2  2  2  2  1  1  0 -2 -3 -3 -1  1 *  3  3  2  1  0 -1 -2 -2 -2 -2  0  1  2	
 4652.452 -215.838
 -2  3  7  7  6  4  2  1 -2 -5 -7 -7 -4 *  2  4  5  3  0 -3 -4 -4 -4 -4 -2  0  2	
  1  2  2  2  2  1  1 -1 -2 -3 -3 -1  1 *  3  3  2  1 -1 -2 -2 -2 -2 -2  0  1  3	
 4652.452 -213.578
 -2  3  7  7  5  3  2  1 -2 -5 -7 -7 -4 *  1  3  5  3  0 -3 -4 -4 -5 -4 -3 -2  0	
  1  2  2  2  2  1  0 -1 -2 -3 -3 -1  1 *  2  2  2  1 -1 -2 -3 -2 -2 -2 -1  1  2	
 4652.452 -211.318
 -1  2  4  4  4  2  2  1  0 -2 -4 -4 -2 *  2  2  4  3  1 -3 -5 -4 -5 -4 -2  0  1	
  1  1  1  1  1  1  1  0 -1 -1 -1  0  1 *  2  2  2  1  0 -2 -3 -2 -2 -2 -1  1  2	
 4653.992 -230.529
 -2  0  3  5  5  5  2 -1 -4 -6 -6 -6 -3 *  6  7  7  7  5  2 -3 -6 -7 -7 -4  0  4	
  0  1  2  3  2  1  0 -1 -2 -2 -3 -2 -1 *  3  3  3  2  1 -1 -3 -3 -3 -2 -1  1  3	
 4653.992 -228.268
 -2  0  3  5  5  5  2 -1 -3 -5 -6 -6 -3 *  5  7  7  6  4  1 -3 -6 -7 -7 -4  0  4	
  0  1  2  3  2  1  0 -1 -2 -2 -2 -2 -1 *  3  3  3  2  1 -1 -3 -3 -3 -2 -1  1  3	
 4653.992 -226.008
 -3  0  3  4  4  4  2  1 -2 -4 -5 -6 -4 *  4  6  7  6  4  0 -4 -5 -6 -6 -4 -1  3	
  0  1  1  2  1  1  1  0 -1 -2 -2 -1  0 *  3  3  3  2  0 -1 -3 -3 -3 -2 -1  1  3	
 4653.992 -223.748
 -3  1  4  5  5  4  3  1 -1 -4 -6 -6 -4 *  2  5  6  5  3 -1 -3 -4 -5 -5 -3 -1  1	
  1  1  1  2  1  1  1  0 -1 -2 -2 -1  0 *  3  3  2  1  0 -1 -2 -2 -2 -2 -1  1  3	
 4653.992 -221.488
 -3  1  5  5  5  4  3  2 -1 -4 -5 -6 -4 *  2  4  6  5  3 -1 -3 -4 -4 -4 -2 -1  1	
  1  1  2  2  2  1  1  0 -1 -2 -2 -1  0 *  3  3  2  1  0 -1 -2 -2 -2 -2 -1  1  3	
 4653.992 -219.228
 -3  2  5  6  5  4  3  2 -1 -4 -6 -6 -4 *  2  4  5  4  2 -2 -3 -4 -4 -4 -2  0  2	
  1  1  2  2  2  1  1  0 -2 -3 -2 -1  0 *  3  3  2  1  0 -1 -2 -2 -2 -2 -1  1  2	
 4653.992 -216.968
 -3  3  7  7  6  4  3  1 -2 -5 -7 -8 -5 *  2  3  4  3  1 -2 -4 -4 -4 -3 -2  0  1	
  1  2  2  2  2  2  1  0 -2 -3 -3 -1  0 *  2  2  2  1  0 -2 -2 -2 -2 -1  0  1  2	
 4653.992 -214.708
 -3  4  9  8  6  4  3  1 -2 -6 -9 -9 -5 *  1  2  3  2  0 -2 -3 -3 -3 -3 -1 -1  1	
  1  2  2  2  2  1  1 -1 -3 -4 -4 -1  1 *  2  2  1  0 -1 -2 -2 -2 -2 -1  0  1  2	
 4653.992 -212.448
  0  2  5  4  4  1  0 -1 -2 -4 -5 -4 -2 *  0  3  6  4  1 -2 -3 -3 -3 -3 -4 -4 -2	
  1  1  1  1  1  0  0 -1 -2 -3 -2 -1  1 *  2  2  2  1  0 -1 -2 -2 -2 -2 -2  0  2	
 4655.532 -231.659
 -2  1  3  5  6  5  2 -1 -4 -6 -6 -6 -3 *  5  8  8  8  6  2 -2 -6 -7 -7 -5 -1  3	
  0  1  2  3  2  1  0 -1 -2 -2 -2 -2  0 *  3  3  3  3  1 -1 -3 -3 -3 -2 -1  0  3	
 4655.532 -229.399
 -2  0  3  5  6  5  2 -1 -4 -6 -6 -6 -3 *  6  8  8  7  5  2 -3 -7 -8 -7 -5  0  4	
  0  1  2  3  2  1  0 -1 -2 -2 -3 -2 -1 *  3  3  4  3  1 -1 -3 -4 -3 -2 -1  1  3	
 4655.532 -227.138
 -3  0  3  4  5  4  2  0 -3 -5 -6 -6 -4 *  6  8  9  7  5  0 -4 -7 -8 -7 -5  0  5	
  0  1  2  2  2  1  0 -1 -2 -3 -3 -2 -1 *  4  4  4  2  1 -1 -3 -4 -4 -3 -1  1  4	
 4655.532 -224.878
 -3  1  4  5  5  4  2  0 -2 -5 -6 -6 -5 *  5  7  8  7  4 -1 -6 -7 -8 -7 -5  0  3	
  0  1  1  2  2  1  1 -1 -2 -3 -3 -1  0 *  5  5  4  2  0 -2 -4 -4 -4 -3 -2  1  4	
 4655.532 -222.618
 -4  0  4  4  4  4  3  1 -1 -4 -6 -7 -5 *  2  5  6  6  3 -1 -4 -5 -6 -5 -3  0  1	
  0  1  1  1  1  1  1  0 -1 -3 -3 -1  0 *  4  4  3  1  0 -2 -3 -3 -3 -2 -1  1  3	
 4655.532 -220.358
 -2  1  4  5  4  4  3  1 -1 -4 -6 -6 -4 *  2  4  5  5  3 -1 -3 -4 -4 -4 -3 -1  1	
  0  1  1  1  1  1  1  0 -1 -3 -2 -1  0 *  3  3  2  1  0 -1 -2 -2 -2 -2 -1  1  3	
 4655.532 -218.098
 -2  2  6  6  5  4  3  2 -2 -5 -7 -6 -4 *  1  3  4  3  1 -2 -3 -3 -3 -2 -1  0  1	
  0  1  1  2  2  2  1  0 -2 -3 -3 -1  0 *  2  2  2  1  0 -1 -2 -2 -1 -1  0  1  2	
 4655.532 -215.838
 -1  3  7  6  5  4  2  1 -2 -5 -6 -6 -3 *  0  3  6  4  1 -2 -3 -3 -3 -4 -4 -3 -1	
  1  2  2  2  2  1  1 -1 -2 -3 -3 -1  1 *  2  2  2  1  0 -1 -2 -2 -2 -2 -1  1  2	
 4655.532 -213.578
 -1  5  8  5  4  3  2  1 -2 -5 -6 -7 -3 *  0  2  5  2  0 -1 -2 -2 -2 -3 -3 -3 -2	
  1  2  2  2  1  1  0 -1 -2 -3 -3 -1  1 *  2  2  1  0  0 -1 -1 -1 -1 -2 -1  0  1	
 4655.532 -211.318
 -1  3  4  3  2  1  0  0 -1 -2 -3 -3 -2 * -1  2  5  3  1  1  1  0  0 -1 -2 -3 -2	
  0  1  1  1  1  0  0  0 -1 -1 -1  0  0 *  1  1  1  1  0  0  0  0  0 -1 -1  0  1	
 4657.072 -230.529
 -2  1  4  6  6  5  2 -1 -4 -6 -7 -6 -3 *  5  8  8  8  6  2 -2 -6 -8 -8 -6 -1  3	
  0  1  2  3  2  1  0 -1 -2 -2 -3 -2  0 *  3  3  4  3  1 -1 -3 -3 -3 -2 -1  0  3	
 4657.072 -228.269
 -2  1  3  5  6  5  2 -1 -4 -6 -7 -6 -3 *  6  9  9  8  5  2 -3 -7 -8 -8 -6 -1  4	
  0  1  2  3  2  1  0 -1 -2 -3 -3 -2  0 *  4  4  4  3  1 -1 -3 -4 -3 -3 -1  0  3	
 4657.072 -226.009
 -2  1  3  4  4  3  2  0 -2 -5 -6 -5 -3 *  7 10 10  8  5 -1 -6 -8 -9 -8 -5  0  6	
  0  1  1  2  2  1  0 -1 -2 -3 -2 -1  0 *  6  6  5  3  1 -2 -4 -5 -5 -4 -2  1  5	
 4657.072 -223.748
 -3 -1  1  2  3  3  2  1 -1 -3 -4 -5 -4 *  8 10 10  8  4 -3 -9-10-10 -7 -3  4  7	
 -1 -1  0  1  1  1  1  0 -1 -2 -2 -2 -1 *  7  7  5  2  0 -3 -6 -6 -5 -3 -1  3  7	
 4657.072 -221.488
 -2  2  4  4  4  3  1 -1 -4 -5 -6 -6 -4 *  1  3  6  6  3 -3 -6 -6 -5 -4 -2 -1  0	
  0  0  1  2  2  1  0 -2 -3 -4 -3 -2 -1 *  3  4  3  1 -1 -3 -3 -3 -2 -1  0  1  3	
 4657.072 -219.228
 -1  1  4  4  4  3  1 -1 -3 -5 -4 -3 -2 *  1  5  8  6  3 -2 -5 -5 -6 -6 -5 -3 -1	
  0  1  1  2  1  1  0 -1 -3 -3 -2 -1  0 *  4  4  2  1 -1 -2 -3 -3 -3 -3 -2  1  4	
 4657.072 -216.968
  0  2  5  5  5  4  1 -1 -3 -5 -5 -4 -1 *  0  1  2  3  1 -2 -2 -2 -3 -3 -2 -1  0	
  1  2  2  2  2  1  0 -1 -3 -3 -2  0  1 *  1  1  1  0 -1 -1 -1 -1 -2 -2 -1  0  1	
 4657.072 -214.708
  0  0  9  5  3  3  1 -1 -4 -5 -6 -1  2 *  0  0 10  4  1  0 -1 -2 -3 -5 -8 -6 -1	
  2  2  2  2  1  1  0 -2 -3 -3 -2  1  3 *  2  2  1  1  0  0 -1 -1 -3 -4 -3  1  2	
 4657.072 -212.448
  1  0 -8 -2 -1 -1 -1 -1 -1 -1  0  3  2 *  0  0 15  5  2  2  1  1  0 -1 -3 -5 -1	
  0  0 -1  0 -1  0  0 -1 -1  0  1  1  0 *  1  2  1  1  1  1  0  0  0 -1 -2 -1  1	
 4657.072 -207.928
  5  3 -6 -4 -1 -1 -2 -2 -2  0  1  4  5 *  4  3-10-14-11 -7 -2 -1  1  6  9  8  6	
 -2 -1 -1 -1 -1 -1 -1 -1  0  1  1  2 -1 * -5 -5 -4 -3 -3 -2 -1  1  3  5  5  3 -3	
 4657.073 -205.668
  2  1 -8 -2 -1 -2 -2 -1 -1  0  1  2  2 *  0  0 -4-10 -8 -5 -2 -1  0  4  7  6  2	
 -1 -1 -1 -1 -1 -1 -1 -1  0  0  1  1 -1 * -3 -3 -2 -2 -2 -1  0  1  2  3  4  2 -2	
 4658.612 -231.659
 -1  2  4  6  7  5  2 -2 -4 -7 -7 -6 -3 *  4  7  8  8  6  3 -1 -5 -7 -8 -6 -3  2	
  0  1  3  3  3  1 -1 -2 -2 -3 -3 -2  0 *  3  3  3  3  2  0 -2 -3 -3 -2 -1  0  2	
 4658.612 -229.399
 -1  2  4  6  6  5  2 -1 -4 -7 -7 -6 -3 *  5  8  8  8  6  3 -2 -6 -7 -8 -6 -2  3	
  0  1  2  3  2  1  0 -2 -2 -3 -3 -2  0 *  3  3  4  3  1 -1 -3 -3 -3 -2 -1  0  3	
 4658.612 -227.139
 -1  2  5  6  6  4  1 -1 -4 -6 -7 -6 -3 *  5  8  9  8  6  1 -3 -6 -8 -8 -6 -2  2	
  1  2  2  3  2  1  0 -1 -2 -3 -3 -2  0 *  4  4  4  3  1 -1 -3 -4 -4 -3 -2  0  3	
 4658.612 -224.879
  1  4  6  6  4  3  0 -1 -4 -6 -6 -5 -1 *  7 10 10  9  5 -1 -6 -8 -9 -8 -5  0  5	
  2  2  2  2  1  1 -1 -2 -3 -4 -3 -1  2 *  6  7  5  3  1 -2 -4 -5 -5 -4 -2  1  5	
 4658.612 -222.619
  3  5  6  5  4  2 -1 -2 -5 -7 -6 -3  1 *  7  7  8  7  3 -5-10-10 -9 -7 -2  4  6	
  3  2  2  2  1  0 -2 -3 -4 -4 -2  1  3 *  7  6  4  1 -1 -5 -7 -6 -5 -3  0  4  7	
 4658.612 -220.358
  1 -4 -3  0  1  0 -1 -2 -3 -4  0  4  2 *  1  1  2  1 -1 -5 -5 -4 -4 -4 -1  1  1	
  0  0  0  0  0 -1 -1 -2 -3 -2  0  1  0 *  2  2  0 -1 -2 -2 -2 -2 -2 -1  0  1  2	
 4658.612 -218.098
 -1  4 10  6  4  4  3  1  0 -2 -6 -7 -3 * -1  3  6  3  1 -3 -4 -4 -4 -3 -4 -5 -3	
  2  2  2  2  2  1  1  0 -1 -2 -3 -1  1 *  2  2  1  0 -1 -2 -2 -2 -1 -2 -2  0  1	
 4658.612 -213.578
  2  1  1  1 -5 -2 -1  0  0  6  8  3  2 *  0  0  1  0  0  1  1  1  1  2  2  1  1	
  1  0 -6 -3 -1  0  1  1  3  5  2  1  1 *  0  0 -2  0  0  0  0  1  1  2  1  1  0	
 4658.612 -211.318
  0  0  0  4  3 -1 -3 -2 -3 -6 -2  1  0 *  0  0  1-11-10 -3  2  2  5 11  7  0  0	
  0  0  1  0  0 -1 -2 -2 -2 -2  0  0  0 *  0 -3 -3 -3 -2  0  2  3  5  6  2  0  0	
 4658.612 -209.058
  8  7 -8  1  3 -1 -4 -3 -4 -7 -6  6 11 *  1  2  0  0 -4 -1  2  2  3  5  2  0  1	
 -2  0  0  0  0 -1 -2 -3 -4 -4 -2  4  0 *  0  0  0  0  0  1  2  2  2  2  0  0  0	
 4658.612 -206.798
 10 -2-12-12 -5 -3 -3 -2 -2  0  4 10 11 * 11 -3-15-21-12 -6 -1 -1  1  6 11 14 14	
 -4 -4 -3 -2 -2 -2 -1 -1  0  1  4  4 -2 * -7 -8 -5 -4 -3 -2  0  1  3  5  7  5 -4	
 4658.613 -204.538
 -6  2 12 11  2 -1 -2 -2 -2 -4 -7-11 -9 *  1 -2-10-18-12 -5 -1 -1  1  6 10  9  4	
  6  5  2  1  0 -1 -1 -2 -2 -3 -5 -4  4 * -7 -6 -5 -4 -3 -1  0  1  3  5  6  3 -4	
 4700.152 -230.529
 -1  2  5  7  7  6  2 -2 -5 -7 -8 -7 -3 *  3  6  7  8  6  3 -1 -5 -7 -8 -7 -4  1	
  0  1  3  3  3  1 -1 -2 -2 -3 -3 -2  0 *  2  2  3  3  2  0 -2 -3 -3 -2 -1 -1  2	
 4700.152 -228.269
 -1  3  6  7  7  5  2 -2 -5 -7 -8 -7 -3 *  2  6  7  7  6  3 -1 -5 -7 -8 -7 -4  0	
  1  2  3  3  3  1 -1 -2 -3 -3 -3 -2  0 *  2  3  3  3  2  0 -2 -3 -3 -3 -2 -1  2	
 4700.152 -226.009
  0  4  7  7  6  3  0 -2 -4 -7 -7 -5 -2 *  3  7  9  9  6  1 -3 -6 -7 -8 -6 -3  1	
  2  3  3  2  2  1 -1 -2 -3 -4 -3 -1  2 *  4  5  4  3  1  0 -3 -3 -4 -4 -3  0  3	
 4700.152 -223.749
  2  7 10  9  6  3 -1 -3 -6 -8 -8 -5  0 *  5  9 10  8  5 -1 -6 -7 -8 -7 -5 -1  4	
  4  4  3  3  2  0 -2 -3 -4 -5 -4  0  3 *  6  6  4  2  1 -2 -4 -4 -4 -4 -2  1  5	
 4700.152 -221.488
  3  8 10  9  6  2 -2 -3 -6 -9 -9 -6  0 *  4  5  4  4  2 -4 -8 -8 -7 -6 -3  1  3	
  5  5  4  3  1  0 -2 -3 -4 -5 -4  0  4 *  4  3  2  0 -1 -3 -4 -4 -3 -2 -1  2  4	
 4700.152 -219.228
  1  3  6  5  4  0  0  0 -1 -3 -4 -1  0 *  3  4  3  4  1 -7 -9 -8 -7 -5  0  3  3	
  3  3  2  1  0 -1 -1 -1 -2 -2 -1  2  3 *  5  4  2 -1 -3 -5 -5 -4 -3 -2  1  4  6	
 4700.152 -212.448
  2  2  1  1  1 -1 -2 -1 -1 -2 -1  0  1 *  0 -3 -8-14-11 -1  5  4  7 12 10  6  2	
  2  1  0  0  0 -1 -1 -1 -1 -1  0  1  2 * -5 -5 -4 -3 -2  1  3  4  5  6  4  0 -4	
 4700.153 -210.188
  1  3  3  4  3 -1 -3 -3 -3 -3 -2 -1  0 *  1 -1 -4-11-10 -3  2  2  5  8  7  3  1	
  3  2  1  1  0 -1 -2 -2 -1 -1 -1  1  3 * -3 -4 -3 -3 -2  0  2  3  3  4  3  0 -2	
 4700.153 -207.928
  0  0  1  8  7  1 -2 -2 -3 -4  0  2  0 *  0  0 -9-17-13 -4  2  3  6 13 14  5 -1	
  4  4  2  2  1  0 -2 -2 -2 -1  1  3  4 * -6 -6 -4 -4 -2  0  2  4  6  8  6  0 -5	
 4700.153 -205.668
  3  2  2  2  3  1  0 -1 -1 -2  1  3  3 *  9 -8-15-21-14 -6 -1 -1  1  8 16 19 14	
  1  1  1  1  1  0  0 -1 -1 -1  1  2  2 * -9 -9 -6 -5 -4 -2  0  1  3  7 10  7 -6	
 4700.153 -203.408
 -2  2  6  4  2  0 -1 -2 -2 -5 -7 -6 -3 * -1  1  1 -2 -6 -4 -1 -1  1  5  3 -1 -1	
  2  1  1  1  1  0 -1 -1 -2 -3 -4 -1  2 *  0  0 -1 -1 -1 -1  0  1  2  2  1  0  0	
 4701.692 -231.659
 -2  2  5  8  8  6  3 -2 -5 -8 -9 -7 -4 *  1  4  6  7  6  3 -1 -5 -6 -7 -7 -4  0	
  0  1  3  4  3  1 -1 -2 -3 -3 -3 -2  0 *  2  2  3  3  1  0 -2 -3 -3 -2 -2 -1  1	
 4701.692 -229.399
 -2  2  6  8  8  7  3 -2 -5 -8 -9 -7 -3 *  1  4  6  7  6  3 -1 -4 -6 -7 -7 -5 -1	
  0  1  3  4  3  1 -1 -2 -3 -3 -3 -2  0 *  1  2  3  3  2  0 -2 -3 -3 -2 -2 -1  1	
 4701.692 -227.139
 -1  3  7  8  8  5  2 -2 -5 -7 -8 -7 -3 *  1  4  7  7  6  3 -1 -4 -6 -7 -7 -5 -1	
  1  2  3  3  3  1 -1 -2 -3 -3 -3 -2  1 *  2  3  3  3  2  0 -2 -3 -3 -3 -2 -1  1	
 4701.692 -224.879
  0  6 10 10  8  4  0 -2 -5 -8 -8 -6 -2 *  3  6  8  8  6  1 -3 -5 -6 -7 -6 -3  1	
  3  4  3  3  2  0 -1 -2 -4 -5 -4 -1  2 *  4  4  4  2  1  0 -2 -3 -3 -3 -3  0  3	
 4701.692 -222.619
  0  6 10 10  7  3 -1 -2 -4 -6 -7 -6 -3 *  4  6  7  6  4  0 -4 -4 -3 -2 -1  1  3	
  4  4  3  3  2  0 -2 -2 -3 -4 -3  0  3 *  4  4  3  2  1 -1 -2 -3 -2 -1  0  2  4	
 4701.692 -220.359
  6 14 17 16 11  2 -8-10-13-17-15 -9  1 *  4  7  6  6  4 -3 -8 -9-10-10 -7 -3  3	
 10  8  6  4  2 -2 -6 -8 -9-10 -7  1  9 *  5  4  2  1 -1 -3 -5 -5 -5 -5 -3  2  5	
 4701.692 -218.098
  1  0  0  2 -1 -9-12-11-12-12 -7 -1  2 * -1 -2 -1  1  0 -4 -5 -5 -5 -5 -2  0  0	
  3  0 -1 -2 -3 -6 -7 -7 -6 -6 -3  4  4 *  0  1  0  0 -1 -2 -3 -3 -3 -2 -1  1  0	
 4701.693 -213.578
  0  5  6  8  7 -1 -6 -5 -7 -9 -8 -5 -1 *  0 -6-10-11 -8 -1  4  4  6  9  9  6  2	
  4  4  2  2  1 -1 -3 -4 -4 -5 -4  0  4 * -6 -5 -3 -2 -1  1  3  3  4  5  4  0 -5	
 4701.693 -211.318
 -1  5  8 10  8  2 -2 -2 -5 -8 -9 -6 -3 *  2 -3 -8-12-10 -4  1  1  4  8  9  6  3	
  4  4  3  2  1  0 -2 -3 -4 -5 -4 -1  3 * -4 -5 -4 -3 -2 -1  1  2  3  4  4  1 -3	
 4701.693 -209.058
 -3  5 11 12 10  3 -1 -2 -4 -9-11 -9 -5 *  1 -2 -5 -9 -8 -3  0  1  3  6  6  4  2	
  5  5  4  3  2  0 -1 -2 -4 -6 -6 -2  4 * -3 -3 -3 -2 -2 -1  1  2  2  3  3  1 -2	
 4701.693 -206.798
 -3  4  9 10  8  3  0 -1 -3 -7-10 -9 -6 *  3 -2 -7-10 -8 -3  0  0  2  7  9  8  5	
  4  4  3  2  2  0 -1 -2 -3 -5 -5 -3  3 * -4 -4 -3 -2 -2 -1  0  2  3  4  5  2 -2	
 4701.693 -204.538
  0  2  4  4  4  2  0 -1 -2 -4 -3 -2  0 *  5 -1 -7-11 -9 -4 -1 -1  1  5  9 10  7	
  2  2  1  1  1  0 -1 -1 -2 -2 -2  0  2 * -3 -4 -3 -3 -2 -1  0  1  2  3  5  3 -1	
 4701.693 -202.278
 -1 -1  5  5  6  2  0 -1 -2 -5 -4 -3 -1 *  1 -1 -1 -4 -4 -1  0  0  1  4  5  4  2	
  2  2  2  2  1  0 -1 -2 -2 -3 -2  0  2 * -1 -1 -2 -1 -1  0  0  1  2  3  2  1 -1	
 4701.693 -200.018
 -2 -2 -1  0  9  3  0 -1 -2 -6 -4 -1 -2 *  1  1  1 -5 -6 -2  0  0  2  5  2  0  1	
  0  2  1  2  0  0 -1 -1 -2 -1 -1  0 -1 *  0 -1 -2 -2 -2  0  1  1  2  2  0  0  0	
 4703.232 -230.529
 -2  2  6  9  9  7  3 -2 -6 -8 -9 -8 -4 *  1  3  5  6  5  3 -1 -5 -6 -7 -7 -5 -1	
  0  1  3  4  3  1 -1 -2 -3 -3 -3 -3  0 *  1  2  2  2  1  0 -2 -3 -3 -2 -2 -1  1	
 4703.232 -228.269
 -2  3  6  9  9  7  2 -2 -5 -8 -9 -7 -4 *  0  3  5  7  6  3  0 -4 -6 -7 -7 -5 -2	
  1  2  3  4  3  1 -1 -2 -3 -3 -3 -2  0 *  1  2  3  3  2  0 -2 -3 -3 -3 -2 -1  1	
 4703.232 -226.009
 -2  4  9 10  9  5  1 -2 -5 -9-10 -8 -4 * -1  4  7  7  6  3 -1 -3 -5 -7 -7 -5 -2	
  2  3  4  3  2  1 -1 -2 -3 -5 -4 -2  2 *  2  3  3  2  2  0 -1 -2 -3 -3 -3 -1  1	
 4703.232 -223.749
  0  7 12 12  9  4 -1 -3 -7-11-11 -8 -3 *  0  6  9  8  6  2 -2 -4 -6 -8 -8 -5 -2	
  4  5  4  3  2  0 -2 -3 -5 -6 -5 -1  3 *  3  4  4  2  1  0 -2 -3 -4 -4 -4 -2  2	
 4703.232 -221.489
  6  9  9  7  3 -2 -6 -6 -8-10 -8 -3  3 *  1 -2 -3  0  1  1 -2 -2 -1  0  1  2  1	
  7  5  2  0 -1 -3 -4 -5 -5 -5 -3  3  7 * -1 -1 -1  0  0 -1 -1 -1  0  0  1  1 -1	
 4703.232 -219.229
  2  4  3  2  1 -3 -6 -6 -8-10 -8 -5 -1 *  3 -2 -1  1 -1 -2 -3 -3 -2  1  4  6  4	
  4  1  0 -1 -1 -2 -4 -5 -5 -5 -4  1  4 *  0  0  0  0 -1 -1 -2 -1  0  1  2  2  1	
 4703.232 -216.968
  1 10 13 13 10  0 -6 -7-10-15-14 -9 -3 *  0  1  0 -1 -1 -2 -3 -3 -2 -2 -1 -1  0	
  8  7  5  3  1 -2 -4 -6 -7 -8 -7 -1  6 *  1  1  0 -1 -1 -2 -2 -1 -1 -1 -1  0  1	
 4703.233 -214.708
  0 10 16 17 14  4 -4 -4 -8-14-15-10 -4 *  2 -4 -7 -8 -6 -2  1  1  4  7  8  7  4	
  8  8  6  5  3  0 -3 -4 -6 -8 -7 -1  6 * -3 -3 -2 -2 -1  0  1  2  3  4  4  1 -2	
 4703.233 -212.448
 -2  5 11 13 12  5 -1 -2 -5-10-11 -8 -4 *  2 -3 -7 -9 -8 -3  0  1  3  7  8  6  4	
  5  5  4  4  3  1 -1 -2 -4 -5 -5 -1  3 * -3 -4 -3 -2 -2  0  1  2  3  4  4  1 -2	
 4703.233 -210.188
 -4  5 11 14 12  5  0 -1 -4-10-12-11 -6 *  3 -2 -7-10 -8 -4  0  0  3  7  8  7  4	
  5  6  4  4  3  1 -1 -2 -4 -6 -6 -2  3 * -3 -4 -3 -3 -2 -1  0  1  2  4  4  2 -2	
 4703.233 -207.928
 -3  4 10 12 11  4  0 -1 -3 -8-10 -9 -5 *  2 -3 -7 -9 -8 -3  0  0  2  6  7  6  3	
  5  5  4  3  2  1 -1 -2 -3 -5 -5 -2  3 * -3 -3 -3 -2 -2 -1  0  1  2  3  4  1 -2	
 4703.233 -205.668
 -4  2  8 11 10  4  1  0 -2 -6 -9 -9 -6 *  4 -1 -6 -9 -8 -4 -1 -1  1  5  7  7  5	
  3  4  3  3  2  1  0 -1 -2 -4 -5 -2  2 * -3 -3 -3 -2 -2 -1  0  1  2  3  4  2 -1	
 4703.233 -203.408
 -2  3  8  9  8  4  1  0 -2 -6 -8 -7 -4 *  1 -1 -2 -4 -4 -1  0  0  1  3  3  3  2	
  3  4  3  3  2  1  0 -1 -2 -4 -4 -2  2 * -1 -2 -1 -1 -1  0  0  1  1  2  2  1 -1	
 4703.233 -201.148
  0  0  5  6  6  2  0 -1 -2 -5 -6 -4 -1 *  0  0 -1 -2 -2  0  1  1  1  2  2  0  0	
  2  2  2  2  1  0 -1 -1 -2 -3 -3 -1  1 * -1 -1 -1 -1 -1  0  0  1  1  1  1  0 -1	
 4704.772 -231.659
 -2  2  6  9  9  7  3 -3 -6 -9-10 -8 -4 *  1  3  5  5  4  2 -2 -5 -6 -7 -6 -4 -1	
  0  1  3  4  4  1 -1 -2 -3 -3 -3 -3  0 *  1  2  2  2  1 -1 -2 -3 -3 -2 -1 -1  1	
 4704.772 -229.399
 -2  3  6  9  9  7  2 -2 -5 -8 -9 -7 -3 *  0  3  5  6  5  3 -1 -4 -6 -7 -7 -5 -1	
  0  1  3  4  3  1 -1 -2 -3 -3 -3 -2  0 *  1  1  2  2  1  0 -2 -3 -3 -2 -2 -1  1	
 4704.772 -227.139
 -2  3  7  9  9  6  2 -2 -5 -8 -9 -8 -4 *  0  3  5  6  6  3  0 -3 -5 -6 -7 -5 -2	
  1  2  3  4  3  1 -1 -2 -3 -4 -3 -2  1 *  1  2  2  2  2  0 -2 -2 -3 -3 -2 -1  1	
 4704.772 -224.879
 -3  4 11 13 10  6  1 -2 -6-10-12-10 -6 * -1  3  5  6  5  2  0 -2 -4 -5 -6 -4 -2	
  4  5  4  4  3  1 -1 -2 -4 -6 -5 -2  2 *  2  3  3  2  1  0 -1 -2 -2 -3 -2 -1  1	
 4704.772 -222.619
 -4  5 14 16 13  6  0 -2 -7-12-15-12 -7 *  0  3  5  5  4  2  0 -2 -3 -4 -4 -3 -1	
  5  6  5  4  3  1 -1 -3 -5 -7 -7 -3  3 *  2  2  2  2  1  0 -1 -1 -2 -2 -2 -1  1	
 4704.773 -220.359
 -5  7 17 19 16  7  0 -3 -8-15-17-15 -8 *  1  2  3  2  2  0 -1 -2 -2 -2 -1  0  1	
  6  8  7  5  4  1 -1 -4 -6 -8 -8 -3  4 *  1  1  1  1  0  0 -1 -1 -1 -1  0  0  1	
 4704.773 -218.099
 -5  6 17 20 17  8  0 -2 -7-14-17-14 -8 *  2  0 -2 -3 -3 -2 -1 -1  0  1  3  3  2	
  6  8  7  6  4  2 -1 -3 -5 -8 -8 -3  4 *  0 -1 -1 -1 -1 -1 -1  0  0  1  1  1  0	
 4704.773 -215.839
 -4  6 15 18 16  7  0 -1 -6-13-16-13 -8 *  2 -1 -4 -5 -5 -3 -1 -1  1  3  4  4  2	
  6  7  6  5  3  1 -1 -3 -5 -8 -7 -3  4 * -1 -2 -1 -1 -1 -1  0  0  1  2  2  1 -1	
 4704.773 -213.578
 -5  5 14 18 17  7  1  0 -5-13-16-14 -8 *  1 -1 -4 -6 -5 -3 -1  0  1  4  5  4  2	
  5  7  6  5  4  1 -1 -3 -5 -7 -8 -3  3 * -2 -2 -2 -1 -1 -1  0  1  1  2  2  1 -1	
 4704.773 -211.318
 -4  5 13 16 15  6  0 -1 -4-11-14-12 -7 *  1 -1 -4 -5 -5 -2  0  0  2  4  4  3  2	
  5  6  5  4  3  1 -1 -2 -4 -6 -7 -3  3 * -2 -2 -2 -1 -1  0  0  1  1  2  2  1 -1	
 4704.773 -209.058
 -4  3 11 14 13  5  0  0 -3-10-12-11 -7 *  2 -1 -4 -5 -4 -2  0  0  2  4  5  4  3	
  5  5  4  4  3  1 -1 -2 -4 -6 -6 -3  3 * -2 -2 -2 -1 -1  0  0  1  1  2  2  1 -1	
 4704.773 -206.798
 -2  4  9 11 10  4  0 -1 -4 -8-10 -8 -4 *  1 -3 -5 -6 -5 -2  0  0  2  4  5  4  2	
  4  5  3  3  2  1 -1 -2 -3 -5 -5 -2  3 * -2 -3 -2 -2 -1  0  0  1  2  3  3  1 -2	
 4704.773 -204.538
 -1  3  5  6  6  1 -2 -2 -3 -6 -7 -5 -3 * -2 -2 -3 -5 -4 -1  1  1  2  4  4  2 -1	
  3  3  2  1  1  0 -2 -2 -3 -3 -3 -1  3 * -3 -2 -2 -1 -1  0  1  1  2  2  2  0 -2	
 4706.313 -230.529
 -2  2  6  9 10  8  3 -2 -6 -8 -9 -7 -4 *  0  2  4  4  3  1 -2 -4 -5 -6 -5 -3 -1	
  0  1  4  5  4  1 -1 -2 -3 -3 -3 -2  0 *  1  1  2  2  1 -1 -2 -2 -2 -2 -1 -1  1	
 4706.313 -228.269
 -2  3  6  9  9  7  2 -2 -5 -8 -9 -7 -4 *  0  2  4  5  4  2 -1 -4 -5 -6 -6 -4 -1	
  1  2  3  4  3  1 -1 -2 -3 -3 -3 -2  0 *  1  1  2  2  1  0 -2 -2 -2 -2 -2 -1  0	
 4706.313 -226.009
 -3  3  9 11  9  6  1 -1 -5 -9-10 -9 -5 * -1  2  5  5  4  2  0 -2 -4 -5 -5 -4 -2	
  2  4  4  4  3  1 -1 -2 -3 -5 -4 -2  2 *  1  2  2  2  1  0 -1 -2 -2 -2 -2 -1  1	
 4706.313 -223.749
 -3  4 11 13 11  6  1 -1 -5-10-12-10 -6 *  0  2  4  4  3  2  0 -1 -2 -3 -4 -3 -1	
  4  5  4  4  3  1 -1 -2 -4 -6 -5 -2  2 *  1  2  2  1  1  0 -1 -1 -2 -2 -2 -1  0	
 4706.314 -221.489
 -4  5 13 14 12  6  0 -2 -6-11-13-11 -6 *  1  2  2  2  1  1  0 -1 -2 -1 -1  0  1	
  4  6  5  4  3  1 -1 -3 -4 -6 -6 -2  3 *  1  1  1  1  0  0 -1 -1 -1 -1  0  0  0	
 4706.314 -219.229
 -5  5 13 16 13  6  0 -2 -6-12-15-13 -8 *  2  1 -1 -3 -3 -2 -1 -2 -1  1  3  3  3	
  5  6  5  4  3  1 -1 -3 -5 -7 -7 -2  3 *  0 -1 -1 -1 -1 -1 -1  0  0  1  1  1  0	
 4706.314 -216.969
 -4  5 12 15 12  5 -1 -3 -7-12-13-11 -6 *  2 -1 -4 -5 -6 -3 -1 -1  0  3  5  4  3	
  5  6  5  4  3  0 -2 -3 -5 -6 -6 -2  3 * -1 -1 -1 -1 -1 -1  0  0  1  2  2  1 -1	
 4706.314 -214.708
 -2  7 12 13 11  4 -2 -3 -6-12-12 -9 -4 *  1 -3 -5 -7 -6 -3 -1 -1  1  5  5  4  2	
  6  6  4  4  2  0 -2 -3 -5 -6 -5 -1  5 * -2 -2 -2 -2 -1 -1  0  1  2  3  3  1 -1	
 4706.314 -212.448
 -3  6 13 15 13  5 -1 -2 -6-12-13-11 -6 *  1 -2 -4 -5 -4 -2  0  0  1  3  4  3  2	
  6  6  5  4  3  1 -1 -3 -5 -7 -6 -2  4 * -2 -2 -1 -1 -1 -1  0  1  1  2  2  1 -1	
 4706.314 -210.188
 -2  5 11 13 11  4 -1 -2 -5-10-12 -9 -5 *  1 -2 -4 -5 -4 -1  0  0  2  3  4  3  1	
  5  5  4  3  2  1 -1 -3 -4 -6 -6 -2  3 * -2 -2 -1 -1 -1  0  0  1  1  2  2  0 -1	
 4706.314 -207.928
 -2  5 10 11 10  3 -2 -2 -5 -9-10 -8 -4 *  0 -1 -2 -2 -2  0  1  1  1  2  2  2  1	
  5  5  4  3  2  1 -1 -2 -4 -5 -5 -2  3 * -1 -1 -1  0  0  0  0  1  1  1  1  0 -1	
 4707.852 -231.659
 -2  3  6  9 10  8  3 -3 -6 -8 -9 -8 -4 *  2  3  4  4  3  1 -2 -4 -4 -4 -3 -1  1	
  1  2  4  5  4  1 -1 -2 -3 -3 -3 -2  0 *  1  2  2  1  1 -1 -2 -2 -2 -1  0  0  1	
 4707.852 -229.399
 -2  2  6  8  9  7  2 -3 -5 -8 -9 -7 -3 *  0  2  3  3  2  0 -2 -4 -4 -4 -4 -2  0	
  0  1  3  4  3  1 -1 -2 -3 -3 -3 -2  0 *  1  1  1  1  0 -1 -2 -2 -2 -1 -1 -1  0	
 4707.852 -227.139
 -3  2  7  9  9  6  2 -2 -5 -8 -9 -8 -4 *  0  1  3  3  2  1 -1 -2 -3 -4 -4 -3 -1	
  1  2  3  4  3  1 -1 -2 -3 -4 -3 -2  1 *  1  1  1  1  0  0 -1 -2 -2 -2 -1 -1  0	
 4707.853 -224.879
 -4  3  9 11 10  6  1 -1 -4 -8-10 -9 -6 * -1  1  2  3  2  1  0 -1 -2 -2 -2 -2 -1	
  3  4  4  3  2  1 -1 -2 -3 -5 -4 -2  2 *  0  1  1  1  1  0  0 -1 -1 -1 -1 -1  0	
 4707.853 -222.619
 -4  3 10 12 11  6  1 -1 -4 -9-11-10 -6 *  0  1  2  2  1  1  0 -1 -1 -1 -2 -1 -1	
  3  4  4  3  2  1 -1 -2 -4 -5 -5 -2  2 *  0  1  1  1  1  0  0 -1 -1 -1 -1  0  0	
 4707.853 -220.359
 -3  4 11 13 11  6  1 -1 -4 -9-11-10 -5 *  1  1  2  1  1  1  0 -1 -1 -1 -1  0  0	
  4  5  4  4  3  1 -1 -2 -4 -5 -5 -2  2 *  0  1  1  0  0  0  0 -1 -1 -1  0  0  0	
 4707.853 -218.099
 -3  4 11 12 11  6  1 -1 -4 -9-11 -9 -5 *  2  0 -1 -2 -2 -1  0 -1 -1  1  2  3  2	
  4  5  4  3  2  1 -1 -2 -4 -5 -5 -2  3 *  0  0  0  0 -1 -1  0  0  0  1  1  1  0	
 4707.853 -215.839
 -2  4  9 11 10  4  0 -1 -5-10-11 -9 -4 *  0 -5 -8 -9 -9 -4 -2 -3  1  7  7  4  1	
  3  4  3  3  2  1 -1 -2 -3 -5 -5 -2  2 * -3 -3 -2 -2 -2 -2 -1  0  2  4  4  1 -2	
 4709.393 -230.529
 -1  3  5  8  8  6  2 -3 -6 -8 -8 -7 -3 *  2  2  2  2  1  0 -2 -3 -3 -2 -1  0  1	
  1  1  3  4  3  1 -1 -2 -3 -3 -3 -2  0 *  1  1  1  1  0 -1 -1 -1 -1 -1  0  0  1	
 4709.393 -228.269
 -1  2  6  8  8  6  2 -3 -6 -8 -9 -7 -3 *  1  1  1  1  0 -1 -2 -3 -3 -3 -2 -1  0	
  1  1  3  4  3  1 -1 -2 -3 -3 -3 -2  0 *  1  1  1  0  0 -1 -1 -1 -1 -1  0  0  1	
 4709.393 -226.009
 -3  3  8 10  9  6  2 -1 -4 -8 -9 -8 -4 * -1  1  2  3  2  1  0 -1 -2 -3 -3 -3 -2	
  2  3  3  3  2  1 -1 -2 -3 -4 -4 -2  1 *  0  1  1  1  1  0  0 -1 -1 -1 -1 -1  0	
 4709.393 -223.749
 -3  3  9 10  9  5  1  0 -4 -8 -9 -8 -5 *  0  1  2  2  2  2  1  0 -1 -1 -1 -1  0	
  3  4  3  3  2  1 -1 -2 -3 -4 -4 -2  2 *  0  1  1  1  1  0  0  0 -1 -1 -1  0  0	
 4709.393 -221.489
 -4  3 11 13 11  6  1 -1 -5 -9-12-11 -7 * -1  0  1  1  1  1  0 -1 -2 -1 -2 -2 -1	
  3  5  4  4  3  1 -1 -2 -4 -6 -6 -2  2 *  0  1  1  0  0  0 -1 -1 -1 -1 -1  0  0	
 4709.393 -219.229
 -3  3  9 11 10  6  1 -1 -4 -8-10 -8 -5 * -1  0  2  2  2  1  0 -1 -1 -1 -2 -2 -2	
  3  4  4  3  2  1  0 -2 -3 -5 -5 -2  2 *  0  1  1  1  0  0  0  0 -1 -1 -1 -1  0	
 4709.393 -216.969
 -2  4  9 11  9  6  1 -1 -4 -8 -9 -7 -4 * -1  0  2  1  0  1  0 -2 -2  0 -1 -2 -1	
  3  4  4  3  2  1 -1 -2 -3 -5 -4 -2  2 *  1  1  1  1  0  0 -1 -1 -1 -1  0  0  0	
 4709.393 -214.709
 -2  4  8 10  7  5  1 -3 -5 -7 -8 -7 -4 * -2  3  7  6  4  3  0 -3 -4 -4 -6 -6 -4	
  3  4  4  3  1  0 -1 -2 -3 -4 -4 -1  2 *  2  3  3  2  0 -1 -1 -2 -2 -3 -3 -1  1	
 4710.933 -231.659
 -1  3  5  7  7  6  2 -3 -5 -7 -8 -6 -2 *  3  3  3  3  2  1 -1 -2 -2 -2  0  1  2	
  1  1  3  4  3  1 -1 -2 -2 -3 -2 -2  0 *  1  1  1  1  0  0 -1 -1 -1  0  0  1  1	
 4710.933 -229.399
  0  3  5  7  7  6  1 -4 -6 -8 -8 -6 -2 *  1  1  1  1  0 -1 -2 -3 -2 -2 -1  0  1	
  1  1  3  4  3  1 -2 -3 -3 -3 -3 -2  0 *  1  1  0  0  0 -1 -1 -1 -1  0  0  0  1	
 4710.933 -227.139
 -1  3  6  7  7  4  0 -4 -6 -8 -8 -6 -2 *  1  1  1  0 -1 -1 -2 -3 -3 -2 -2 -1  0	
  2  2  3  3  2  0 -2 -3 -3 -4 -3 -2  1 *  0  0  0  0 -1 -1 -1 -1 -1 -1  0  0  0	
 4710.933 -224.879
 -3  3  7  8  6  3 -1 -2 -5 -8 -9 -7 -4 * -1  1  3  4  3  2  1 -1 -2 -2 -3 -3 -2	
  2  3  3  3  2  1 -1 -2 -3 -4 -4 -2  1 *  0  1  2  1  1  1  0 -1 -1 -2 -2 -1  0	
 4710.933 -222.619
 -3  4 11 12 10  6  1 -2 -5 -9-11 -9 -6 *  0  2  4  4  4  3  1  0 -1 -2 -2 -2 -1	
  4  5  4  4  3  1 -1 -2 -4 -6 -5 -2  2 *  1  2  2  1  1  0  0 -1 -1 -1 -1  0  1	
 4710.933 -220.359
 -4  3 10 11  9  5  0 -2 -5 -9-11 -9 -6 * -1  0  1  0  0  0  0 -1 -2 -1 -1 -2 -2	
  3  5  4  3  2  0 -1 -2 -4 -5 -5 -2  2 *  0  0  1  0  0  0 -1 -1 -1 -1 -1 -1  0	
 4710.933 -218.099
 -4  2  9 11  9  5  1 -2 -5 -8-10 -9 -6 * -3  0  4  5  4  3  1 -1 -2 -3 -5 -5 -4	
  3  4  4  3  2  1 -1 -2 -3 -5 -5 -3  1 *  1  2  2  2  1  0  0 -1 -2 -2 -2 -2  0	
 4710.933 -215.839
 -5  4 11 13 10  6  1 -3 -6 -9-12-11 -7 * -2  1  4  5  3  3  1 -2 -2 -2 -4 -4 -3	
  3  5  5  4  2  1 -1 -2 -4 -6 -6 -3  2 *  1  2  2  1  1  0 -1 -1 -2 -2 -2 -1  1	
 4710.933 -213.579
 -5  4 11 12  9  6  1 -2 -5 -8-11-11 -7 * -3  1  4  5  4  3  1 -2 -3 -3 -5 -5 -4	
  3  5  5  4  2  0 -1 -2 -4 -5 -6 -3  2 *  1  2  2  2  1  0 -1 -1 -2 -2 -2 -1  1	
 4710.933 -211.319
 -3  4  8  7  5  4  1 -1 -2 -4 -6 -6 -5 * -3  1  3  4  4  3  1 -2 -2 -3 -4 -5 -4	
  2  3  3  2  1  1  0 -1 -2 -3 -3 -2  1 *  1  2  2  1  1  0  0 -1 -1 -2 -2 -2  0	
 4712.473 -230.529
  0  3  5  7  7  5  2 -3 -6 -7 -8 -6 -2 *  2  2  2  2  1  1  0 -1 -1 -1  0  1  2	
  1  1  3  4  3  1 -1 -2 -3 -3 -3 -2  1 *  1  1  1  1  0  0 -1 -1 -1  0  0  1  1	
 4712.473 -228.269
 -1  3  5  7  7  5  1 -3 -6 -7 -8 -6 -2 *  1  1  1  0  0 -1 -1 -2 -2 -1  0  1  1	
  1  2  3  3  3  1 -1 -2 -3 -3 -3 -2  1 *  0  0  0  0  0 -1 -1 -1 -1  0  0  0  1	
 4712.473 -226.009
 -1  4  7  8  7  4 -1 -3 -5 -8 -8 -6 -3 *  1  0 -1 -1 -2 -2 -1 -2 -2 -1  0  0  1	
  3  3  3  3  2  0 -1 -2 -3 -4 -3 -1  2 *  0  0  0  0  0  0 -1 -1 -1  0  0  0  0	
 4712.473 -223.749
 -3  4  9  9  7  3 -1 -2 -5 -8 -9 -7 -4 *  0  0  1  0  0  0  0 -1 -1  0  0  0  0	
  3  4  3  3  2  0 -1 -2 -3 -4 -4 -1  2 *  0  0  0  0  0  0  0  0  0  0  0  0  0	
 4712.473 -221.489
 -4  3 10 11  9  5  0 -2 -5 -8-10 -9 -6 *  0  0  0  0  0  0  0  0  0  0  0  0  0	
  3  4  4  3  2  1 -1 -2 -3 -5 -5 -2  2 *  0  0  0  0  0  0  0  0  0  0  0  0  0	
 4712.473 -219.229
 -5  4 12 14 11  7  1 -2 -6-10-12-11 -7 * -2  0  1  1  0  0  0 -1 -1 -1 -2 -3 -2	
  4  6  5  4  3  1 -1 -2 -4 -6 -6 -3  2 *  0  1  1  0  0  0  0 -1 -1 -1 -1 -1  0	
 4712.473 -216.969
 -5  2 11 13 11  7  1 -3 -6 -9-11-10 -7 * -6 -1  5  7  6  4  2 -1 -3 -5 -7 -8 -7	
  3  5  5  4  3  1 -1 -2 -4 -6 -6 -3  1 *  1  3  3  3  2  0  0 -1 -2 -3 -4 -3  0	
 4712.473 -214.709
 -4  5 11 13 10  7  1 -3 -6 -9-11-10 -7 * -3  1  4  6  5  4  1 -2 -3 -4 -6 -6 -4	
  4  5  5  4  2  0 -1 -2 -4 -6 -6 -3  2 *  2  3  3  2  1  0 -1 -2 -2 -3 -3 -2  1	
 4712.473 -212.449
 -3  3  8  8  6  4  1 -2 -3 -5 -6 -6 -5 *-10 -1  7 10  8  6  2 -3 -5 -7-10-12-11	
  2  4  3  2  1  0 -1 -2 -3 -3 -3 -2  1 *  1  5  4  3  2  0 -1 -2 -3 -5 -6 -5 -1	
 4712.473 -210.189
 -1  3  3  1  0  0  0  0  0  0 -1 -1 -1 * -1  1  4  6  6  5  2 -1 -2 -3 -4 -3 -2	
  1  0  0  0  0  0  0  0  0  0 -1  0  1 *  1  3  3  2  1  1  0 -1 -2 -2 -2 -1  1	
 4714.013 -231.659
 -1  2  4  6  6  4  1 -2 -4 -6 -6 -5 -2 *  2  2  2  1  1  1  0  0 -1  0  0  1  1	
  0  1  2  3  2  1 -1 -2 -2 -2 -2 -2  0 *  1  1  1  1  0  0  0  0  0  0  0  1  1	
 4714.013 -229.399
 -1  2  4  7  7  5  2 -2 -4 -6 -6 -5 -2 *  1  1  1  0  0  0  0  0  0  0  1  1  1	
  0  1  3  3  3  1 -1 -2 -2 -2 -2 -2  0 *  0  0  0  0  0  0  0  0  0  0  0  0  0	
 4714.013 -227.139
 -1  2  5  8  7  4  1 -2 -4 -6 -7 -5 -2 *  1  0  0 -1 -1 -1  0 -1  0  0  1  1  1	
  1  2  3  3  2  1 -1 -2 -2 -3 -3 -1  1 *  0  0  0  0  0  0  0  0  0  0  0  0  0	
 4714.013 -224.879
 -2  4  9 10  8  5  0 -2 -4 -8 -9 -7 -4 *  1  0 -1 -1 -1 -1 -1 -1 -1  0  1  1  1	
  3  4  3  3  2  0 -1 -2 -3 -4 -4 -1  2 *  0  0  0  0  0  0  0  0  0  0  0  0  0	
 4714.013 -222.619
  0  5  8  9  7  4  0 -2 -4 -6 -6 -4 -1 * -1  0  1  0  0  0  0  0  0  0  0 -1 -1	
  3  4  3  2  2  0 -1 -2 -3 -3 -3  0  2 *  0  0  0  0  0  0  0  0  0  0  0  0  0	
 4714.013 -220.359
 -1  3  2  3  3  2 -3 -4 -5 -7 -6 -4 -2 *  0  0  0 -1 -1  0  1  1  1  2  1  0  0	
  3  2  1  1  0 -1 -2 -3 -3 -4 -3 -1  2 *  0 -1 -1 -1  0  0  0  0  0  1  1  0  0	
 4714.013 -218.099
  1  5  8 10  8  4 -2 -4 -5 -5 -5 -2  0 * -2 -5 -8 -9 -7 -4  2  3  3  3  3  1 -1	
  5  5  4  3  1 -1 -2 -2 -3 -3 -2  1  4 * -5 -5 -4 -3 -1  1  2  2  2  2  1 -2 -4	
 4714.013 -215.839
-11 -2 11 15 12  8  1 -5 -8-11-15-16-14 *-11 -3 10 14 11  7  2 -3 -6 -9-13-15-13	
  3  7  6  5  3  0 -2 -3 -5 -8 -8 -6  0 *  2  6  6  5  3  1 -1 -2 -5 -7 -8 -6 -1	
 4714.013 -213.579
 -8  3 10 12 10  7  1 -4 -6 -8-11-11-10 * -8  2  8 12 11  9  2 -4 -6 -7-11-11 -9	
  4  6  5  4  2  0 -2 -3 -5 -6 -6 -4  2 *  3  6  6  4  2  0 -2 -3 -4 -6 -6 -4  1	
 4714.013 -211.319
 -2  1  2  3  2  1 -1 -3 -3 -3 -3 -2 -2 * -3  1  6 16 17 15  4 -8 -9-10-11 -8 -4	
  1  1  2  1  0  0 -1 -1 -1 -1 -1 -1  1 *  5  8  8  7  3 -1 -3 -4 -6 -7 -6 -4  2	
 4715.553 -230.529
 -1  1  3  7  5  3  1 -2 -4 -5 -5 -4 -2 *  1  1  0 -2 -1  0  0  0  0  1  2  2  1	
  0  1  2  2  2  1 -1 -1 -2 -2 -2 -2  0 *  0  0  0  0  0  0  0  0  0  1  1  1  0	
 4715.553 -228.269
 -1  1  3  8  5  3  1 -1 -3 -4 -4 -3 -1 *  0  0 -1 -2 -1  0  0  0  0  1  1  1  1	
  1  2  2  2  2  1 -1 -1 -1 -2 -2 -1  0 *  0  0  0  0  0  0  0  0  0  0  1  0  0	
 4715.553 -223.749
  0  5  7  7  5  3 -1 -2 -4 -6 -6 -5 -2 *  0  4  7  6  4  2  0 -1 -2 -4 -5 -4 -2	
  3  3  3  2  1  0 -1 -2 -3 -3 -3 -1  2 *  2  3  2  2  1  0  0 -1 -2 -2 -2 -1  2	
 4715.553 -221.489
  0  2  3  3  2  1 -1 -1 -2 -2 -2 -2 -1 * -1 -1 -1 -1 -1  0  1  2  2  1  0 -1 -1	
  2  2  1  1  0  0 -1 -1 -1 -1 -1  0  1 * -1 -1 -1  0  0  0  1  1  1  1  0 -1 -1	
 4715.553 -212.449
-16 -8 10 18 17 13  4 -5-10-12-17-19-18 *-12 -6  8 15 15 12  4 -4 -8-10-14-15-14	
  1  8  9  7  4  0 -2 -3 -6 -9-11 -9 -2 *  1  7  8  6  3  0 -1 -3 -5 -7 -9 -7 -2	
 4717.093 -231.659
 -1  1  2  6  4  2  0 -2 -3 -4 -4 -4 -2 *  2  1 -1 -3 -1 -1  0  0  1  2  4  4  2	
  0  1  2  2  1  0 -1 -1 -2 -2 -2 -1  0 *  0  0 -1 -1  0  0  0  0  1  1  2  1  0	
