Les Sables d'Olonne      	
 4516.019 -258.510
 -2  1  3  4  4  3  1 -2 -4 -6 -6 -5 -2 *  4  5  5  3  1 -1 -3 -4 -4 -3 -1  2  4
  0  1  2  2  2  1  0 -1 -2 -3 -3 -2 -1 *  2  2  2  1  0 -1 -2 -2 -2 -1  0  1  2
 4516.020 -253.810
 -2  1  3  5  5  3  1 -2 -4 -5 -6 -4 -2 *  4  5  5  3  1 -1 -3 -5 -4 -3 -1  2  4
  0  1  2  2  2  1  0 -1 -2 -3 -3 -2 -1 *  2  2  2  1  0 -1 -2 -2 -2 -1  0  1  2
 4516.020 -249.110
 -2  1  3  5  5  4  2 -1 -4 -5 -5 -4 -2 *  4  5  5  4  1 -1 -3 -5 -5 -4 -1  1  4
  0  1  2  3  2  1  0 -1 -2 -2 -3 -2 -1 *  2  2  2  1  0 -1 -2 -2 -2 -1  0  1  2
 4516.020 -244.409
 -2  1  3  5  5  4  2 -1 -3 -5 -5 -4 -2 *  4  5  5  4  2 -1 -3 -5 -5 -4 -2  1  3
  0  1  2  3  2  2  1 -1 -2 -2 -2 -2 -1 *  2  2  2  2  0 -1 -2 -2 -2 -1 -1  1  2
 4516.020 -239.709
 -2  1  3  5  5  4  2  0 -3 -5 -5 -4 -2 *  4  5  5  4  2 -1 -4 -5 -6 -4 -2  1  3
  0  1  2  3  3  2  1 -1 -2 -2 -2 -2 -1 *  2  3  3  2  0 -1 -2 -3 -2 -2 -1  0  2
 4516.020 -235.009
 -2  1  3  5  5  4  2  0 -3 -5 -5 -4 -2 *  4  5  5  4  2 -1 -4 -5 -6 -5 -2  1  3
  0  1  2  3  3  2  1  0 -1 -2 -2 -2 -1 *  2  3  3  2  0 -1 -2 -3 -2 -2 -1  0  2
 4516.020 -230.309
 -2  1  4  5  5  5  3  0 -3 -4 -5 -4 -2 *  4  5  6  4  2 -1 -4 -6 -6 -5 -2  1  3
  0  1  2  3  3  2  1  0 -1 -2 -2 -2 -1 *  2  3  3  2  0 -1 -2 -3 -3 -2 -1  0  2
 4516.020 -225.609
 -2  1  4  5  5  5  2  0 -3 -5 -5 -4 -2 *  4  5  5  4  2 -1 -4 -6 -6 -5 -2  1  3
  0  1  2  3  3  2  1 -1 -2 -2 -2 -2 -1 *  2  3  3  2  0 -1 -2 -3 -3 -2 -1  0  2
 4516.020 -220.909
 -2  1  4  5  5  4  2 -1 -3 -5 -5 -4 -2 *  4  5  5  4  1 -1 -4 -6 -6 -5 -2  1  3
  0  1  2  3  3  2  1 -1 -2 -2 -2 -2 -1 *  2  3  3  2  0 -1 -3 -3 -3 -2 -1  0  2
 4516.020 -216.209
 -1  1  4  5  5  4  2 -1 -3 -5 -5 -4 -2 *  4  5  5  4  1 -2 -4 -6 -6 -5 -2  1  3
  0  1  2  3  3  2  1 -1 -2 -2 -2 -2 -1 *  2  3  3  2  0 -2 -3 -3 -3 -2 -1  0  2
 4516.020 -211.509
 -1  1  4  5  5  4  2 -1 -3 -5 -5 -4 -2 *  4  5  5  4  1 -2 -4 -6 -6 -5 -2  1  3
  0  1  2  3  3  2  0 -1 -2 -2 -2 -2 -1 *  2  2  2  2  0 -2 -3 -3 -3 -2 -1  0  2
 4516.020 -206.809
 -1  1  4  5  5  4  2 -1 -4 -5 -5 -4 -2 *  4  5  5  4  1 -2 -4 -6 -6 -4 -2  1  4
  0  1  2  3  2  1  0 -1 -2 -2 -2 -2 -1 *  2  3  3  2  0 -1 -3 -3 -3 -2 -1  0  2
 4516.020 -202.109
 -1  2  4  5  5  4  1 -1 -4 -5 -5 -4 -2 *  4  5  5  4  1 -2 -4 -6 -6 -4 -2  1  4
  0  1  2  3  2  1  0 -1 -2 -2 -2 -2 -1 *  2  3  3  2  0 -1 -3 -3 -2 -2 -1  0  2
 4516.020 -157.409
 -1  2  4  5  5  4  1 -1 -4 -5 -5 -4 -1 *  4  5  5  4  1 -2 -4 -6 -6 -4 -2  1  4
  0  1  2  3  2  1  0 -1 -2 -2 -2 -2 -1 *  2  3  3  2  0 -2 -3 -3 -3 -2 -1  0  2
 4516.020 -152.709
 -1  2  4  5  5  4  1 -1 -4 -5 -5 -3 -1 *  4  5  5  4  1 -2 -4 -6 -6 -4 -2  1  4
  0  1  2  3  2  1  0 -1 -2 -2 -2 -2  0 *  2  3  3  2  0 -2 -3 -3 -2 -2 -1  0  2
 4516.020 -148.008
 -1  2  4  5  5  3  1 -1 -4 -5 -5 -3 -1 *  4  5  5  4  1 -2 -4 -6 -6 -4 -2  1  4
  0  1  2  3  2  1  0 -1 -2 -2 -2 -2  0 *  2  2  2  2  0 -2 -3 -3 -2 -2 -1  0  2
 4516.020 -143.308
 -1  2  4  5  4  3  1 -2 -4 -5 -5 -3 -1 *  4  5  5  4  1 -2 -4 -6 -6 -4 -2  1  3
  0  1  2  2  2  1  0 -1 -2 -2 -2 -2  0 *  2  2  3  2  0 -2 -3 -3 -2 -2 -1  0  2
 4516.020 -138.608
 -1  2  4  4  4  3  1 -2 -4 -5 -5 -3 -1 *  4  5  5  4  1 -1 -4 -5 -6 -4 -2  1  3
  0  1  2  2  2  1  0 -1 -2 -2 -2 -2  0 *  2  2  3  2  0 -1 -2 -3 -2 -2 -1  0  2
 4516.020 -133.908
  0  2  4  4  4  3  1 -2 -4 -5 -4 -3 -1 *  3  5  5  4  1 -1 -3 -5 -6 -5 -2  1  3
  0  1  2  2  2  1  0 -1 -2 -2 -2 -1  0 *  2  2  3  2  0 -1 -2 -3 -2 -2 -1  0  2
 4516.020 -129.208
  0  2  4  4  3  2  0 -2 -4 -4 -4 -2 -1 *  3  5  5  4  2 -1 -3 -5 -6 -5 -2  1  3
  0  1  2  2  2  1  0 -1 -2 -2 -2 -1  0 *  2  3  3  2  0 -1 -2 -3 -2 -2 -1  0  2
 4516.021 -124.508
  0  2  3  4  3  2  0 -2 -3 -4 -3 -2 -1 *  3  5  5  4  2 -1 -3 -5 -6 -5 -2  1  3
  0  1  2  2  1  1  0 -1 -2 -2 -2 -1  0 *  2  3  3  2  1 -1 -2 -3 -2 -2 -1  0  2
 4516.021 -119.808
  0  2  3  3  3  2  0 -1 -3 -3 -3 -1  0 *  3  5  5  4  2  0 -3 -5 -6 -5 -3  0  3
  0  1  2  2  1  1  0 -1 -1 -1 -1 -1  0 *  2  3  3  2  1 -1 -2 -3 -3 -2 -1  0  1
 4516.021 -115.108
  0  1  2  2  2  1  0 -1 -2 -2 -2 -1  0 *  2  4  5  4  2  0 -2 -5 -6 -5 -3  0  2
  0  1  1  1  1  0  0 -1 -1 -1 -1 -1  0 *  1  2  3  2  1 -1 -2 -3 -3 -2 -1  0  1
 4516.021 -110.408
  0  0  0  0  0  0  0  0  0 -1  0  0  0 *  1  3  4  4  3  1 -1 -4 -5 -5 -3 -1  1
  0  0  0  0  0  0  0  0  0  0  0  0  0 *  1  2  2  2  1  0 -1 -2 -2 -2 -1 -1  1
 4519.270 -256.160
 -1  1  4  5  5  4  1 -2 -4 -6 -6 -4 -2 *  4  5  5  3  1 -2 -4 -5 -5 -3 -1  2  4
  0  1  2  3  3  1  0 -1 -2 -3 -3 -2 -1 *  2  2  2  1  0 -1 -2 -2 -2 -1  0  1  2
 4519.270 -251.460
 -1  1  4  5  5  4  2 -1 -4 -5 -6 -4 -2 *  4  5  5  3  1 -1 -4 -5 -5 -4 -1  1  4
  0  1  2  3  3  2  0 -1 -2 -2 -2 -2 -1 *  2  2  2  1  0 -1 -2 -3 -2 -1  0  1  2
 4519.270 -246.760
 -2  1  4  5  5  4  2 -1 -3 -5 -5 -4 -2 *  4  5  5  3  1 -1 -4 -5 -5 -4 -2  1  3
  0  1  2  3  3  2  0 -1 -2 -2 -2 -2 -1 *  2  2  2  1  0 -1 -2 -3 -2 -1  0  1  2
 4519.270 -242.060
 -2  1  4  5  5  4  2 -1 -3 -5 -5 -4 -2 *  4  5  5  4  1 -1 -4 -5 -5 -4 -2  1  3
  0  1  2  3  3  2  1 -1 -2 -2 -2 -2 -1 *  2  2  2  2  0 -1 -2 -3 -2 -2 -1  1  2
 4519.270 -237.359
 -2  1  4  5  5  4  2  0 -3 -5 -5 -4 -2 *  4  5  5  4  2 -1 -4 -5 -6 -4 -2  1  3
  0  1  2  3  3  2  1 -1 -2 -2 -2 -2 -1 *  2  2  2  2  0 -1 -2 -3 -2 -2 -1  0  2
 4519.270 -232.659
 -2  1  3  5  5  4  2  0 -3 -5 -5 -4 -2 *  4  5  5  4  2 -1 -4 -5 -6 -4 -2  1  3
  0  1  2  3  3  2  1 -1 -1 -2 -2 -2 -1 *  2  2  2  2  0 -1 -2 -3 -2 -2 -1  0  2
 4519.270 -227.959
 -2  1  4  5  5  4  2 -1 -3 -5 -5 -4 -2 *  4  5  5  4  2 -1 -4 -6 -6 -5 -2  1  3
  0  1  2  3  3  2  1 -1 -2 -2 -2 -2 -1 *  2  3  3  2  0 -1 -2 -3 -2 -2 -1  0  2
 4519.270 -223.259
 -2  1  4  5  5  4  2 -1 -3 -5 -5 -4 -2 *  4  5  6  4  2 -1 -4 -6 -6 -5 -2  1  3
  0  1  2  3  3  2  1 -1 -2 -2 -2 -2 -1 *  2  3  3  2  0 -1 -3 -3 -3 -2 -1  0  2
 4519.270 -218.559
 -1  1  4  5  5  4  2 -1 -3 -5 -5 -4 -2 *  4  5  5  4  1 -2 -4 -6 -6 -5 -2  1  3
  0  1  2  3  3  2  1 -1 -2 -2 -2 -2 -1 *  2  2  3  2  0 -2 -3 -3 -3 -2 -1  0  2
 4519.270 -213.859
 -1  1  4  5  5  4  2 -1 -3 -5 -5 -4 -2 *  4  5  5  4  1 -1 -4 -6 -6 -5 -2  1  3
  0  1  2  3  3  2  0 -1 -2 -2 -2 -2 -1 *  2  2  2  2  0 -1 -3 -3 -3 -2 -1  0  2
 4519.270 -209.159
 -1  1  4  5  5  4  2 -1 -3 -5 -5 -4 -2 *  4  5  5  4  1 -1 -4 -6 -6 -4 -2  1  3
  0  1  2  3  2  2  0 -1 -2 -2 -2 -2 -1 *  2  3  3  2  0 -1 -3 -3 -2 -2 -1  0  2
 4519.270 -204.459
 -1  1  4  5  5  4  2 -1 -4 -5 -5 -4 -2 *  4  5  5  4  1 -1 -4 -6 -6 -4 -2  1  4
  0  1  2  3  2  1  0 -1 -2 -2 -2 -2 -1 *  2  3  3  2  0 -1 -3 -3 -2 -2 -1  0  2
 4519.270 -159.759
 -1  2  4  5  5  4  1 -1 -4 -5 -5 -4 -2 *  4  5  5  4  1 -1 -4 -6 -6 -4 -2  1  4
  0  1  2  3  2  1  0 -1 -2 -2 -2 -2 -1 *  2  3  3  2  0 -1 -3 -3 -2 -2 -1  0  2
 4519.270 -155.059
 -1  2  4  5  5  4  1 -1 -4 -5 -5 -4 -1 *  4  5  5  4  1 -2 -4 -6 -6 -4 -2  1  4
  0  1  2  3  2  1  0 -1 -2 -2 -2 -2 -1 *  2  3  3  2  0 -2 -3 -3 -3 -2 -1  0  2
 4519.270 -150.359
 -1  2  4  5  5  4  1 -1 -4 -5 -5 -3 -1 *  4  5  5  4  1 -2 -4 -6 -6 -4 -2  1  4
  0  1  2  3  2  1  0 -1 -2 -2 -2 -2  0 *  2  2  3  2  0 -1 -3 -3 -2 -2 -1  0  2
 4519.270 -145.658
 -1  2  4  5  4  3  1 -1 -4 -5 -5 -3 -1 *  4  5  5  4  1 -2 -4 -6 -6 -4 -2  1  4
  0  1  2  3  2  1  0 -1 -2 -2 -2 -2 -1 *  2  3  3  2  0 -1 -3 -3 -2 -2 -1  0  2
 4519.270 -140.958
 -1  2  4  5  4  3  1 -2 -4 -5 -5 -3 -1 *  4  5  5  4  1 -1 -4 -6 -6 -5 -2  1  3
  0  1  2  2  2  1  0 -1 -2 -3 -2 -2 -1 *  2  3  3  2  0 -1 -3 -3 -3 -2 -1  0  2
 4519.270 -136.258
 -1  2  4  5  4  3  1 -2 -4 -5 -4 -3 -1 *  3  5  5  4  1 -1 -4 -6 -6 -5 -2  1  3
  0  1  2  2  2  1  0 -1 -2 -2 -2 -2  0 *  2  2  3  2  0 -1 -2 -3 -3 -2 -1  0  2
 4519.271 -131.558
  0  2  4  4  4  3  1 -2 -4 -5 -4 -3 -1 *  3  5  5  4  2 -1 -3 -5 -6 -5 -3  1  3
  0  1  2  2  2  1  0 -1 -2 -2 -2 -2  0 *  2  3  3  2  1 -1 -2 -3 -3 -2 -1  0  2
 4519.271 -126.858
  0  2  4  4  3  3  1 -1 -3 -4 -4 -2  0 *  3  5  5  4  2  0 -3 -5 -6 -5 -3  0  3
  0  1  2  2  2  1  0 -1 -2 -2 -2 -1  0 *  2  3  3  2  1 -1 -2 -3 -3 -2 -1  0  1
 4519.271 -122.158
  0  2  3  3  3  2  0 -1 -3 -4 -3 -2  0 *  3  4  5  4  2  0 -2 -5 -6 -5 -3  0  3
  0  1  2  2  1  1  0 -1 -2 -2 -1 -1  0 *  2  2  3  2  1 -1 -2 -3 -3 -2 -1  0  1
 4519.271 -117.458
  0  2  3  3  2  2  0 -1 -2 -2 -2 -1  0 *  2  4  5  4  2  0 -2 -4 -6 -5 -3  0  2
  1  1  1  1  1  1  0 -1 -1 -1 -1  0  0 *  1  2  3  2  1 -1 -2 -3 -3 -2 -1  0  1
 4519.271 -112.758
  0  1  1  1  1  1  0  0 -1 -1 -1  0  0 *  2  3  5  4  3  1 -2 -4 -5 -5 -3 -1  2
  0  1  1  1  0  0  0  0  0  0  0  0  0 *  1  2  3  2  1  0 -2 -2 -3 -2 -1  0  1
 4522.520 -258.510
 -1  2  4  6  6  4  1 -2 -4 -6 -6 -5 -2 *  4  5  5  3  1 -2 -4 -5 -5 -3 -1  2  4
  0  1  2  3  3  2  0 -1 -2 -3 -3 -2 -1 *  2  2  2  1  0 -1 -2 -2 -2 -1  0  1  2
 4522.520 -253.810
 -1  1  4  6  6  4  2 -1 -4 -6 -6 -4 -2 *  4  5  5  3  1 -2 -4 -5 -5 -4 -1  1  4
  0  1  2  3  3  2  0 -1 -2 -3 -3 -2 -1 *  2  2  2  1  0 -1 -2 -3 -2 -1  0  1  2
 4522.520 -249.110
 -1  1  4  5  6  4  2 -1 -4 -5 -5 -4 -2 *  4  5  5  3  1 -2 -4 -5 -5 -4 -2  1  3
  0  1  2  3  3  2  0 -1 -2 -2 -2 -2 -1 *  2  2  2  1  0 -1 -2 -3 -2 -1  0  1  2
 4522.520 -244.410
 -1  1  4  5  5  4  2 -1 -3 -5 -5 -4 -2 *  4  5  5  3  1 -1 -4 -5 -5 -4 -2  1  3
  0  1  2  3  3  2  0 -1 -2 -2 -2 -2 -1 *  2  2  2  1  0 -1 -2 -3 -2 -1 -1  1  2
 4522.520 -239.710
 -1  1  4  5  5  4  2 -1 -3 -5 -5 -4 -2 *  4  5  5  4  1 -1 -4 -5 -5 -4 -2  1  3
  0  1  2  3  3  2  1 -1 -2 -2 -2 -2 -1 *  2  2  2  2  0 -1 -2 -3 -2 -2 -1  0  2
 4522.520 -235.009
 -2  1  4  5  5  4  2 -1 -3 -5 -5 -4 -2 *  4  5  5  4  1 -1 -4 -5 -6 -4 -2  1  3
  0  1  2  3  3  2  1 -1 -2 -2 -2 -2 -1 *  2  2  2  2  0 -1 -2 -3 -2 -2 -1  0  2
 4522.520 -230.309
 -2  1  4  5  5  4  2 -1 -3 -5 -5 -4 -2 *  4  5  5  4  2 -1 -4 -6 -6 -5 -2  1  3
  0  1  2  3  3  2  1 -1 -2 -2 -2 -2 -1 *  2  2  3  2  0 -1 -2 -3 -2 -2 -1  0  2
 4522.520 -225.609
 -1  1  4  5  5  4  2 -1 -3 -5 -5 -4 -2 *  4  5  5  4  1 -1 -4 -6 -6 -5 -2  1  3
  0  1  2  3  3  2  1 -1 -2 -2 -2 -2 -1 *  2  2  2  2  0 -1 -2 -3 -3 -2 -1  0  2
 4522.520 -220.909
 -1  1  4  5  5  4  2 -1 -3 -5 -5 -4 -2 *  4  5  5  4  1 -1 -4 -6 -6 -5 -2  1  3
  0  1  2  3  3  2  1 -1 -2 -2 -2 -2 -1 *  2  2  3  2  0 -1 -2 -3 -2 -2 -1  0  2
 4522.520 -216.209
 -1  1  4  5  5  4  2 -1 -3 -5 -5 -4 -2 *  4  5  5  4  1 -2 -4 -6 -6 -5 -2  1  3
  0  1  2  3  3  2  0 -1 -2 -2 -2 -2 -1 *  2  2  3  2  0 -2 -3 -3 -3 -2 -1  0  2
 4522.520 -211.509
 -1  1  4  5  5  4  2 -1 -3 -5 -5 -4 -2 *  4  5  5  4  1 -1 -4 -6 -6 -4 -2  1  3
  0  1  2  3  2  2  0 -1 -2 -2 -2 -2 -1 *  2  2  3  2  0 -1 -2 -3 -2 -2 -1  0  2
 4522.520 -206.809
 -1  1  4  5  5  4  2 -1 -3 -5 -5 -4 -2 *  4  5  5  4  1 -1 -4 -6 -6 -4 -2  1  4
  0  1  2  3  3  2  0 -1 -2 -2 -2 -2 -1 *  2  3  3  2  0 -1 -2 -3 -2 -2 -1  0  2
 4522.520 -202.109
 -1  2  4  5  5  4  2 -1 -4 -5 -5 -4 -2 *  4  5  5  4  2 -1 -4 -6 -6 -4 -2  1  4
  0  1  2  3  2  2  0 -1 -2 -2 -2 -2 -1 *  2  3  3  2  0 -1 -2 -3 -2 -2 -1  0  2
 4522.520 -157.409
 -1  2  4  5  5  4  2 -1 -4 -5 -5 -4 -2 *  4  5  5  4  1 -1 -4 -6 -6 -4 -2  1  3
  0  1  2  3  2  1  0 -1 -2 -2 -2 -2 -1 *  2  2  3  2  0 -1 -3 -3 -3 -2 -1  0  2
 4522.520 -152.709
 -1  2  4  5  5  4  1 -1 -4 -5 -5 -3 -1 *  4  5  5  4  1 -1 -4 -6 -6 -4 -2  1  4
  0  1  2  3  2  1  0 -1 -2 -2 -2 -2 -1 *  2  2  3  2  0 -1 -3 -3 -2 -2 -1  0  2
 4522.520 -148.009
 -1  2  4  5  5  4  1 -1 -4 -5 -5 -4 -1 *  4  5  5  4  1 -1 -4 -6 -6 -5 -2  1  4
  0  1  2  3  2  1  0 -1 -2 -2 -2 -2 -1 *  2  3  3  2  0 -1 -3 -3 -2 -2 -1  0  2
 4522.520 -143.309
 -1  2  4  5  5  4  1 -2 -4 -5 -5 -4 -1 *  4  5  6  4  1 -1 -4 -6 -6 -5 -2  1  4
  0  1  2  3  2  1  0 -1 -2 -3 -3 -2 -1 *  2  3  3  2  0 -1 -3 -3 -3 -2 -1  0  2
 4522.521 -138.608
 -1  2  4  5  4  4  1 -1 -4 -5 -5 -3 -1 *  3  5  5  4  1 -1 -4 -6 -6 -5 -3  1  3
  0  1  2  3  2  1  0 -1 -2 -2 -2 -2  0 *  2  3  3  2  0 -1 -3 -3 -3 -2 -1  0  2
 4522.521 -133.908
  0  2  4  5  4  3  1 -1 -4 -5 -4 -3 -1 *  3  5  5  4  2 -1 -3 -6 -6 -5 -3  0  3
  0  1  2  3  2  1  0 -1 -2 -2 -2 -2  0 *  2  2  3  2  0 -1 -3 -3 -3 -2 -1  0  1
 4522.521 -129.208
  0  2  4  4  4  3  1 -1 -3 -4 -4 -2 -1 *  3  4  5  4  2  0 -3 -5 -6 -5 -3  0  3
  0  1  2  2  2  1  0 -1 -2 -2 -2 -1  0 *  2  2  3  2  1 -1 -2 -3 -3 -2 -1  0  1
 4522.521 -124.508
  0  2  4  4  3  3  1 -1 -3 -4 -3 -2  0 *  3  4  5  5  2  0 -2 -5 -6 -5 -3  0  2
  1  1  2  2  2  1  0 -1 -2 -2 -2 -1  0 *  2  3  3  2  1 -1 -2 -3 -3 -2 -1  0  1
 4522.521 -119.808
  0  2  3  3  3  2  1 -1 -3 -3 -2 -1  0 *  2  4  5  5  3  1 -2 -5 -6 -6 -4 -1  2
  1  1  2  2  1  1  0 -1 -1 -1 -1 -1  0 *  1  2  3  2  1 -1 -2 -3 -3 -2 -1  0  1
 4522.521 -115.108
  1  2  2  2  2  1  0  0 -1 -1 -1  0  1 *  2  4  5  5  3  1 -1 -4 -6 -6 -4 -1  1
  1  1  1  1  1  1  0  0  0  0  0  0  1 *  1  2  3  3  1  0 -2 -3 -3 -2 -2 -1  1
 4522.521 -110.408
  0  0  0  0  0  0  0  0  0  0  0  0  0 *  2  4  5  5  3  1 -1 -4 -6 -5 -3  0  2
  0  0  0  0  0  0  0  0  0  0  0  0  0 *  2  2  3  3  1  0 -2 -3 -3 -2 -1  0  1
 4525.770 -256.160
 -1  2  4  6  6  4  2 -1 -4 -6 -6 -5 -2 *  4  5  5  3  1 -2 -4 -5 -5 -4 -1  2  4
  0  1  3  3  3  2  0 -1 -2 -3 -3 -2 -1 *  2  2  2  1  0 -2 -2 -3 -2 -1  0  1  2
 4525.770 -251.460
 -1  1  4  6  6  4  2 -1 -4 -6 -6 -5 -2 *  4  5  5  3  1 -2 -4 -5 -5 -4 -1  1  4
  0  1  2  3  3  2  0 -1 -2 -3 -3 -2 -1 *  2  2  2  1  0 -1 -2 -3 -2 -1  0  1  2
 4525.770 -246.760
 -1  1  4  6  6  4  2 -1 -4 -5 -6 -4 -2 *  4  5  5  3  1 -2 -4 -5 -5 -4 -2  1  3
  0  1  2  3  3  2  0 -1 -2 -2 -3 -2 -1 *  2  2  2  1  0 -1 -2 -3 -2 -1 -1  1  2
 4525.770 -242.060
 -1  1  4  5  5  4  2 -1 -3 -5 -5 -4 -2 *  4  5  5  4  1 -1 -4 -5 -5 -4 -2  1  3
  0  1  2  3  3  2  0 -1 -2 -2 -2 -2 -1 *  2  2  2  1  0 -1 -2 -3 -2 -2 -1  0  2
 4525.770 -237.360
 -1  1  4  5  5  4  2 -1 -3 -5 -5 -4 -2 *  4  5  5  4  1 -1 -4 -5 -5 -4 -2  1  3
  0  1  2  3  3  2  0 -1 -2 -2 -2 -2 -1 *  2  2  2  2  0 -1 -2 -3 -2 -1 -1  1  2
 4525.770 -232.659
 -1  1  4  5  6  4  2 -1 -3 -5 -5 -4 -2 *  4  5  5  4  1 -1 -4 -5 -6 -4 -2  1  3
  0  1  2  3  3  2  1 -1 -2 -2 -2 -2 -1 *  2  2  2  2  0 -1 -2 -3 -2 -2 -1  0  2
 4525.770 -227.959
 -1  1  4  5  5  4  2 -1 -3 -5 -5 -4 -2 *  4  5  5  4  1 -1 -4 -5 -6 -4 -2  1  3
  0  1  2  3  3  2  1 -1 -2 -2 -2 -2 -1 *  2  2  2  2  0 -1 -2 -3 -2 -2 -1  0  2
 4525.770 -223.259
 -1  1  4  5  5  4  2 -1 -3 -5 -5 -4 -2 *  4  5  5  4  2 -1 -4 -5 -6 -4 -2  1  3
  0  1  2  3  3  2  0 -1 -2 -2 -2 -2 -1 *  2  2  2  2  0 -1 -2 -3 -2 -2 -1  0  2
 4525.770 -218.559
 -1  1  4  5  5  4  2 -1 -3 -5 -5 -4 -2 *  4  5  5  4  1 -1 -4 -6 -6 -4 -2  1  3
  0  1  2  3  3  2  0 -1 -2 -2 -2 -2 -1 *  2  2  2  2  0 -1 -3 -3 -2 -2 -1  0  2
 4525.770 -213.859
 -1  1  4  5  5  4  2 -1 -3 -5 -5 -4 -2 *  4  5  5  4  1 -1 -4 -5 -6 -4 -2  1  3
  0  1  2  3  2  2  0 -1 -2 -2 -2 -2 -1 *  2  2  2  2  0 -1 -2 -3 -2 -2 -1  0  2
 4525.770 -209.159
 -1  1  4  5  5  4  2 -1 -4 -5 -5 -4 -2 *  4  5  5  4  2 -1 -4 -6 -6 -4 -2  1  3
  0  1  2  3  2  1  0 -1 -2 -2 -2 -2 -1 *  2  2  3  2  0 -1 -2 -3 -2 -2 -1  0  2
 4525.770 -204.459
 -1  1  4  5  5  4  2 -1 -4 -5 -5 -4 -2 *  4  5  5  4  2 -1 -4 -6 -6 -4 -2  1  3
  0  1  2  3  2  1  0 -1 -2 -2 -2 -2 -1 *  2  2  3  2  0 -1 -2 -3 -2 -2 -1  0  2
 4525.770 -159.759
 -1  2  4  5  5  4  2 -1 -4 -5 -5 -4 -2 *  4  5  5  4  1 -1 -4 -6 -6 -5 -2  1  3
  0  1  2  3  3  2  0 -1 -2 -2 -2 -2 -1 *  2  2  3  2  0 -1 -3 -3 -3 -2 -1  0  2
 4525.770 -155.059
 -1  2  4  5  5  4  2 -1 -3 -5 -5 -3 -1 *  4  5  5  4  2 -1 -4 -6 -6 -5 -2  1  3
  0  1  2  3  2  1  0 -1 -2 -2 -2 -2 -1 *  2  2  3  2  0 -1 -3 -3 -2 -2 -1  0  2
 4525.770 -150.359
 -1  2  4  5  5  4  1 -1 -4 -5 -5 -3 -1 *  4  5  5  4  2 -1 -4 -6 -6 -5 -2  1  3
  0  1  2  3  2  1  0 -1 -2 -2 -2 -2 -1 *  2  3  3  2  0 -1 -2 -3 -2 -2 -1  0  2
 4525.771 -145.659
 -1  2  4  5  5  4  1 -1 -4 -5 -5 -3 -1 *  4  5  5  4  2 -1 -4 -6 -6 -5 -2  1  4
  0  1  2  3  2  1  0 -1 -2 -2 -2 -2  0 *  2  3  3  2  0 -1 -2 -3 -2 -2 -1  0  2
 4525.771 -140.959
 -1  2  4  5  5  4  2 -1 -4 -5 -5 -3 -1 *  4  5  5  4  1 -1 -4 -6 -6 -5 -2  1  3
  0  1  3  3  2  1  0 -1 -2 -2 -2 -2  0 *  2  2  3  2  0 -1 -3 -3 -3 -2 -1  0  2
 4525.771 -136.258
 -1  2  4  5  5  4  1 -1 -4 -5 -5 -3 -1 *  3  4  5  4  2 -1 -4 -6 -6 -5 -3  0  3
  0  1  2  3  2  1  0 -1 -2 -2 -2 -2  0 *  2  2  3  2  0 -1 -2 -3 -3 -2 -1  0  1
 4525.771 -131.558
  0  2  4  5  5  4  2 -1 -3 -5 -4 -3 -1 *  3  4  5  4  2 -1 -3 -5 -6 -5 -3  0  3
  0  2  2  3  2  1  0 -1 -2 -2 -2 -2  0 *  2  2  3  2  1 -1 -2 -3 -3 -2 -1  0  1
 4525.771 -126.858
  0  2  4  5  4  3  2 -1 -3 -4 -4 -2 -1 *  2  4  5  5  2  0 -2 -5 -6 -5 -3 -1  2
  1  2  2  3  2  1  0 -1 -2 -2 -2 -1  0 *  2  2  3  2  1 -1 -2 -3 -3 -2 -1  0  1
 4525.771 -122.158
  0  2  4  4  4  3  1 -1 -3 -4 -3 -2 -1 *  2  4  6  5  3  1 -1 -4 -6 -6 -4 -1  2
  1  2  2  2  2  1  0 -1 -2 -2 -2 -1  0 *  2  3  3  3  2  0 -2 -2 -3 -2 -1  0  1
 4525.771 -117.458
  1  2  4  4  3  3  1 -1 -2 -3 -2 -1  0 *  2  4  6  6  4  1 -1 -4 -7 -7 -5 -1  2
  1  2  2  2  2  1  0 -1 -1 -1 -1  0  1 *  1  3  3  3  2  0 -2 -3 -4 -3 -2 -1  1
 4525.771 -112.758
  1  2  3  3  2  1  0 -1 -2 -1  0  1  1 *  3  6  7  7  5  2 -1 -5 -7 -7 -3  0  3
  1  1  2  1  1  0  0 -1 -1  0  0  1  1 *  2  3  4  3  2  0 -2 -4 -4 -3 -1  0  2
 4529.020 -258.510
 -1  2  4  6  6  4  2 -2 -4 -6 -6 -5 -2 *  4  5  5  3  1 -2 -4 -6 -5 -4 -1  2  4
  0  1  3  3  3  2  0 -1 -2 -3 -3 -2 -1 *  2  2  2  1  0 -2 -3 -3 -2 -1  0  1  2
 4529.020 -253.810
 -1  2  4  6  6  4  2 -1 -4 -6 -6 -5 -2 *  4  5  5  3  1 -2 -4 -6 -5 -4 -1  1  4
  0  1  2  3  3  2  0 -1 -2 -3 -3 -2 -1 *  2  2  2  1  0 -2 -3 -3 -2 -1  0  1  2
 4529.020 -249.110
 -1  2  4  6  6  5  2 -1 -4 -6 -6 -4 -2 *  4  5  5  3  1 -2 -4 -6 -6 -4 -2  1  4
  0  1  2  3  3  2  0 -1 -2 -3 -3 -2 -1 *  2  2  2  1  0 -2 -3 -3 -2 -2  0  1  2
 4529.020 -244.410
 -1  1  4  6  6  4  2 -1 -4 -5 -5 -4 -2 *  4  5  5  3  1 -2 -4 -6 -6 -4 -2  1  3
  0  1  2  3  3  2  0 -1 -2 -2 -2 -2 -1 *  2  2  2  1  0 -1 -2 -3 -2 -2 -1  0  2
 4529.020 -239.710
 -1  1  4  5  6  4  2 -1 -4 -5 -5 -4 -2 *  4  5  5  4  1 -1 -4 -5 -6 -4 -2  1  3
  0  1  2  3  3  2  0 -1 -2 -2 -2 -2 -1 *  2  2  2  2  0 -1 -2 -3 -2 -2 -1  0  2
 4529.020 -235.010
 -1  1  4  5  6  4  2 -1 -3 -5 -5 -4 -2 *  4  5  5  4  1 -1 -4 -5 -6 -4 -2  1  3
  0  1  2  3  3  2  0 -1 -2 -2 -2 -2 -1 *  2  2  2  2  0 -1 -2 -3 -2 -2 -1  0  2
 4529.020 -230.310
 -1  1  4  5  5  4  2 -1 -3 -5 -5 -4 -2 *  4  5  5  4  1 -1 -4 -5 -6 -4 -2  1  3
  0  1  2  3  3  2  1 -1 -2 -2 -2 -2 -1 *  2  2  2  2  0 -1 -2 -3 -2 -2 -1  0  2
 4529.020 -225.609
 -1  1  4  5  5  4  2 -1 -3 -5 -5 -4 -2 *  4  5  5  4  1 -1 -4 -5 -6 -4 -2  1  3
  0  1  2  3  3  2  0 -1 -2 -2 -2 -2 -1 *  2  2  2  2  0 -1 -2 -3 -2 -2 -1  0  2
 4529.020 -220.909
 -1  1  4  5  5  4  2 -1 -3 -5 -5 -4 -2 *  4  5  5  4  1 -1 -4 -5 -5 -4 -2  1  3
  0  1  2  3  3  2  0 -1 -2 -2 -2 -2 -1 *  2  2  2  2  0 -1 -2 -3 -2 -2 -1  0  2
 4529.020 -216.209
 -1  1  4  5  5  4  2 -1 -3 -5 -5 -4 -2 *  4  5  5  4  1 -1 -4 -5 -6 -4 -2  1  3
  0  1  2  3  3  2  0 -1 -2 -2 -2 -2 -1 *  2  2  2  2  0 -1 -2 -3 -2 -2 -1  0  2
 4529.020 -211.509
 -1  1  4  5  5  4  2 -1 -3 -5 -5 -4 -2 *  4  5  5  4  2 -1 -4 -5 -6 -4 -2  1  3
  0  1  2  3  3  2  0 -1 -2 -2 -2 -2 -1 *  2  2  3  2  0 -1 -2 -3 -2 -2 -1  0  2
 4529.020 -206.809
 -1  1  4  5  5  4  2 -1 -4 -5 -5 -4 -2 *  4  5  5  4  2 -1 -4 -6 -6 -5 -2  1  3
  0  1  2  3  3  2  0 -1 -2 -2 -2 -2 -1 *  2  2  3  2  0 -1 -3 -3 -2 -2 -1  0  2
 4529.020 -202.109
 -1  2  4  5  5  4  2 -1 -4 -5 -5 -4 -2 *  4  5  5  4  2 -1 -4 -6 -6 -5 -2  1  3
  0  1  2  3  3  2  0 -1 -2 -2 -2 -2 -1 *  2  2  3  2  0 -1 -3 -3 -2 -2 -1  0  2
 4529.020 -157.409
 -1  2  4  5  5  4  2 -1 -4 -5 -5 -4 -2 *  4  5  5  4  2 -1 -4 -6 -6 -5 -2  1  3
  0  1  2  3  2  1  0 -1 -2 -2 -2 -2 -1 *  2  2  3  2  0 -1 -2 -3 -2 -2 -1  0  2
 4529.021 -152.709
 -1  2  4  5  5  4  2 -1 -3 -5 -5 -3 -1 *  4  5  5  4  2 -1 -4 -6 -6 -5 -2  1  3
  0  1  2  3  2  1  0 -1 -2 -2 -2 -2 -1 *  2  2  3  2  0 -1 -2 -3 -2 -2 -1  0  2
 4529.021 -148.009
 -1  2  4  5  5  4  2 -1 -4 -5 -5 -3 -1 *  4  5  5  4  2 -1 -4 -6 -6 -5 -2  1  3
  0  1  2  3  2  1  0 -1 -2 -2 -2 -2  0 *  2  2  3  2  0 -1 -2 -3 -2 -2 -1  0  2
 4529.021 -143.309
 -1  2  4  5  5  4  2 -1 -3 -5 -5 -3 -1 *  3  5  5  4  2 -1 -4 -6 -6 -5 -2  0  3
  0  1  3  3  3  1  0 -1 -2 -2 -2 -2  0 *  2  2  3  2  0 -1 -2 -3 -2 -2 -1  0  1
 4529.021 -138.609
 -1  2  4  5  5  4  2 -1 -3 -5 -5 -3 -1 *  3  5  5  4  2 -1 -3 -6 -6 -5 -2  0  3
  0  1  2  3  2  2  0 -1 -2 -2 -2 -2  0 *  2  2  3  2  0 -1 -2 -3 -2 -2 -1  0  1
 4532.270 -256.160
 -1  2  4  6  6  5  2 -1 -4 -6 -6 -5 -2 *  4  5  5  3  1 -2 -4 -6 -6 -4 -1  1  4
  0  1  3  3  3  2  0 -1 -2 -3 -3 -2 -1 *  2  3  2  1  0 -2 -3 -3 -2 -1  0  1  2
 4532.270 -251.460
 -1  2  4  6  6  5  2 -1 -4 -6 -6 -5 -2 *  4  5  5  3  1 -2 -4 -6 -6 -4 -2  1  4
  0  1  3  3  3  2  0 -1 -2 -3 -3 -2 -1 *  2  2  2  1  0 -2 -3 -3 -2 -2  0  1  2
 4532.270 -246.760
 -1  2  4  6  6  5  2 -1 -4 -5 -6 -4 -2 *  4  5  5  3  1 -2 -4 -6 -6 -4 -2  1  3
  0  1  3  3  3  2  0 -1 -2 -2 -3 -2 -1 *  2  2  2  1  0 -2 -3 -3 -2 -2 -1  1  2
 4532.270 -242.060
 -1  1  4  6  6  4  2 -1 -4 -5 -5 -4 -2 *  4  5  5  3  1 -2 -4 -5 -6 -4 -2  1  3
  0  1  2  3  3  2  0 -1 -2 -2 -2 -2 -1 *  2  2  2  1  0 -1 -2 -3 -2 -2 -1  0  2
 4532.270 -237.360
 -1  1  4  6  6  4  2 -1 -3 -5 -5 -4 -2 *  4  5  5  4  1 -1 -4 -5 -5 -4 -2  1  3
  0  1  2  3  3  2  0 -1 -2 -2 -2 -2 -1 *  2  2  2  2  0 -1 -2 -3 -2 -2 -1  0  2
 4532.270 -232.660
 -1  1  4  5  6  4  2 -1 -3 -5 -5 -4 -2 *  4  5  5  4  1 -1 -4 -5 -5 -4 -2  1  3
  0  1  2  3  3  2  0 -1 -2 -2 -2 -2 -1 *  2  2  2  1  0 -1 -2 -3 -2 -2 -1  0  2
 4532.270 -227.960
 -1  1  4  5  5  4  2 -1 -3 -5 -5 -4 -2 *  3  5  5  4  1 -1 -4 -5 -5 -4 -2  1  3
  0  1  2  3  3  2  0 -1 -2 -2 -2 -2 -1 *  2  2  2  2  0 -1 -2 -3 -2 -2 -1  0  2
 4532.270 -223.259
 -1  1  4  5  5  4  2 -1 -3 -5 -5 -4 -2 *  3  5  5  4  1 -1 -3 -5 -5 -4 -2  1  3
  0  1  2  3  3  2  0 -1 -2 -2 -2 -2 -1 *  2  2  2  2  0 -1 -2 -3 -2 -2 -1  0  2
 4532.270 -218.559
 -1  1  4  5  5  4  2 -1 -3 -5 -5 -4 -2 *  4  5  5  4  2 -1 -3 -5 -5 -4 -2  1  3
  0  1  2  3  3  2  0 -1 -2 -2 -2 -2 -1 *  2  2  2  2  0 -1 -2 -3 -2 -2 -1  0  2
 4532.270 -213.859
 -1  1  4  5  5  4  2 -1 -3 -5 -5 -4 -2 *  4  5  5  4  2 -1 -3 -5 -5 -4 -2  1  3
  0  1  2  3  3  2  0 -1 -2 -2 -2 -2 -1 *  2  2  3  2  0 -1 -2 -3 -2 -1 -1  0  2
 4532.270 -209.159
 -1  1  4  5  5  4  2 -1 -4 -5 -5 -4 -2 *  4  5  5  4  2 -1 -4 -6 -6 -4 -2  1  3
  0  1  2  3  3  2  0 -1 -2 -2 -3 -2 -1 *  2  2  3  2  0 -1 -2 -3 -2 -2 -1  0  2
 4532.270 -204.459
 -1  1  4  5  5  4  2 -1 -4 -5 -5 -4 -2 *  4  5  5  4  2 -1 -4 -6 -6 -5 -2  1  3
  0  1  2  3  3  2  0 -1 -2 -2 -2 -2 -1 *  2  2  3  2  0 -1 -3 -3 -3 -2 -1  0  2
 4532.271 -159.759
 -1  2  4  5  5  4  2 -1 -4 -5 -5 -4 -2 *  4  5  5  4  2 -1 -4 -6 -6 -5 -2  0  3
  0  1  2  3  3  2  0 -1 -2 -2 -2 -2 -1 *  2  2  2  2  0 -1 -3 -3 -2 -2 -1  0  1
 4532.271 -155.059
 -1  2  4  5  5  4  2 -1 -4 -5 -5 -4 -1 *  3  5  5  4  2 -1 -4 -5 -6 -4 -2  0  3
  0  1  2  3  3  2  0 -1 -2 -2 -2 -2 -1 *  2  2  3  2  0 -1 -2 -3 -2 -2 -1  0  1
 4532.271 -150.359
 -1  2  4  5  5  4  2 -1 -3 -5 -5 -3 -1 *  3  5  5  4  2 -1 -3 -5 -6 -5 -2  0  3
  0  1  2  3  2  1  0 -1 -2 -2 -2 -2 -1 *  2  2  2  2  0 -1 -2 -3 -2 -2 -1  0  1
 4532.271 -145.659
 -1  2  4  5  5  4  2 -1 -3 -5 -5 -3 -1 *  3  5  5  4  2 -1 -3 -5 -6 -5 -2  0  3
  0  1  3  3  3  2  0 -1 -2 -2 -2 -2  0 *  2  2  3  2  0 -1 -2 -3 -2 -2 -1  0  1
 4532.271 -140.959
 -1  2  4  5  5  4  2 -1 -3 -5 -5 -3 -1 *  3  5  5  4  2 -1 -3 -6 -6 -5 -3  0  3
  0  1  2  3  2  2  0 -1 -2 -2 -2 -2  0 *  2  2  3  2  0 -1 -2 -3 -2 -2 -1  0  1
 4535.520 -258.510
 -1  2  5  6  6  5  2 -1 -4 -6 -6 -5 -2 *  4  5  5  3  1 -2 -4 -6 -6 -4 -2  1  4
  0  1  3  3  3  2  0 -1 -2 -3 -3 -2 -1 *  2  3  2  1  0 -2 -3 -3 -2 -1  0  1  2
 4535.520 -253.810
 -1  2  5  6  6  5  2 -1 -4 -6 -6 -5 -2 *  4  5  5  3  1 -2 -4 -6 -6 -4 -2  1  4
  0  1  3  3  3  2  0 -1 -2 -3 -3 -2 -1 *  2  2  2  1  0 -2 -3 -3 -2 -1  0  1  2
 4535.520 -249.110
 -1  2  4  6  6  5  2 -1 -4 -6 -6 -4 -2 *  4  5  5  3  1 -2 -4 -6 -6 -4 -2  1  3
  0  1  3  3  3  2  0 -1 -2 -3 -3 -2 -1 *  2  2  2  1  0 -2 -3 -3 -2 -2 -1  1  2
 4535.520 -244.410
 -1  2  4  6  6  5  2 -1 -4 -5 -5 -4 -2 *  4  5  5  3  1 -2 -4 -6 -6 -4 -2  1  3
  0  1  3  3  3  2  0 -1 -2 -2 -2 -2 -1 *  2  2  2  1  0 -2 -3 -3 -2 -2 -1  0  2
 4535.520 -239.710
 -1  2  4  6  6  4  2 -1 -3 -5 -5 -4 -2 *  4  5  5  3  1 -2 -4 -5 -5 -4 -2  1  3
  0  1  2  3  3  2  0 -1 -2 -2 -2 -2 -1 *  2  2  2  1  0 -1 -2 -3 -2 -2 -1  0  2
 4535.520 -235.010
 -1  2  4  5  6  4  2 -1 -3 -5 -5 -4 -2 *  4  5  5  3  1 -1 -4 -5 -5 -4 -2  1  3
  0  1  2  3  3  2  0 -1 -2 -2 -2 -2 -1 *  2  2  2  1  0 -1 -2 -3 -2 -2 -1  0  2
 4535.520 -230.310
 -1  1  4  5  5  4  2 -1 -3 -5 -5 -4 -2 *  3  5  5  3  1 -1 -3 -5 -5 -4 -2  1  3
  0  1  2  3  3  2  0 -1 -2 -2 -2 -2 -1 *  2  2  2  2  0 -1 -2 -3 -2 -1 -1  0  2
 4535.520 -225.610
 -1  1  4  5  5  4  2 -1 -3 -5 -5 -4 -2 *  3  5  5  4  1 -1 -3 -5 -5 -4 -2  1  3
  0  1  2  3  3  2  0 -1 -2 -2 -2 -2 -1 *  2  2  2  2  0 -1 -2 -3 -2 -1 -1  0  2
 4535.520 -220.910
 -1  1  4  5  5  4  2 -1 -3 -5 -5 -4 -2 *  3  5  5  4  2 -1 -3 -5 -5 -4 -2  1  3
  0  1  2  3  3  2  0 -1 -2 -2 -2 -2 -1 *  2  2  2  2  0 -1 -2 -3 -2 -1 -1  0  2
 4535.520 -216.209
 -1  1  4  5  5  4  2 -1 -3 -5 -5 -4 -2 *  4  5  5  4  2 -1 -3 -5 -5 -4 -2  1  3
  0  1  2  3  3  2  0 -1 -2 -2 -2 -2 -1 *  2  2  2  2  0 -1 -2 -3 -2 -1 -1  0  2
 4535.520 -211.509
 -1  1  4  5  5  4  2 -1 -4 -5 -5 -4 -2 *  4  5  5  4  2 -1 -3 -5 -5 -4 -2  1  3
  0  1  2  3  3  2  0 -1 -2 -2 -2 -2 -1 *  2  2  3  2  0 -1 -2 -3 -2 -1 -1  0  2
 4535.521 -206.809
 -1  2  4  6  5  4  2 -1 -4 -5 -5 -4 -2 *  4  5  5  4  2 -1 -4 -6 -6 -4 -2  1  3
  0  1  2  3  3  2  0 -1 -2 -2 -2 -2 -1 *  2  2  2  2  0 -1 -2 -3 -2 -2 -1  0  2
 4535.521 -202.109
 -1  2  4  5  5  4  2 -1 -4 -5 -5 -4 -2 *  4  5  5  4  2 -1 -4 -6 -6 -5 -2  0  3
  0  1  2  3  3  2  0 -1 -2 -2 -2 -2 -1 *  2  2  2  2  0 -1 -3 -3 -2 -2 -1  0  1
 4535.521 -157.409
 -1  2  4  5  5  4  2 -1 -4 -5 -5 -4 -2 *  4  5  5  4  2 -1 -4 -6 -6 -5 -2  0  3
  0  1  2  3  3  2  0 -1 -2 -2 -2 -2 -1 *  2  2  2  2  0 -1 -2 -3 -2 -2 -1  0  1
 4535.521 -152.709
 -1  2  4  5  5  4  2 -1 -3 -5 -5 -3 -1 *  3  5  5  4  2 -1 -3 -5 -6 -4 -2  0  3
  0  1  2  3  3  2  0 -1 -2 -2 -2 -2 -1 *  2  2  2  2  0 -1 -2 -3 -2 -2 -1  0  1
 4535.521 -148.009
 -1  2  4  5  5  4  2 -1 -3 -5 -5 -3 -1 *  3  5  5  4  2 -1 -3 -5 -5 -4 -2  0  3
  0  1  2  3  2  1  0 -1 -2 -2 -2 -2  0 *  2  2  2  2  0 -1 -2 -3 -2 -2 -1  0  1
 4535.521 -143.309
 -1  2  4  5  5  4  2 -1 -3 -5 -5 -3 -1 *  3  5  5  4  2 -1 -3 -5 -5 -4 -2  0  3
  0  1  3  3  3  2  0 -1 -2 -2 -2 -2  0 *  2  2  2  2  0 -1 -2 -3 -2 -2 -1  0  1
 4535.521 -138.609
 -1  1  4  5  5  4  2 -1 -3 -5 -5 -3 -1 *  3  5  5  4  2 -1 -3 -5 -5 -5 -3  0  3
  0  1  2  3  3  2  0 -1 -2 -2 -2 -2  0 *  2  2  2  2  0 -1 -2 -3 -2 -2 -1  0  1
 4538.770 -256.160
 -1  2  5  6  6  5  2 -1 -4 -6 -6 -5 -2 *  4  5  5  4  1 -2 -4 -6 -6 -4 -2  1  4
  0  1  3  3  3  2  0 -1 -2 -3 -3 -2 -1 *  2  2  2  1  0 -2 -3 -3 -2 -1  0  1  2
 4538.770 -251.460
 -1  2  5  6  6  5  2 -1 -4 -5 -6 -4 -2 *  4  5  5  3  1 -2 -4 -6 -6 -4 -2  1  3
  0  1  3  3  3  2  1 -1 -2 -2 -2 -2 -1 *  2  2  2  1  0 -2 -3 -3 -2 -2 -1  1  2
 4538.770 -246.760
 -1  2  4  6  6  5  2 -1 -3 -5 -5 -4 -2 *  4  5  5  3  1 -2 -4 -5 -5 -4 -2  1  3
  0  1  3  3  3  2  1 -1 -2 -2 -2 -2 -1 *  2  2  2  1  0 -2 -2 -3 -2 -1 -1  1  2
 4538.770 -242.060
 -1  2  4  6  6  5  2 -1 -3 -5 -5 -4 -2 *  4  5  5  3  1 -2 -4 -5 -5 -4 -2  1  3
  0  1  2  3  3  2  0 -1 -2 -2 -2 -2 -1 *  2  2  2  1  0 -1 -2 -3 -2 -1 -1  0  2
 4538.770 -237.360
 -1  1  4  5  6  4  2 -1 -3 -5 -5 -4 -2 *  3  4  5  3  1 -1 -4 -5 -5 -4 -2  1  3
  0  1  2  3  3  2  0 -1 -2 -2 -2 -2 -1 *  2  2  2  1  0 -1 -2 -3 -2 -1 -1  0  2
 4538.770 -232.660
 -1  1  4  5  5  4  2 -1 -3 -5 -5 -4 -2 *  3  4  5  3  1 -1 -3 -5 -5 -4 -2  1  3
  0  1  2  3  3  2  0 -1 -2 -2 -2 -2 -1 *  2  2  2  1  0 -1 -2 -3 -2 -1 -1  0  1
 4538.770 -227.960
 -1  1  4  5  5  4  2 -1 -3 -5 -5 -4 -2 *  3  4  5  3  1 -1 -3 -5 -5 -4 -2  1  3
  0  1  2  3  3  2  0 -1 -2 -2 -2 -2 -1 *  2  2  2  2  0 -1 -2 -2 -2 -1 -1  0  1
 4538.770 -223.260
 -1  1  4  5  5  4  2 -1 -3 -5 -5 -4 -2 *  3  5  5  4  2 -1 -3 -5 -5 -4 -2  1  3
  0  1  2  3  3  2  0 -1 -2 -2 -2 -2 -1 *  2  2  2  2  0 -1 -2 -2 -2 -1 -1  0  2
 4538.770 -218.560
 -1  1  4  5  5  4  2 -1 -3 -5 -5 -4 -2 *  4  5  5  4  2 -1 -3 -5 -5 -4 -2  1  3
  0  1  2  3  3  2  0 -1 -2 -2 -2 -2 -1 *  2  2  2  2  0 -1 -2 -2 -2 -1 -1  0  2
 4538.771 -213.859
 -1  1  4  5  5  4  2 -1 -4 -5 -5 -4 -2 *  4  5  5  4  2 -1 -3 -5 -5 -4 -2  1  3
  0  1  2  3  3  2  0 -1 -2 -2 -2 -2 -1 *  2  2  2  2  0 -1 -2 -3 -2 -1 -1  0  2
 4538.771 -209.159
 -1  2  4  6  5  4  2 -1 -4 -5 -5 -4 -2 *  4  5  5  4  2 -1 -3 -5 -5 -4 -2  1  3
  0  1  2  3  3  2  0 -1 -2 -2 -2 -2 -1 *  2  2  2  2  0 -1 -2 -3 -2 -2 -1  0  2
 4538.771 -204.459
 -1  2  4  6  5  4  2 -1 -4 -5 -5 -4 -2 *  3  5  5  4  2 -1 -3 -5 -6 -4 -2  0  3
  0  1  3  3  3  2  0 -1 -2 -2 -2 -2 -1 *  2  2  2  2  0 -1 -2 -3 -2 -2 -1  0  1
 4538.771 -159.759
 -1  2  4  5  5  4  2 -1 -3 -5 -5 -4 -2 *  3  5  5  4  2 -1 -3 -5 -6 -4 -2  0  3
  0  1  2  3  3  2  0 -1 -2 -2 -2 -2 -1 *  2  2  2  2  0 -1 -2 -3 -2 -2 -1  0  1
 4538.771 -155.059
 -1  2  4  5  5  4  2 -1 -3 -5 -5 -4 -2 *  3  5  5  4  2 -1 -3 -5 -6 -4 -2  0  3
  0  1  2  3  2  1  0 -1 -2 -2 -2 -2 -1 *  2  2  2  2  0 -1 -2 -3 -2 -2 -1  0  1
 4538.771 -150.359
 -1  2  4  5  5  4  2 -1 -3 -5 -5 -3 -1 *  3  5  5  4  2 -1 -3 -5 -6 -4 -2  0  3
  0  1  2  3  3  1  0 -1 -2 -2 -2 -2 -1 *  2  2  2  2  0 -1 -2 -3 -2 -2 -1  0  1
 4538.771 -145.659
 -1  1  4  5  5  4  1 -1 -3 -5 -5 -3 -1 *  3  5  5  4  2 -1 -3 -5 -5 -4 -2  0  3
  0  1  2  3  2  1  0 -1 -2 -2 -2 -2 -1 *  2  2  2  2  0 -1 -2 -3 -2 -2 -1  0  1
 4538.771 -140.959
 -1  1  4  5  4  4  1 -1 -4 -5 -5 -4 -2 *  3  4  5  4  2 -1 -3 -5 -5 -4 -2  0  3
  0  1  2  3  2  1  0 -1 -2 -2 -2 -2 -1 *  2  2  2  2  0 -1 -2 -3 -2 -2 -1  0  1
 4542.020 -258.510
 -1  2  4  6  6  5  2 -1 -4 -6 -6 -5 -2 *  4  5  5  3  1 -2 -4 -5 -5 -4 -2  1  3
  0  1  3  3  3  2  0 -1 -2 -3 -3 -2 -1 *  2  2  2  1  0 -1 -2 -3 -2 -1  0  1  2
 4542.020 -253.810
 -1  2  4  6  6  5  2 -1 -4 -5 -6 -4 -2 *  4  5  5  3  1 -2 -4 -5 -5 -4 -2  1  3
  0  1  3  3  3  2  0 -1 -2 -2 -3 -2 -1 *  2  2  2  1  0 -2 -2 -3 -2 -2 -1  1  2
 4542.020 -249.110
 -1  2  4  6  6  5  2 -1 -4 -5 -5 -4 -2 *  4  5  5  3  1 -2 -4 -5 -5 -4 -2  1  3
  0  1  3  3  3  2  0 -1 -2 -2 -2 -2 -1 *  2  2  2  1  0 -1 -2 -3 -2 -1 -1  0  2
 4542.020 -244.410
 -1  2  4  6  6  4  2 -1 -3 -5 -5 -4 -2 *  4  5  5  3  1 -2 -4 -5 -5 -4 -2  1  3
  0  1  2  3  3  2  0 -1 -2 -2 -2 -2 -1 *  2  2  2  1  0 -1 -2 -3 -2 -1 -1  0  2
 4542.020 -239.710
 -1  1  4  6  6  4  2 -1 -3 -5 -5 -4 -2 *  4  5  5  3  1 -1 -4 -5 -5 -4 -2  1  3
  0  1  2  3  3  2  0 -1 -2 -2 -2 -2 -1 *  2  2  2  1  0 -1 -2 -3 -2 -1 -1  0  2
 4542.020 -235.010
 -1  1  4  5  5  4  2 -1 -3 -5 -5 -4 -2 *  3  4  4  3  1 -1 -3 -5 -5 -4 -2  1  3
  0  1  2  3  3  2  0 -1 -2 -2 -2 -2 -1 *  2  2  2  1  0 -1 -2 -3 -2 -1 -1  0  2
 4542.020 -230.310
 -1  1  4  5  5  4  2 -1 -3 -5 -5 -4 -2 *  3  4  5  3  1 -1 -3 -5 -5 -4 -2  1  3
  0  1  2  3  3  2  0 -1 -2 -2 -2 -2 -1 *  2  2  2  1  0 -1 -2 -2 -2 -1 -1  0  2
 4542.020 -225.610
 -1  1  4  5  5  4  2 -1 -3 -5 -5 -4 -2 *  3  4  5  4  1 -1 -3 -5 -5 -4 -2  1  3
  0  1  2  3  3  2  0 -1 -2 -2 -2 -2 -1 *  2  2  2  2  0 -1 -2 -2 -2 -1 -1  0  1
 4542.020 -220.910
 -1  1  4  5  5  4  2 -1 -3 -5 -5 -4 -2 *  3  4  5  4  2 -1 -3 -5 -5 -4 -2  1  3
  0  1  2  3  3  2  0 -1 -2 -2 -2 -2 -1 *  2  2  2  2  0 -1 -2 -2 -2 -1 -1  0  2
 4542.021 -216.210
 -1  1  4  5  5  4  2 -1 -4 -5 -5 -4 -2 *  3  5  5  4  2 -1 -3 -5 -5 -4 -2  1  3
  0  1  2  3  3  2  0 -1 -2 -2 -2 -2 -1 *  2  2  2  2  0 -1 -2 -2 -2 -1 -1  0  2
 4542.021 -211.509
 -1  2  4  6  5  4  2 -1 -4 -5 -5 -4 -2 *  4  5  5  4  2 -1 -3 -5 -5 -4 -2  1  3
  0  1  2  3  3  2  0 -1 -2 -2 -2 -2 -1 *  2  2  2  2  0 -1 -2 -2 -2 -1 -1  0  2
 4542.021 -206.809
 -1  2  4  6  5  4  2 -1 -3 -5 -5 -4 -2 *  3  5  5  4  2 -1 -3 -5 -5 -4 -2  0  3
  0  1  3  3  3  2  0 -1 -2 -2 -2 -2 -1 *  2  2  2  2  0 -1 -2 -3 -2 -2 -1  0  1
 4542.021 -202.109
 -1  2  4  5  5  4  2 -1 -3 -5 -5 -4 -1 *  3  4  5  4  2 -1 -3 -5 -5 -4 -2  0  3
  0  1  2  3  3  2  0 -1 -2 -2 -2 -2 -1 *  2  2  2  2  0 -1 -2 -3 -2 -2 -1  0  1
 4542.021 -157.409
 -1  2  4  5  5  4  2 -1 -3 -5 -5 -4 -1 *  3  4  5  4  2 -1 -3 -5 -5 -4 -2  0  3
  0  1  2  3  3  2  0 -1 -2 -2 -2 -2 -1 *  2  2  2  2  0 -1 -2 -3 -2 -2 -1  0  1
 4542.021 -152.709
 -1  2  4  5  5  4  2 -1 -3 -5 -5 -3 -1 *  3  5  5  4  2 -1 -3 -5 -5 -4 -2  0  3
  0  1  2  3  3  1  0 -1 -2 -2 -2 -2 -1 *  2  2  2  2  0 -1 -2 -3 -2 -2 -1  0  1
 4542.021 -148.009
 -1  2  4  5  5  4  1 -1 -3 -5 -5 -3 -1 *  3  5  5  4  2 -1 -3 -5 -5 -4 -2  0  3
  0  1  2  3  2  1  0 -1 -2 -2 -2 -2 -1 *  2  2  2  2  0 -1 -2 -3 -2 -2 -1  0  1
 4542.021 -143.309
 -1  1  4  5  4  4  1 -1 -4 -5 -5 -4 -1 *  4  5  5  4  2 -1 -3 -5 -5 -4 -2  0  3
  0  1  2  3  2  1  0 -1 -2 -2 -2 -2 -1 *  2  2  3  2  1 -1 -2 -3 -2 -2 -1  0  1
 4542.021 -138.609
 -1  1  3  5  4  3  1 -1 -3 -5 -5 -3 -2 *  4  5  5  4  2 -1 -3 -5 -5 -4 -2  0  3
  0  1  2  3  2  1  0 -1 -2 -2 -2 -2 -1 *  2  2  2  2  1 -1 -2 -3 -2 -2 -1  0  1
 4545.270 -256.160
 -2  1  4  6  6  5  2 -1 -4 -6 -6 -5 -2 *  4  5  5  3  1 -2 -4 -6 -6 -4 -2  1  3
  0  1  3  3  3  2  0 -1 -2 -3 -3 -2 -1 *  2  2  2  1  0 -2 -3 -3 -2 -2 -1  0  2
 4545.270 -251.460
 -2  1  4  6  6  4  2 -1 -4 -6 -6 -5 -2 *  4  5  5  3  1 -2 -4 -5 -5 -4 -2  1  3
  0  1  2  3  3  2  0 -1 -2 -3 -3 -2 -1 *  2  2  2  1  0 -1 -2 -3 -2 -2 -1  0  2
 4545.270 -246.760
 -1  1  4  6  6  4  2 -1 -4 -5 -6 -4 -2 *  4  5  5  3  1 -1 -4 -5 -5 -4 -2  1  3
  0  1  2  3  3  2  0 -1 -2 -2 -3 -2 -1 *  2  2  2  1  0 -1 -2 -3 -2 -1 -1  0  2
 4545.270 -242.060
 -1  1  4  6  6  4  2 -1 -4 -5 -5 -4 -2 *  4  5  5  3  1 -1 -4 -5 -5 -4 -2  1  3
  0  1  2  3  3  2  0 -1 -2 -2 -2 -2 -1 *  2  2  2  1  0 -1 -2 -3 -2 -1 -1  0  2
 4545.270 -237.360
 -1  1  4  5  5  4  2 -1 -4 -5 -5 -4 -2 *  3  4  4  3  1 -1 -4 -5 -5 -4 -2  1  3
  0  1  2  3  3  2  0 -1 -2 -2 -2 -2 -1 *  2  2  2  1  0 -1 -2 -3 -2 -1 -1  0  2
 4545.270 -232.660
 -1  1  4  5  5  4  2 -1 -4 -5 -5 -4 -2 *  3  4  4  3  1 -1 -3 -5 -5 -4 -2  1  3
  0  1  2  3  3  2  0 -1 -2 -2 -2 -2 -1 *  2  2  2  1  0 -1 -2 -3 -2 -1 -1  0  2
 4545.271 -227.960
 -1  1  4  5  5  4  2 -1 -3 -5 -5 -4 -2 *  3  4  4  3  1 -1 -3 -5 -5 -4 -2  0  3
  0  1  2  3  3  2  0 -1 -2 -2 -2 -2 -1 *  2  2  2  1  0 -1 -2 -3 -2 -1 -1  0  1
 4545.271 -223.260
 -1  1  4  5  5  4  2 -1 -3 -5 -5 -4 -2 *  3  4  5  4  2 -1 -3 -5 -5 -4 -2  1  3
  0  1  2  3  3  2  0 -1 -2 -2 -2 -2 -1 *  2  2  2  2  0 -1 -2 -2 -2 -1 -1  0  1
 4545.271 -218.560
 -1  1  4  5  5  4  2 -1 -4 -5 -5 -4 -2 *  3  4  5  4  2 -1 -3 -5 -5 -4 -2  1  3
  0  1  2  3  3  2  0 -1 -2 -2 -2 -2 -1 *  2  2  2  2  0 -1 -2 -2 -2 -1 -1  0  2
 4545.271 -213.860
 -1  1  4  5  5  4  2 -1 -4 -5 -5 -4 -2 *  3  4  5  4  2 -1 -3 -5 -5 -4 -2  0  3
  0  1  2  3  3  2  0 -1 -2 -2 -2 -2 -1 *  2  2  2  2  0 -1 -2 -2 -2 -1 -1  0  1
 4545.271 -209.159
 -1  2  4  6  5  4  2 -1 -3 -5 -5 -4 -2 *  3  4  5  4  2 -1 -3 -5 -5 -4 -2  0  3
  0  1  3  3  3  2  0 -1 -2 -2 -2 -2 -1 *  2  2  2  2  0 -1 -2 -3 -2 -1 -1  0  1
 4545.271 -204.459
 -1  2  4  5  5  4  2 -1 -3 -5 -5 -4 -1 *  3  4  5  4  2 -1 -3 -5 -5 -4 -2  0  3
  0  1  3  3  3  2  0 -1 -2 -2 -2 -2 -1 *  2  2  2  2  0 -1 -2 -3 -2 -2 -1  0  1
 4545.271 -159.759
 -1  2  4  5  5  4  2 -1 -3 -5 -5 -4 -1 *  3  4  5  4  2 -1 -3 -5 -5 -4 -2  0  3
  0  1  2  3  3  1  0 -1 -2 -2 -2 -2 -1 *  2  2  2  2  0 -1 -2 -3 -2 -2 -1  0  1
 4545.271 -155.059
 -1  2  4  5  5  4  2 -1 -3 -5 -5 -4 -1 *  3  4  5  4  2 -1 -3 -5 -5 -4 -2  0  3
  0  1  2  3  3  1  0 -1 -2 -2 -2 -2 -1 *  2  2  2  2  1 -1 -2 -3 -2 -2 -1  0  1
 4545.271 -150.359
 -1  2  4  5  5  4  1 -1 -4 -5 -5 -4 -1 *  3  4  5  4  2 -1 -3 -5 -5 -4 -2  0  3
  0  1  2  3  2  1  0 -1 -2 -2 -2 -2 -1 *  2  2  2  2  1 -1 -2 -3 -2 -2 -1  0  1
 4545.271 -145.659
 -1  1  4  5  5  4  1 -1 -3 -5 -5 -3 -1 *  3  4  5  4  2 -1 -3 -5 -5 -4 -2  0  3
  0  1  2  3  2  1  0 -1 -2 -2 -2 -2 -1 *  2  2  2  2  1 -1 -2 -3 -2 -2 -1  0  1
 4548.520 -258.510
 -2  1  4  6  6  5  2 -1 -4 -6 -6 -5 -2 *  4  5  5  4  1 -2 -4 -6 -6 -4 -2  1  3
  0  1  2  3  3  2  0 -1 -2 -3 -3 -3 -1 *  2  2  2  1  0 -2 -3 -3 -3 -2 -1  1  2
 4548.520 -253.810
 -2  1  4  6  6  5  2 -1 -4 -6 -6 -5 -2 *  4  5  5  3  1 -2 -4 -6 -6 -4 -2  1  3
  0  1  2  3  3  2  0 -1 -2 -3 -3 -3 -1 *  2  2  2  1  0 -2 -3 -3 -3 -2 -1  0  2
 4548.520 -249.110
 -2  1  4  6  6  5  2 -1 -4 -5 -6 -5 -2 *  4  5  5  3  1 -2 -4 -6 -6 -4 -2  1  3
  0  1  2  3  3  2  0 -1 -2 -3 -3 -2 -1 *  2  2  2  1  0 -2 -3 -3 -3 -2 -1  0  2
 4548.520 -244.410
 -1  1  4  5  6  4  2 -1 -4 -5 -6 -4 -2 *  4  5  5  3  1 -1 -4 -5 -5 -4 -2  1  3
  0  1  2  3  3  2  0 -1 -2 -2 -3 -2 -1 *  2  2  2  1  0 -1 -2 -3 -2 -2 -1  0  2
 4548.520 -239.710
 -1  1  4  6  6  4  2 -1 -4 -5 -5 -4 -2 *  4  5  5  3  1 -1 -4 -5 -5 -4 -2  1  3
  0  1  2  3  3  2  0 -1 -2 -2 -2 -2 -1 *  2  2  2  1  0 -1 -2 -3 -2 -2 -1  0  2
 4548.521 -235.010
 -1  1  4  5  5  4  2 -1 -3 -5 -5 -4 -2 *  4  4  5  3  1 -1 -3 -5 -5 -4 -2  1  3
  0  1  2  3  3  2  0 -1 -2 -2 -2 -2 -1 *  2  2  2  1  0 -1 -2 -3 -2 -1  0  0  2
 4548.521 -230.310
 -1  1  4  5  6  4  2 -1 -4 -5 -6 -4 -2 *  3  4  4  3  1 -1 -4 -5 -5 -4 -2  1  3
  0  1  2  3  3  2  0 -1 -2 -2 -3 -2 -1 *  2  2  2  1  0 -1 -2 -3 -2 -2 -1  0  1
 4548.521 -225.610
 -1  1  4  5  5  4  2 -1 -3 -5 -5 -4 -2 *  3  4  4  3  1 -1 -3 -5 -5 -4 -2  0  3
  0  1  2  3  3  2  0 -1 -2 -2 -2 -2 -1 *  2  2  2  1  0 -1 -2 -3 -2 -1 -1  0  1
 4548.521 -220.910
 -1  1  4  5  5  4  2 -1 -3 -5 -5 -4 -2 *  3  4  5  4  2 -1 -3 -5 -5 -4 -2  1  3
  0  1  2  3  3  2  0 -1 -2 -2 -2 -2 -1 *  2  2  2  2  0 -1 -2 -2 -2 -1 -1  0  2
 4548.521 -216.210
 -1  2  4  6  6  4  2 -1 -4 -5 -5 -4 -2 *  3  4  5  4  2 -1 -3 -5 -5 -4 -2  0  3
  0  1  3  3  3  2  0 -1 -2 -2 -2 -2 -1 *  2  2  2  2  0 -1 -2 -2 -2 -1 -1  0  1
 4548.521 -211.510
 -1  2  4  6  5  4  2 -1 -4 -5 -5 -4 -2 *  3  4  5  4  2 -1 -3 -5 -5 -4 -2  0  3
  0  1  2  3  3  2  0 -1 -2 -2 -2 -2 -1 *  2  2  2  2  0 -1 -2 -2 -2 -1 -1  0  1
 4548.521 -206.810
 -1  2  4  6  5  4  2 -1 -4 -5 -5 -4 -2 *  3  4  5  4  2 -1 -3 -5 -5 -4 -2  0  3
  0  1  3  3  3  2  0 -1 -2 -2 -2 -2 -1 *  2  2  2  2  0 -1 -2 -3 -2 -2 -1  0  1
 4548.521 -202.109
 -1  2  4  5  5  4  2 -1 -4 -5 -5 -4 -2 *  3  4  5  4  2 -1 -3 -5 -5 -4 -2  0  3
  0  1  2  3  3  2  0 -1 -2 -2 -2 -2 -1 *  2  2  2  2  0 -1 -2 -3 -2 -2 -1  0  1
 4548.521 -157.409
 -1  2  4  5  5  4  1 -1 -4 -5 -5 -4 -2 *  3  4  5  4  2 -1 -3 -5 -5 -4 -2  0  3
  0  1  2  3  2  1  0 -1 -2 -2 -2 -2 -1 *  2  2  2  2  1 -1 -2 -3 -2 -1 -1  0  1
 4548.521 -152.709
 -1  1  4  5  5  4  1 -1 -4 -5 -5 -4 -2 *  3  4  5  4  2 -1 -3 -5 -5 -4 -2  0  3
  0  1  2  3  2  1  0 -1 -2 -2 -2 -2 -1 *  2  2  2  2  1 -1 -2 -3 -2 -1 -1  0  1
 4548.521 -148.009
 -1  2  4  5  5  4  1 -1 -4 -5 -5 -4 -1 *  3  4  5  4  2  0 -3 -5 -5 -4 -3  0  3
  0  1  2  3  2  1  0 -1 -2 -2 -2 -2 -1 *  2  2  2  2  1 -1 -2 -3 -2 -2 -1  0  1
 4548.521 -143.309
 -1  1  4  5  4  3  1 -1 -3 -5 -5 -3 -1 *  3  4  5  4  2  0 -3 -5 -5 -4 -3  0  3
  0  1  2  3  2  1  0 -1 -2 -2 -2 -2 -1 *  2  2  3  2  1 -1 -2 -3 -2 -1 -1  0  1
 4551.770 -256.161
 -2  1  4  6  6  5  2 -1 -4 -6 -6 -5 -2 *  4  5  5  4  1 -2 -4 -6 -6 -4 -2  1  3
  0  1  3  3  3  2  1 -1 -2 -3 -3 -2 -1 *  2  2  2  2  0 -1 -3 -3 -3 -2 -1  1  2
 4551.770 -251.460
 -1  1  4  6  6  5  2 -1 -4 -5 -6 -4 -2 *  4  5  5  3  1 -2 -4 -6 -6 -4 -2  1  3
  0  1  3  3  3  2  1 -1 -2 -2 -3 -2 -1 *  2  2  2  1  0 -2 -3 -3 -3 -2 -1  0  2
 4551.770 -246.760
 -1  1  4  6  6  5  2 -1 -4 -5 -6 -4 -2 *  4  5  5  3  1 -2 -4 -5 -6 -4 -2  1  3
  0  1  2  3  3  2  0 -1 -2 -2 -3 -2 -1 *  2  2  2  1  0 -1 -2 -3 -2 -2 -1  0  2
 4551.770 -242.060
 -1  1  4  6  6  5  2 -1 -4 -5 -5 -4 -2 *  4  5  5  3  1 -1 -4 -5 -5 -4 -2  1  3
  0  1  2  3  3  2  0 -1 -2 -2 -3 -2 -1 *  2  2  2  1  0 -1 -2 -3 -2 -2 -1  0  2
 4551.771 -237.360
 -1  1  4  5  6  4  2 -1 -3 -5 -5 -4 -2 *  3  4  5  3  1 -1 -4 -5 -5 -4 -2  1  3
  0  1  2  3  3  2  0 -1 -2 -2 -2 -2 -1 *  2  2  2  1  0 -1 -2 -3 -2 -2 -1  0  2
 4551.771 -232.660
 -1  1  4  6  6  4  2 -1 -4 -5 -5 -4 -2 *  4  5  5  4  1 -1 -3 -5 -5 -4 -2  1  3
  0  1  2  3  3  2  0 -1 -2 -2 -2 -2 -1 *  2  2  2  2  0 -1 -2 -3 -2 -1 -1  0  2
 4551.771 -227.960
 -1  1  4  6  6  4  2 -1 -3 -5 -5 -4 -2 *  3  4  4  3  1 -1 -3 -5 -5 -4 -2  0  3
  0  1  3  3  3  2  0 -1 -2 -2 -2 -2 -1 *  2  2  2  1  0 -1 -2 -3 -2 -2 -1  0  1
 4551.771 -223.260
 -1  1  4  5  5  4  2 -1 -3 -5 -5 -4 -2 *  3  4  4  3  1 -1 -3 -5 -5 -4 -2  0  3
  0  1  2  3  3  2  0 -1 -2 -2 -2 -2 -1 *  2  2  2  2  0 -1 -2 -2 -2 -1 -1  0  1
 4551.771 -218.560
 -1  1  4  6  6  4  2 -1 -4 -5 -5 -4 -2 *  3  4  5  4  2 -1 -3 -5 -5 -4 -2  1  3
  0  1  2  3  3  2  0 -1 -2 -2 -2 -2 -1 *  2  2  2  2  0 -1 -2 -2 -2 -1 -1  0  2
 4551.771 -213.860
 -1  2  4  6  6  4  2 -1 -4 -5 -6 -4 -2 *  3  4  5  4  2 -1 -3 -5 -5 -4 -2  0  3
  0  1  3  3  3  2  0 -1 -2 -2 -2 -2 -1 *  2  2  2  2  0 -1 -2 -2 -2 -1 -1  0  1
 4551.771 -209.160
 -1  2  4  6  5  4  2 -1 -4 -5 -6 -4 -2 *  3  4  5  4  2 -1 -3 -5 -5 -4 -2  0  3
  0  1  3  3  3  2  0 -1 -2 -2 -2 -2 -1 *  2  2  2  2  0 -1 -2 -3 -2 -1 -1  0  1
 4551.771 -204.460
 -1  2  4  6  5  4  2 -1 -4 -5 -5 -4 -2 *  3  4  5  4  2 -1 -3 -5 -5 -4 -2  0  3
  0  1  2  3  3  2  0 -1 -2 -2 -2 -2 -1 *  2  2  2  2  1 -1 -2 -2 -2 -1 -1  0  1
 4551.771 -159.759
 -1  2  4  5  5  4  2 -1 -4 -5 -5 -4 -2 *  3  4  5  4  2 -1 -3 -5 -5 -4 -2  0  3
  0  1  2  3  3  1  0 -1 -2 -2 -2 -2 -1 *  2  2  2  2  1 -1 -2 -3 -2 -1 -1  0  1
 4551.771 -155.059
 -1  2  4  5  5  4  2 -1 -4 -5 -5 -4 -2 *  3  4  5  4  2  0 -3 -5 -5 -4 -3  0  3
  0  1  2  3  3  1  0 -1 -2 -2 -2 -2 -1 *  2  2  2  2  1 -1 -2 -3 -2 -1 -1  0  1
 4551.771 -150.359
 -1  2  4  5  5  4  1 -1 -4 -5 -5 -4 -2 *  3  4  5  4  2  0 -3 -5 -5 -4 -3  0  3
  0  1  2  3  3  1  0 -1 -2 -2 -2 -2 -1 *  2  2  2  2  1 -1 -2 -3 -2 -2 -1  0  1
 4551.771 -145.659
 -1  2  4  5  5  4  1 -2 -4 -5 -5 -4 -1 *  3  5  5  5  3  0 -3 -5 -5 -4 -3  0  3
  0  1  2  3  2  1  0 -1 -2 -2 -2 -2 -1 *  2  2  3  2  1 -1 -2 -3 -2 -2 -1  0  1
 4555.020 -258.511
 -2  1  4  6  6  5  3 -1 -4 -5 -6 -5 -2 *  4  5  5  4  1 -2 -4 -6 -6 -4 -2  1  3
  0  1  3  3  3  2  1 -1 -2 -2 -3 -2 -1 *  2  2  2  1  0 -2 -3 -3 -3 -2 -1  0  2
 4555.020 -253.811
 -2  1  4  6  6  5  2 -1 -4 -5 -6 -4 -2 *  4  5  5  3  1 -2 -4 -5 -6 -4 -2  1  3
  0  1  3  3  3  2  1 -1 -2 -2 -3 -2 -1 *  2  2  2  1  0 -1 -3 -3 -2 -2 -1  0  2
 4555.020 -249.110
 -1  1  4  6  6  5  2 -1 -3 -5 -5 -4 -2 *  4  5  5  3  1 -1 -4 -5 -5 -4 -2  0  3
  0  1  2  3  3  2  1 -1 -2 -2 -2 -2 -1 *  2  2  2  1  0 -1 -2 -3 -2 -2 -1  0  2
 4555.021 -244.410
 -1  1  4  6  6  5  2 -1 -3 -5 -5 -4 -2 *  4  5  5  3  1 -1 -4 -5 -5 -4 -2  1  3
  0  1  2  3  3  2  1 -1 -2 -2 -2 -2 -1 *  2  2  2  1  0 -1 -2 -3 -2 -1 -1  0  2
 4555.021 -239.710
 -1  1  4  6  6  5  2 -1 -3 -5 -5 -4 -2 *  3  4  4  3  1 -1 -4 -5 -5 -4 -2  0  3
  0  1  2  3  3  2  1 -1 -2 -2 -2 -2 -1 *  2  2  2  1  0 -1 -2 -3 -2 -2 -1  0  2
 4555.021 -235.010
 -1  1  4  5  6  4  2 -1 -3 -5 -5 -4 -2 *  3  4  4  3  1 -1 -3 -5 -5 -4 -2  1  3
  0  1  2  3  3  2  0 -1 -2 -2 -2 -2 -1 *  2  2  2  1  0 -1 -2 -2 -2 -1 -1  0  2
 4555.021 -230.310
 -1  1  4  6  6  4  2 -1 -3 -5 -5 -4 -2 *  3  4  4  3  1 -1 -3 -5 -5 -4 -2  1  3
  0  1  3  3  3  2  1 -1 -2 -2 -2 -2 -1 *  2  2  2  1  0 -1 -2 -2 -2 -1 -1  0  1
 4555.021 -225.610
 -2  1  4  5  5  4  2 -1 -3 -5 -5 -4 -2 *  3  4  4  3  1 -1 -3 -4 -5 -3 -2  1  3
  0  1  2  3  3  2  0 -1 -2 -2 -2 -2 -1 *  2  2  2  1  0 -1 -2 -2 -2 -1  0  0  2
 4555.021 -220.910
 -2  1  4  6  6  4  2 -1 -4 -6 -6 -4 -2 *  3  4  4  3  1 -1 -3 -5 -5 -4 -2  0  3
  0  1  2  3  3  2  0 -1 -2 -2 -3 -2 -1 *  2  2  2  2  0 -1 -2 -2 -2 -1 -1  0  1
 4555.021 -216.210
 -1  1  4  6  6  4  2 -1 -4 -5 -6 -4 -2 *  3  4  5  4  2 -1 -3 -4 -5 -4 -2  0  3
  0  1  3  3  3  2  0 -1 -2 -2 -2 -2 -1 *  2  2  2  2  0 -1 -2 -2 -2 -1 -1  0  1
 4555.021 -211.510
 -1  2  4  6  6  4  2 -1 -4 -6 -6 -4 -2 *  3  4  5  4  2 -1 -3 -5 -5 -4 -2  0  3
  0  1  3  3  3  2  0 -1 -2 -2 -3 -2 -1 *  2  2  2  2  0 -1 -2 -3 -2 -1 -1  0  1
 4555.021 -206.810
 -1  2  4  6  5  4  2 -1 -4 -5 -5 -4 -2 *  3  4  5  4  2 -1 -3 -5 -5 -4 -2  0  3
  0  1  3  3  3  2  0 -1 -2 -2 -2 -2 -1 *  2  2  2  2  0 -1 -2 -3 -2 -2 -1  0  1
 4555.021 -202.110
 -1  2  4  5  5  4  2 -1 -4 -5 -5 -4 -2 *  3  4  5  4  2  0 -3 -5 -5 -4 -2  0  3
  0  1  2  3  3  1  0 -1 -2 -2 -2 -2 -1 *  2  2  2  2  1 -1 -2 -2 -2 -1 -1  0  1
 4555.021 -157.410
 -1  2  4  5  5  4  1 -1 -4 -5 -5 -4 -2 *  3  4  5  4  2  0 -3 -5 -5 -4 -2  0  3
  0  1  2  3  3  1  0 -1 -2 -2 -2 -2 -1 *  2  2  2  2  1 -1 -2 -2 -2 -1 -1  0  1
 4555.021 -152.709
 -1  2  4  6  5  4  1 -2 -4 -6 -5 -4 -2 *  3  4  5  4  2  0 -3 -5 -5 -4 -3  0  3
  0  1  2  3  3  1  0 -1 -2 -2 -3 -2 -1 *  2  2  2  2  1 -1 -2 -3 -2 -2 -1  0  1
 4555.021 -148.009
 -1  2  4  5  5  4  1 -2 -4 -6 -5 -4 -2 *  3  5  5  5  3  0 -3 -5 -5 -4 -3  0  3
  0  1  2  3  2  1  0 -1 -2 -2 -3 -2 -1 *  2  2  3  2  1 -1 -2 -3 -2 -1 -1  0  1
 4555.021 -143.309
 -1  2  4  5  5  4  1 -2 -4 -6 -5 -4 -1 *  3  5  5  5  3  0 -3 -5 -6 -5 -3 -1  3
  0  1  2  3  2  1  0 -1 -2 -3 -3 -2 -1 *  2  2  3  2  1 -1 -2 -3 -2 -2 -1  0  1
 4558.271 -256.161
 -2  1  4  6  6  5  2 -1 -4 -5 -6 -5 -2 *  4  5  5  4  1 -1 -4 -5 -6 -4 -2  1  3
  0  1  2  3  3  2  1 -1 -2 -3 -3 -2 -1 *  2  2  2  1  0 -1 -2 -3 -2 -2 -1  0  2
 4558.271 -251.461
 -1  1  4  6  6  5  2 -1 -3 -5 -5 -4 -2 *  3  4  5  3  1 -2 -4 -5 -6 -4 -2  0  3
  0  1  2  3  3  2  1 -1 -2 -2 -3 -2 -1 *  2  2  2  1  0 -2 -3 -3 -3 -2 -1  0  2
 4558.271 -246.760
 -1  1  4  5  6  4  2 -1 -3 -5 -5 -4 -2 *  3  4  4  3  1 -1 -4 -5 -5 -4 -2  0  3
  0  1  2  3  3  2  1 -1 -2 -2 -2 -2 -1 *  2  2  2  1  0 -1 -2 -3 -2 -2 -1  0  2
 4558.271 -242.060
 -1  1  4  5  6  4  2 -1 -3 -5 -5 -4 -2 *  3  4  4  3  1 -1 -3 -5 -5 -4 -2  0  3
  0  1  2  3  3  2  1 -1 -2 -2 -2 -2 -1 *  2  2  2  1  0 -1 -2 -3 -2 -1 -1  0  2
 4558.271 -237.360
 -1  1  4  5  5  4  2 -1 -3 -5 -5 -4 -2 *  3  4  4  3  1 -1 -3 -5 -5 -4 -2  1  3
  0  1  2  3  3  2  1 -1 -2 -2 -2 -2 -1 *  2  2  2  1  0 -1 -2 -2 -2 -1 -1  0  1
 4558.271 -232.660
 -1  1  4  5  5  4  2 -1 -3 -5 -5 -4 -2 *  3  4  4  3  1 -1 -3 -5 -5 -4 -2  1  3
  0  1  2  3  3  2  0 -1 -2 -2 -2 -2 -1 *  2  2  2  1  0 -1 -2 -2 -2 -1 -1  0  1
 4558.271 -227.960
 -1  1  4  5  5  4  2 -1 -3 -5 -5 -4 -2 *  4  4  4  3  1 -1 -3 -4 -4 -3 -1  1  3
  0  1  2  3  3  2  0 -1 -2 -2 -2 -2 -1 *  2  2  2  1  0 -1 -2 -2 -2 -1  0  1  2
 4558.271 -223.260
 -2  1  4  6  6  4  2 -1 -4 -6 -6 -5 -2 *  4  5  4  3  1 -1 -3 -5 -5 -3 -2  1  3
  0  1  2  3  3  2  0 -1 -2 -3 -3 -2 -1 *  2  2  2  1  0 -1 -2 -2 -2 -1  0  1  2
 4558.271 -218.560
 -2  1  4  6  6  4  2 -1 -4 -6 -6 -5 -2 *  3  4  5  4  2 -1 -3 -5 -5 -4 -2  0  3
  0  1  3  3  3  2  0 -1 -2 -2 -3 -2 -1 *  2  2  2  2  0 -1 -2 -2 -2 -1 -1  0  1
 4558.271 -213.860
 -2  1  4  6  6  5  2 -1 -4 -6 -6 -5 -2 *  3  4  5  4  2 -1 -3 -5 -5 -4 -2  0  3
  0  1  3  3  3  2  0 -1 -2 -2 -3 -2 -1 *  2  2  2  2  0 -1 -2 -3 -2 -1 -1  0  1
 4558.271 -209.160
 -1  2  4  6  6  4  2 -1 -4 -5 -6 -4 -2 *  3  4  5  4  2 -1 -3 -5 -5 -4 -2  0  3
  0  1  3  3  3  2  0 -1 -2 -2 -3 -2 -1 *  2  2  2  2  1 -1 -2 -2 -2 -1 -1  0  1
 4558.271 -204.460
 -1  1  4  6  6  4  2 -1 -4 -5 -6 -4 -2 *  3  4  5  4  2  0 -3 -5 -5 -4 -2  0  3
  0  1  3  3  3  2  0 -1 -2 -2 -3 -2 -1 *  2  2  2  2  1 -1 -2 -2 -2 -1 -1  0  1
 4558.271 -159.760
 -1  2  4  6  5  4  2 -1 -4 -6 -6 -4 -2 *  3  4  5  4  2  0 -3 -5 -5 -4 -3  0  3
  0  1  3  3  3  2  0 -1 -2 -2 -3 -2 -1 *  2  2  2  2  1 -1 -2 -2 -2 -1 -1  0  1
 4558.271 -155.060
 -1  2  4  6  6  4  2 -2 -4 -6 -6 -4 -2 *  3  4  5  5  3  0 -3 -5 -5 -4 -3  0  2
  0  1  3  3  3  1  0 -1 -2 -2 -3 -2 -1 *  2  2  3  2  1 -1 -2 -3 -2 -2 -1  0  1
 4558.271 -150.359
 -1  2  4  6  6  4  2 -1 -4 -5 -5 -4 -1 *  3  5  5  5  3  0 -3 -5 -5 -4 -3 -1  3
  0  1  3  3  3  2  0 -1 -2 -2 -2 -2 -1 *  2  2  3  2  1 -1 -2 -3 -2 -2 -1  0  1
 4558.271 -145.659
 -1  2  5  6  6  4  1 -2 -4 -6 -6 -4 -1 *  3  5  5  5  3  0 -3 -5 -6 -5 -3 -1  3
  0  1  3  4  3  2  0 -1 -2 -2 -2 -2 -1 *  2  2  3  2  1 -1 -2 -3 -2 -2 -1  0  1
 4601.521 -258.511
 -2  1  4  6  6  5  2 -1 -3 -5 -6 -5 -2 *  4  5  5  4  1 -1 -4 -5 -6 -4 -2  0  3
  0  1  3  3  3  2  1 -1 -2 -2 -3 -2 -1 *  2  2  2  1  0 -1 -2 -3 -2 -2 -1  0  2
 4601.521 -253.811
 -1  1  4  6  6  5  3 -1 -3 -5 -5 -4 -2 *  4  5  5  3  1 -1 -4 -5 -6 -4 -2  0  3
  0  1  3  3  3  2  1 -1 -2 -2 -2 -2 -1 *  2  2  2  1  0 -1 -2 -3 -2 -2 -1  0  2
 4601.521 -249.111
 -1  1  4  6  6  5  2 -1 -3 -5 -5 -4 -2 *  3  4  4  3  1 -1 -4 -5 -5 -4 -2  0  3
  0  1  2  3  3  2  1 -1 -2 -2 -2 -2 -1 *  2  2  2  1  0 -1 -2 -3 -2 -2 -1  0  2
 4601.521 -244.411
 -1  1  4  5  5  4  2 -1 -3 -5 -5 -4 -2 *  3  4  4  3  1 -1 -3 -5 -5 -4 -2  0  3
  0  1  2  3  3  2  1 -1 -2 -2 -2 -2 -1 *  2  2  2  1  0 -1 -2 -3 -2 -2 -1  0  2
 4601.521 -239.710
 -1  1  4  5  5  4  2 -1 -3 -4 -5 -4 -2 *  3  4  4  3  1 -1 -3 -5 -5 -4 -2  0  3
  0  1  2  3  3  2  1 -1 -1 -2 -2 -2 -1 *  2  2  2  1  0 -1 -2 -3 -2 -1 -1  0  1
 4601.521 -235.010
 -1  1  4  5  5  4  2 -1 -3 -4 -5 -4 -2 *  3  4  4  3  1 -1 -3 -5 -5 -4 -2  1  3
  0  1  2  3  3  2  1 -1 -1 -2 -2 -2 -1 *  2  2  2  1  0 -1 -2 -2 -2 -1 -1  0  2
 4601.521 -230.310
 -2  1  3  5  5  4  2 -1 -3 -5 -5 -4 -2 *  4  4  4  3  1 -1 -3 -4 -4 -3 -1  1  3
  0  1  2  3  3  2  0 -1 -2 -2 -2 -2 -1 *  2  2  2  1  0 -1 -2 -2 -2 -1  0  1  2
 4601.521 -225.610
 -2  1  4  5  5  4  2 -1 -4 -6 -6 -5 -3 *  4  5  5  3  1 -1 -3 -4 -4 -3 -1  2  4
 -1  1  2  3  3  2  0 -1 -2 -3 -3 -3 -1 *  2  2  2  2  0 -1 -2 -2 -2 -1  0  1  2
 4601.521 -220.910
 -2  1  4  6  6  5  2 -2 -5 -7 -7 -6 -3 *  3  4  4  3  1 -1 -3 -5 -5 -4 -2  1  3
 -1  1  3  3  3  2  0 -1 -2 -3 -3 -3 -1 *  2  2  2  1  0 -1 -2 -2 -2 -1  0  0  2
 4601.521 -216.210
 -2  1  5  6  6  5  2 -1 -5 -7 -7 -5 -3 *  3  4  5  4  2 -1 -3 -5 -6 -4 -2  0  3
  0  1  3  4  3  2  0 -1 -2 -3 -3 -3 -1 *  2  2  2  2  0 -1 -2 -3 -2 -2 -1  0  2
 4601.521 -211.510
 -1  2  4  6  6  5  2 -1 -4 -6 -6 -5 -2 *  3  4  5  4  2 -1 -3 -5 -6 -4 -3  0  2
  0  1  3  3  3  2  0 -1 -2 -2 -3 -2 -1 *  2  2  2  2  1 -1 -2 -3 -2 -2 -1  0  1
 4601.521 -206.810
 -1  2  4  6  6  4  2 -1 -4 -5 -6 -4 -2 *  3  4  5  4  2  0 -3 -4 -5 -4 -2  0  3
  0  1  3  3  3  2  0 -1 -2 -2 -2 -2 -1 *  2  2  2  2  1 -1 -2 -2 -2 -1 -1  0  1
 4601.521 -202.110
 -1  1  4  6  6  4  2 -1 -4 -6 -6 -5 -2 *  3  4  5  4  2  0 -3 -5 -5 -4 -3  0  3
  0  1  3  3  3  2  0 -1 -2 -3 -3 -2 -1 *  2  2  2  2  1 -1 -2 -2 -2 -1 -1  0  1
 4601.521 -157.410
 -1  2  4  6  6  4  2 -1 -4 -6 -6 -4 -2 *  3  4  5  4  2  0 -3 -5 -5 -4 -3 -1  2
  0  1  3  3  3  2  0 -1 -2 -2 -3 -2 -1 *  2  2  2  2  1 -1 -2 -3 -2 -2 -1  0  1
 4601.521 -152.710
 -1  2  4  6  6  4  2 -1 -4 -5 -5 -4 -2 *  3  4  5  4  2  0 -3 -5 -5 -4 -3 -1  2
  0  1  3  3  3  2  0 -1 -2 -2 -2 -2 -1 *  1  2  2  2  1 -1 -2 -3 -2 -2 -1  0  1
 4601.521 -148.009
 -1  2  4  6  6  4  1 -1 -4 -5 -5 -4 -1 *  3  4  5  5  3  0 -2 -4 -5 -4 -3 -1  2
  0  1  3  3  3  1  0 -1 -2 -2 -2 -2 -1 *  1  2  3  2  1 -1 -2 -2 -2 -1 -1  0  1
 4601.521 -143.309
 -1  2  4  6  6  4  1 -2 -4 -6 -6 -5 -2 *  3  4  5  5  3  0 -3 -5 -5 -4 -3 -1  2
  0  1  3  3  3  1  0 -2 -2 -3 -3 -2 -1 *  1  2  3  2  1 -1 -2 -3 -2 -1 -1  0  1
 4604.771 -256.161
 -1  1  4  6  6  5  2 -1 -3 -5 -5 -4 -2 *  3  4  4  3  1 -1 -4 -5 -5 -4 -2  0  3
  0  1  2  3  3  2  1 -1 -2 -2 -2 -2 -1 *  2  2  2  1  0 -1 -2 -3 -2 -2 -1  0  2
 4604.771 -251.461
 -1  1  4  6  6  5  2 -1 -3 -5 -5 -4 -2 *  3  4  4  3  1 -1 -4 -5 -5 -4 -2  0  3
  0  1  2  3  3  2  1 -1 -2 -2 -2 -2 -1 *  2  2  2  1  0 -1 -2 -3 -2 -2 -1  0  1
 4604.771 -246.761
 -1  1  4  5  5  4  2 -1 -3 -4 -5 -4 -2 *  3  4  4  3  1 -1 -3 -5 -5 -4 -2  0  2
  0  1  2  3  3  2  1 -1 -1 -2 -2 -2 -1 *  2  2  2  1  0 -1 -2 -3 -2 -2 -1  0  1
 4604.771 -242.061
 -1  1  4  5  5  4  2  0 -3 -4 -5 -3 -1 *  3  4  4  3  1 -1 -3 -5 -5 -4 -2  0  3
  0  1  2  3  3  2  1 -1 -1 -2 -2 -2 -1 *  2  2  2  1  0 -1 -2 -2 -2 -2 -1  0  1
 4604.771 -237.360
 -1  1  4  5  5  4  2 -1 -3 -4 -4 -4 -2 *  3  4  4  3  1 -1 -3 -4 -4 -3 -2  1  3
  0  1  2  3  3  2  1 -1 -1 -2 -2 -2 -1 *  2  2  2  1  0 -1 -2 -2 -2 -1  0  0  2
 4604.771 -232.660
 -2  1  3  4  5  4  2 -1 -3 -5 -5 -4 -2 *  4  5  4  3  1 -1 -3 -4 -4 -3 -1  1  4
  0  1  2  3  2  2  0 -1 -2 -2 -2 -2 -1 *  2  2  2  1  0 -1 -2 -2 -2 -1  0  1  2
 4604.771 -227.960
 -2  0  3  5  5  4  2 -1 -4 -6 -6 -5 -3 *  4  5  5  3  1 -1 -3 -4 -4 -3 -1  2  4
 -1  1  2  3  2  1  0 -1 -2 -3 -3 -3 -1 *  2  2  2  1  0 -1 -2 -2 -2 -1  0  1  2
 4604.771 -223.260
 -3  0  4  6  6  5  2 -2 -5 -8 -8 -7 -4 *  4  5  4  3  1 -2 -4 -5 -4 -3  0  2  4
 -1  1  2  3  3  2  0 -1 -3 -3 -4 -3 -2 *  2  2  2  1  0 -1 -2 -2 -2 -1  0  1  2
 4604.771 -218.560
 -3  1  5  7  8  6  2 -3 -7 -9 -9 -7 -3 *  3  4  5  4  1 -2 -5 -7 -8 -6 -4 -1  2
 -1  1  3  4  4  2  0 -2 -3 -4 -4 -4 -2 *  2  2  2  2  0 -2 -3 -4 -3 -2 -1  0  1
 4604.771 -213.860
 -2  2  5  7  7  5  2 -1 -4 -6 -7 -5 -2 *  3  4  5  4  2 -1 -4 -6 -6 -5 -3 -1  2
  0  1  3  4  3  2  0 -1 -2 -3 -3 -3 -1 *  2  2  2  2  0 -1 -3 -3 -3 -2 -1  0  1
 4604.771 -209.160
 -1  1  4  6  6  4  2 -1 -4 -5 -6 -5 -2 *  3  4  5  4  2  0 -3 -4 -5 -4 -3  0  3
  0  1  3  3  3  2  0 -1 -2 -2 -3 -2 -1 *  2  2  2  2  1 -1 -2 -2 -2 -1 -1  0  1
 4604.771 -204.460
 -1  2  4  6  6  5  2 -1 -4 -6 -6 -5 -2 *  3  4  5  5  2  0 -2 -4 -5 -4 -3  0  3
  0  1  3  3  3  2  0 -1 -2 -3 -3 -2 -1 *  2  2  3  2  1 -1 -2 -2 -2 -1 -1  0  1
 4604.771 -159.760
 -1  2  4  6  6  5  2 -1 -4 -6 -6 -4 -2 *  3  4  5  4  2  0 -3 -4 -5 -4 -3 -1  2
  0  1  3  3  3  2  0 -1 -2 -2 -3 -2 -1 *  1  2  2  2  1 -1 -2 -2 -2 -1 -1  0  1
 4604.771 -155.060
 -1  2  4  6  6  4  2 -1 -4 -5 -5 -4 -2 *  3  4  5  4  2  0 -2 -4 -5 -4 -3 -1  2
  0  1  3  3  3  2  0 -1 -2 -2 -2 -2 -1 *  1  2  2  2  1 -1 -2 -2 -2 -1 -1  0  1
 4604.771 -150.360
 -1  2  4  6  6  4  2 -1 -4 -5 -5 -4 -2 *  3  4  5  4  3  0 -2 -4 -5 -4 -3 -1  2
  0  1  3  3  3  2  0 -1 -2 -2 -2 -2 -1 *  1  2  2  2  1 -1 -2 -2 -2 -1 -1  0  1
 4604.771 -145.660
 -1  2  4  6  6  4  1 -2 -4 -6 -6 -5 -2 *  3  4  5  5  3  0 -2 -4 -5 -4 -3  0  3
  0  1  3  3  3  1  0 -1 -2 -3 -3 -3 -1 *  2  2  3  2  1 -1 -2 -2 -2 -1 -1  0  1
 4608.021 -258.511
 -2  1  4  6  6  5  2 -1 -3 -5 -5 -4 -2 *  3  4  4  3  1 -1 -4 -5 -6 -5 -2  0  2
  0  1  2  3  3  2  1 -1 -2 -2 -2 -2 -1 *  2  2  2  1  0 -1 -2 -3 -3 -2 -1  0  2
 4608.021 -253.811
 -1  1  4  5  6  5  2 -1 -3 -5 -5 -4 -2 *  3  4  4  3  1 -1 -4 -5 -5 -4 -2  0  2
  0  1  2  3  3  2  1 -1 -2 -2 -2 -2 -1 *  2  2  2  1  0 -1 -2 -3 -2 -2 -1  0  1
 4608.021 -249.111
 -1  1  4  5  5  4  2 -1 -3 -5 -5 -4 -2 *  3  4  4  3  1 -1 -3 -5 -5 -4 -2  0  2
  0  1  2  3  3  2  1 -1 -2 -2 -2 -2 -1 *  2  2  2  1  0 -1 -2 -3 -2 -2 -1  0  1
 4608.021 -244.411
 -1  1  4  5  5  4  2 -1 -3 -4 -5 -4 -2 *  3  4  4  3  1 -1 -3 -5 -5 -4 -2  0  2
  0  1  2  3  3  2  1 -1 -1 -2 -2 -2 -1 *  2  2  2  1  0 -1 -2 -3 -2 -2 -1  0  1
 4608.021 -239.711
 -1  1  3  5  5  4  2 -1 -3 -4 -5 -4 -2 *  3  4  4  3  1 -1 -3 -4 -5 -4 -2  0  3
  0  1  2  3  3  2  0 -1 -1 -2 -2 -2 -1 *  2  2  2  1  0 -1 -2 -2 -2 -1 -1  0  1
 4608.021 -235.011
 -1  1  3  4  5  4  2 -1 -3 -5 -5 -4 -2 *  4  5  5  4  2 -1 -2 -4 -4 -3 -1  1  4
  0  1  2  3  2  2  0 -1 -2 -2 -2 -2 -1 *  2  2  2  2  0 -1 -2 -2 -2 -1  0  1  2
 4608.021 -230.310
 -3  0  2  4  4  3  1 -2 -5 -6 -6 -5 -3 *  5  5  5  4  2  0 -3 -4 -4 -3  0  2  5
 -1  0  1  2  2  1  0 -2 -3 -3 -3 -3 -2 *  3  3  2  2  1 -1 -2 -2 -2 -1  0  1  2
 4608.021 -225.610
 -3  0  3  5  5  3  0 -3 -6 -7 -7 -6 -3 *  6  6  5  3  1 -2 -4 -5 -5 -3  0  3  6
 -1  0  2  3  2  1 -1 -2 -3 -4 -4 -4 -2 *  4  3  3  2  0 -1 -2 -3 -2 -1  1  2  3
 4608.021 -220.910
 -1  4 10 12 10  7  2 -4 -9-11-10 -8 -3 *  5  6  6  4  0 -4 -8-10-10 -8 -5  0  4
  0  2  6  7  6  3  0 -3 -4 -5 -5 -5 -1 *  3  3  3  2 -1 -3 -5 -5 -4 -3 -2  0  2
 4608.021 -216.210
 -2  2  5  7  7  5  2 -1 -5 -7 -7 -5 -2 *  3  5  5  4  1 -3 -6 -8 -8 -6 -4 -1  3
  0  1  3  4  4  2  0 -1 -2 -3 -3 -3 -1 *  2  2  2  1  0 -2 -4 -4 -4 -3 -1  0  1
 4608.021 -211.510
 -2  1  4  6  6  5  2 -1 -4 -6 -6 -5 -2 *  3  4  5  4  2 -1 -3 -5 -6 -5 -3 -1  2
  0  1  3  3  3  2  0 -1 -2 -3 -3 -2 -1 *  1  2  2  2  0 -1 -2 -3 -3 -2 -1  0  1
 4608.021 -206.810
 -2  1  4  6  6  4  2 -1 -4 -6 -6 -5 -2 *  3  5  5  5  2  0 -3 -4 -5 -4 -2  0  3
  0  1  3  3  3  2  0 -1 -2 -3 -3 -3 -1 *  2  2  3  2  1 -1 -2 -2 -2 -1 -1  0  2
 4608.021 -202.110
 -1  2  4  6  6  4  2 -1 -4 -6 -6 -5 -2 *  3  4  5  4  2  0 -2 -4 -5 -4 -3  0  2
  0  1  3  3  3  2  0 -1 -2 -2 -3 -2 -1 *  1  2  2  2  1 -1 -2 -2 -2 -1 -1  0  1
 4608.021 -157.410
 -1  2  4  6  6  4  2 -1 -4 -5 -5 -4 -2 *  2  4  4  4  2  0 -2 -4 -5 -4 -3 -1  2
  0  1  3  3  3  2  0 -1 -2 -2 -2 -2 -1 *  1  2  2  2  1 -1 -2 -2 -2 -1 -1  0  1
 4608.021 -152.710
 -1  2  4  6  6  4  2 -1 -4 -5 -6 -4 -2 *  3  4  4  4  2  0 -2 -4 -5 -4 -3 -1  2
  0  1  3  3  3  2  0 -1 -2 -2 -2 -2 -1 *  1  2  2  2  1 -1 -2 -2 -2 -1 -1  0  1
 4608.022 -148.010
 -1  2  4  6  6  4  1 -2 -4 -6 -6 -5 -2 *  3  4  5  5  3  0 -2 -4 -5 -4 -2  0  3
  0  1  3  3  3  1  0 -1 -2 -3 -3 -2 -1 *  2  2  3  2  1  0 -2 -2 -2 -1 -1  0  1
 4608.022 -143.310
 -2  2  5  6  6  5  1 -2 -5 -7 -7 -5 -2 *  4  5  5  5  3  0 -2 -4 -5 -4 -2  0  3
  0  1  3  4  3  2  0 -2 -2 -3 -3 -3 -1 *  2  2  3  2  1 -1 -2 -2 -2 -1  0  0  2
 4611.271 -256.161
 -1  1  4  5  6  5  2 -1 -3 -5 -5 -4 -2 *  3  4  4  3  1 -1 -3 -5 -5 -4 -2  0  2
  0  1  2  3  3  2  1 -1 -2 -2 -2 -2 -1 *  2  2  2  1  0 -1 -2 -3 -2 -2 -1  0  1
 4611.271 -251.461
 -1  1  4  5  6  4  2 -1 -3 -5 -5 -4 -2 *  3  4  4  3  1 -1 -3 -5 -5 -4 -2  0  2
  0  1  2  3  3  2  1 -1 -1 -2 -2 -2 -1 *  2  2  2  1  0 -1 -2 -3 -2 -2 -1  0  1
 4611.271 -246.761
 -1  1  4  5  5  4  2 -1 -3 -4 -5 -4 -2 *  3  4  4  3  1 -1 -3 -5 -5 -4 -2  0  2
  0  1  2  3  3  2  1 -1 -1 -2 -2 -2 -1 *  2  2  2  1  0 -1 -2 -3 -2 -2 -1  0  1
 4611.271 -242.061
 -2  1  3  5  5  4  2 -1 -3 -5 -5 -4 -2 *  3  4  4  4  2 -1 -3 -4 -5 -4 -2  0  3
  0  1  2  3  2  2  0 -1 -2 -2 -2 -2 -1 *  2  2  2  1  0 -1 -2 -2 -2 -1  0  0  2
 4611.271 -237.361
 -2  0  2  4  4  3  1 -2 -4 -5 -6 -5 -3 *  4  5  5  4  2  0 -3 -4 -5 -4 -2  1  3
 -1  0  1  2  2  1  0 -1 -2 -3 -3 -3 -2 *  2  2  2  2  1 -1 -2 -2 -2 -1  0  1  2
 4611.271 -232.661
 -3  0  3  4  4  3  0 -3 -7 -9 -9 -6 -3 *  7  7  7  6  3  0 -3 -6 -7 -5 -1  3  6
 -1  0  2  2  2  1 -1 -2 -4 -4 -4 -4 -2 *  4  4  3  3  1 -1 -2 -3 -2 -1  0  2  3
 4611.271 -227.960
 -2  1  4  5  5  3  0 -4 -7 -8 -8 -6 -3 *  7  8  7  6  3 -1 -6 -9-10 -7 -2  3  7
 -1  1  2  3  2  1 -1 -3 -4 -4 -5 -4 -2 *  4  4  4  3  1 -2 -4 -5 -4 -2  0  2  3
 4611.271 -223.260
  1  8 12 13 10  6  1 -4 -7 -9 -9 -7 -1 *  6  8  7  4 -1 -5 -9-10-10 -7 -3  1  5
  1  4  7  7  6  3  0 -2 -4 -4 -4 -4 -1 *  3  4  4  2 -1 -4 -6 -6 -5 -3 -1  0  3
 4611.271 -218.560
 -1  2  6  8  7  6  3 -1 -3 -5 -6 -4 -2 *  4  5  5  3 -1 -4 -7 -8 -8 -6 -3  1  4
  0  2  3  4  4  3  1 -1 -2 -2 -3 -2 -1 *  2  2  2  1 -1 -3 -4 -4 -3 -2 -1  0  2
 4611.271 -213.860
 -2  1  5  7  7  5  2 -2 -5 -6 -7 -5 -3 *  4  5  5  4  1 -2 -5 -6 -7 -5 -3  0  3
 -1  1  3  4  3  2  0 -1 -2 -3 -3 -3 -1 *  2  2  2  2  0 -2 -3 -3 -3 -2 -1  0  2
 4611.271 -209.160
 -2  1  4  6  5  4  2 -1 -4 -6 -6 -5 -2 *  3  4  5  4  2 -1 -3 -5 -6 -4 -3  0  2
  0  1  2  3  3  2  0 -1 -2 -2 -3 -2 -1 *  2  2  2  2  1 -1 -2 -3 -2 -2 -1  0  1
 4611.271 -204.460
 -1  1  4  6  6  4  2 -1 -4 -6 -6 -5 -2 *  3  4  5  4  2  0 -3 -4 -5 -4 -2  0  2
  0  1  3  3  3  2  0 -1 -2 -2 -3 -2 -1 *  2  2  2  2  1 -1 -2 -2 -2 -1 -1  0  1
 4611.271 -159.760
 -1  2  4  6  6  4  2 -1 -4 -5 -6 -4 -2 *  2  4  4  4  2  0 -2 -4 -5 -4 -2 -1  2
  0  1  3  3  3  2  0 -1 -2 -2 -2 -2 -1 *  1  2  2  2  1 -1 -2 -2 -2 -1 -1  0  1
 4611.271 -155.060
 -1  2  4  6  6  4  2 -1 -4 -5 -6 -4 -2 *  2  4  4  4  2  0 -2 -4 -4 -4 -2 -1  2
  0  1  3  3  3  2  0 -1 -2 -2 -2 -2 -1 *  1  2  2  2  1 -1 -2 -2 -2 -1 -1  0  1
 4611.272 -150.360
 -1  2  4  6  6  4  1 -2 -4 -6 -6 -5 -2 *  2  4  4  4  2  0 -2 -3 -4 -4 -2 -1  2
  0  1  3  3  3  1  0 -1 -2 -2 -3 -2 -1 *  1  2  2  2  1  0 -2 -2 -2 -1 -1  0  1
 4611.272 -145.660
 -1  2  4  6  6  4  1 -2 -4 -6 -6 -5 -2 *  3  4  5  5  3  1 -2 -3 -5 -4 -2  0  3
  0  1  3  4  3  1  0 -2 -2 -3 -3 -2 -1 *  2  2  3  2  1  0 -2 -2 -2 -1 -1  0  1
 4614.521 -258.511
 -2  1  4  5  5  4  2 -1 -3 -5 -5 -4 -2 *  3  4  4  3  1 -1 -3 -5 -5 -4 -2  0  2
  0  1  2  3  3  2  1 -1 -2 -2 -2 -2 -1 *  2  2  2  1  0 -1 -2 -3 -2 -2 -1  0  1
 4614.521 -253.811
 -1  1  4  5  5  4  2 -1 -3 -5 -5 -4 -2 *  3  4  4  3  1 -1 -3 -5 -5 -4 -2  0  2
  0  1  2  3  3  2  1 -1 -2 -2 -2 -2 -1 *  2  2  2  1  0 -1 -2 -3 -2 -2 -1  0  1
 4614.521 -249.111
 -2  1  3  5  5  4  2 -1 -3 -4 -5 -4 -2 *  3  4  4  3  1 -1 -3 -5 -5 -4 -2  0  2
  0  1  2  3  3  2  0 -1 -2 -2 -2 -2 -1 *  2  2  2  1  0 -1 -2 -3 -2 -2 -1  0  1
 4614.521 -244.411
 -2  1  3  4  5  4  2 -1 -4 -5 -5 -5 -2 *  3  4  4  4  2  0 -3 -4 -5 -4 -2  0  3
 -1  1  2  2  2  1  0 -1 -2 -2 -3 -2 -1 *  2  2  2  1  0 -1 -2 -2 -2 -1 -1  0  1
 4614.521 -239.711
 -2  1  3  5  5  4  2 -1 -4 -6 -6 -5 -3 *  5  6  6  5  3  1 -2 -4 -5 -4 -2  1  4
 -1  1  2  3  2  1  0 -1 -2 -3 -3 -3 -1 *  3  3  3  2  1  0 -1 -2 -2 -1  0  1  2
 4614.521 -235.011
 -2  2  5  7  6  5  2 -1 -5 -7 -7 -6 -3 *  6  8  8  7  4  1 -3 -5 -6 -4 -2  2  5
 -1  1  3  4  3  2  0 -1 -2 -3 -3 -3 -1 *  4  4  4  3  1 -1 -2 -3 -2 -1  0  1  3
 4614.521 -230.311
 -2  2  6  8  8  6  3 -1 -5 -7 -8 -7 -4 *  6  7  7  6  2 -1 -4 -5 -6 -4 -2  1  5
 -1  1  3  4  4  2  0 -1 -3 -3 -4 -4 -2 *  3  3  3  2  1 -1 -3 -3 -3 -2 -1  0  2
 4614.521 -225.610
 -2  2  5  7  7  6  3 -2 -6 -8 -9 -7 -3 *  4  4  3  1 -1 -3 -5 -6 -5 -3 -1  2  4
 -1  1  3  4  3  2  0 -2 -3 -4 -4 -4 -2 *  2  2  1  1 -1 -2 -3 -3 -2 -1  0  1  2
 4614.521 -220.910
 -1  2  5  7  7  5  3 -1 -4 -5 -6 -5 -2 *  4  5  4  1 -2 -4 -6 -7 -6 -4 -2  1  4
  0  1  3  4  3  2  0 -1 -2 -3 -3 -3 -1 *  2  2  1  0 -1 -3 -3 -4 -3 -2 -1  0  2
 4614.521 -216.210
 -2  2  5  6  6  5  2 -1 -4 -6 -7 -5 -2 *  4  5  4  3  0 -2 -5 -6 -6 -4 -2  1  4
  0  1  3  4  3  2  0 -1 -2 -3 -3 -3 -1 *  2  2  2  1  0 -2 -3 -3 -2 -1  0  1  2
 4614.521 -211.510
 -2  1  4  6  6  5  2 -1 -4 -6 -6 -5 -2 *  3  4  4  3  1 -2 -4 -6 -6 -4 -2  0  3
  0  1  3  4  3  2  0 -1 -2 -3 -3 -3 -1 *  2  2  2  1  0 -2 -3 -3 -2 -2 -1  0  1
 4614.521 -206.810
 -2  1  4  5  5  4  2 -2 -4 -6 -6 -5 -2 *  3  4  4  3  1 -1 -3 -5 -5 -4 -2  0  2
 -1  1  2  3  3  2  0 -1 -2 -3 -3 -3 -1 *  2  2  2  1  0 -1 -2 -2 -2 -1 -1  0  1
 4614.521 -202.110
 -2  1  4  6  6  4  2 -1 -4 -5 -6 -5 -2 *  2  3  4  3  2 -1 -3 -4 -5 -4 -2  0  2
  0  1  3  3  3  2  0 -1 -2 -2 -3 -2 -1 *  1  2  2  1  0 -1 -2 -2 -2 -1 -1  0  1
 4614.522 -157.410
 -1  1  4  6  5  4  2 -1 -4 -6 -6 -5 -2 *  2  3  4  3  2  0 -2 -3 -4 -3 -2  0  2
  0  1  2  3  3  2  0 -1 -2 -2 -3 -2 -1 *  1  2  2  2  1 -1 -2 -2 -2 -1 -1  0  1
 4614.522 -152.710
 -1  1  4  6  6  4  1 -2 -4 -6 -6 -5 -2 *  2  3  4  4  2  0 -2 -3 -4 -3 -2  0  2
  0  1  3  3  3  2  0 -1 -2 -3 -3 -3 -1 *  1  2  2  2  1  0 -1 -2 -1 -1  0  0  1
 4614.522 -148.010
 -1  2  4  6  6  4  1 -2 -5 -7 -7 -5 -2 *  2  4  4  4  3  0 -2 -3 -4 -4 -3 -1  2
  0  1  3  4  3  1  0 -2 -2 -3 -3 -3 -1 *  1  2  2  2  1  0 -1 -2 -2 -1 -1  0  1
 4614.522 -143.310
 -1  2  4  6  6  4  1 -3 -5 -7 -7 -5 -2 *  4  5  6  6  4  1 -2 -4 -5 -5 -3 -1  3
  0  1  3  4  3  1 -1 -2 -2 -3 -3 -3 -1 *  2  2  3  3  2  0 -2 -2 -2 -2 -1 -1  1
 4617.771 -256.161
 -2  1  4  5  5  4  2 -1 -3 -5 -5 -4 -2 *  3  4  4  3  1 -1 -3 -5 -5 -4 -3  0  2
  0  1  2  3  3  2  1 -1 -2 -2 -2 -2 -1 *  2  2  2  1  0 -1 -2 -3 -2 -2 -1  0  1
 4617.771 -251.461
 -2  1  3  5  5  4  2 -1 -3 -5 -5 -4 -2 *  3  4  4  3  1 -1 -3 -5 -5 -4 -2  0  2
  0  1  2  3  3  2  0 -1 -2 -2 -2 -2 -1 *  2  2  2  1  0 -1 -2 -2 -2 -2 -1  0  1
 4617.771 -246.761
 -2  1  3  5  5  4  2 -1 -4 -5 -6 -5 -2 *  3  4  4  4  2 -1 -3 -4 -5 -4 -2  0  3
 -1  1  2  3  2  2  0 -1 -2 -2 -3 -2 -1 *  2  2  2  2  0 -1 -2 -2 -2 -1 -1  0  2
 4617.771 -242.061
 -2  1  3  5  5  4  2 -1 -4 -5 -5 -4 -2 *  3  4  5  4  2  0 -3 -4 -5 -4 -2  0  3
  0  1  2  3  3  2  0 -1 -2 -2 -3 -2 -1 *  2  2  2  2  1 -1 -2 -2 -2 -1 -1  0  2
 4617.771 -237.361
 -2  1  4  6  6  4  2 -1 -4 -5 -6 -5 -2 *  4  5  5  4  3  0 -2 -4 -4 -4 -2  0  3
  0  1  2  3  3  2  0 -1 -2 -2 -3 -2 -1 *  2  2  3  2  1 -1 -2 -2 -2 -1  0  1  2
 4617.771 -232.661
 -1  2  6  8  7  6  3  0 -3 -5 -6 -5 -2 *  5  6  6  5  2  0 -2 -4 -4 -3 -1  1  4
  0  2  3  4  4  2  1 -1 -1 -2 -3 -2 -1 *  2  3  3  2  1 -1 -2 -2 -2 -1  0  1  2
 4617.771 -227.961
 -2  2  5  8  8  6  3  0 -4 -6 -6 -5 -2 *  5  5  5  4  1 -1 -3 -4 -4 -3 -1  2  4
  0  1  3  4  4  2  1 -1 -2 -2 -3 -3 -1 *  2  3  2  2  0 -1 -2 -2 -2 -1  0  1  2
 4617.771 -223.260
 -2  2  5  8  8  6  3  0 -3 -5 -6 -5 -2 *  4  5  4  2  0 -3 -4 -5 -5 -3 -1  1  4
  0  1  3  4  4  2  1 -1 -2 -2 -3 -3 -1 *  2  2  2  1 -1 -2 -3 -3 -2 -1  0  1  2
 4617.771 -218.560
 -2  1  4  6  6  5  2 -1 -4 -5 -6 -5 -2 *  4  5  4  2  0 -3 -5 -6 -5 -4 -2  1  3
  0  1  3  3  3  2  0 -1 -2 -3 -3 -3 -1 *  2  2  2  1  0 -2 -3 -3 -2 -2 -1  0  2
 4617.771 -213.860
 -2  1  4  6  6  5  2 -1 -4 -6 -6 -5 -3 *  4  4  4  3  0 -2 -4 -5 -5 -4 -1  1  3
 -1  1  3  3  3  2  0 -1 -2 -3 -3 -3 -1 *  2  2  2  1  0 -2 -2 -3 -2 -1  0  1  2
 4617.772 -209.160
 -2  1  4  6  6  5  2 -1 -4 -6 -6 -5 -3 *  3  4  4  3  1 -2 -4 -5 -5 -4 -2  1  3
 -1  1  3  3  3  2  0 -1 -2 -3 -3 -3 -1 *  2  2  2  1  0 -1 -2 -3 -2 -1  0  0  2
 4617.772 -204.460
 -2  1  4  6  6  4  2 -1 -4 -6 -6 -5 -2 *  3  4  4  3  1 -1 -3 -4 -5 -4 -2  0  2
 -1  1  2  3  3  2  0 -1 -2 -3 -3 -3 -1 *  1  2  2  1  0 -1 -2 -2 -2 -1 -1  0  1
 4617.772 -159.760
 -2  1  4  5  5  4  2 -1 -4 -5 -6 -5 -2 *  2  3  3  3  1 -1 -2 -3 -4 -3 -2  0  2
 -1  1  2  3  3  2  0 -1 -2 -2 -3 -2 -1 *  1  1  2  1  0 -1 -2 -2 -2 -1  0  0  1
 4617.772 -155.060
 -2  1  4  6  5  4  2 -2 -4 -6 -6 -5 -2 *  2  3  3  3  1  0 -2 -3 -4 -3 -2  0  2
 -1  1  2  3  3  1  0 -1 -2 -3 -3 -3 -1 *  1  1  2  1  0 -1 -1 -2 -1 -1  0  0  1
 4617.772 -150.360
 -2  1  4  6  6  4  1 -2 -5 -7 -7 -6 -3 *  3  3  4  4  2  0 -1 -3 -4 -3 -2  0  2
 -1  1  3  4  3  2  0 -2 -3 -3 -3 -3 -1 *  1  2  2  2  1  0 -1 -1 -1 -1  0  0  1
 4617.772 -145.660
 -2  2  5  8  7  5  1 -3 -7 -9 -9 -8 -4 *  2  4  5  5  3  1 -1 -3 -5 -4 -3 -2  2
 -1  1  3  5  4  2 -1 -2 -3 -4 -4 -4 -2 *  1  2  2  2  1  0 -1 -2 -2 -1 -1  0  1
 4621.021 -258.511
 -1  1  4  5  5  4  2 -1 -3 -4 -5 -4 -2 *  3  4  4  3  1 -1 -3 -5 -5 -4 -3  0  2
  0  1  2  3  3  2  1 -1 -2 -2 -2 -2 -1 *  2  2  2  1  0 -1 -2 -3 -2 -2 -1  0  1
 4621.021 -253.811
 -1  1  3  5  5  4  2 -1 -3 -4 -5 -4 -2 *  3  4  4  3  2 -1 -3 -5 -5 -4 -2  0  2
  0  1  2  3  3  2  0 -1 -1 -2 -2 -2 -1 *  2  2  2  1  0 -1 -2 -2 -2 -2 -1  0  1
 4621.021 -249.111
 -2  1  3  5  5  4  2 -1 -3 -5 -5 -4 -2 *  3  4  4  4  2  0 -3 -4 -5 -4 -2  0  2
  0  1  2  3  3  2  0 -1 -2 -2 -2 -2 -1 *  2  2  2  2  0 -1 -2 -2 -2 -1 -1  0  2
 4621.021 -244.411
 -2  1  3  5  5  4  2 -1 -3 -5 -5 -5 -2 *  3  4  4  4  2 -1 -3 -4 -5 -4 -2  0  3
 -1  1  2  3  3  2  0 -1 -2 -2 -3 -2 -1 *  2  2  2  1  0 -1 -2 -2 -2 -1 -1  0  2
 4621.021 -239.711
 -2  1  4  5  5  4  2 -1 -3 -5 -5 -4 -2 *  3  4  4  4  2  0 -3 -4 -5 -4 -2  0  3
  0  1  2  3  3  2  0 -1 -2 -2 -2 -2 -1 *  2  2  2  1  0 -1 -2 -2 -2 -1 -1  0  1
 4621.021 -235.011
 -2  1  4  6  6  4  2 -1 -4 -5 -6 -5 -2 *  3  4  4  4  2  0 -2 -4 -4 -3 -2  1  3
  0  1  2  3  3  2  0 -1 -2 -2 -3 -2 -1 *  2  2  2  2  1 -1 -2 -2 -2 -1  0  1  2
 4621.021 -230.311
 -2  1  4  6  6  5  3  0 -3 -5 -6 -5 -2 *  4  5  5  4  2  0 -2 -4 -4 -3 -1  1  3
  0  1  3  4  3  2  1 -1 -2 -2 -3 -2 -1 *  2  2  2  2  1 -1 -2 -2 -2 -1  0  1  2
 4621.021 -225.611
 -2  1  4  6  6  5  3 -1 -3 -5 -6 -5 -2 *  3  4  4  3  1 -1 -3 -4 -4 -3 -1  1  3
  0  1  3  4  3  2  1 -1 -2 -2 -3 -2 -1 *  2  2  2  1  0 -1 -2 -2 -2 -1  0  1  2
 4621.021 -220.911
 -2  1  4  6  6  5  3  0 -3 -5 -6 -5 -2 *  3  4  4  2  0 -2 -4 -5 -5 -3 -1  1  3
  0  1  3  4  3  2  1 -1 -2 -2 -3 -2 -1 *  2  2  2  1  0 -2 -2 -3 -2 -1  0  0  2
 4621.021 -216.210
 -2  1  4  6  6  5  2 -1 -4 -5 -6 -5 -2 *  4  4  4  2  0 -2 -4 -5 -5 -3 -1  1  3
 -1  1  3  3  3  2  0 -1 -2 -2 -3 -3 -1 *  2  2  2  1  0 -2 -2 -3 -2 -1  0  0  2
 4621.022 -211.510
 -2  1  4  6  6  5  2 -1 -4 -6 -6 -5 -3 *  4  4  4  3  0 -2 -4 -5 -5 -3 -1  1  3
 -1  1  3  4  3  2  0 -1 -2 -3 -3 -3 -1 *  2  2  2  1  0 -1 -2 -3 -2 -1  0  1  2
 4621.022 -206.810
 -2  1  4  6  6  5  2 -1 -4 -5 -6 -5 -2 *  3  4  3  2  0 -2 -3 -4 -4 -3 -1  0  3
 -1  1  3  3  3  2  0 -1 -2 -2 -3 -3 -1 *  2  2  2  1  0 -1 -2 -2 -2 -1  0  0  1
 4621.022 -202.110
 -2  1  4  5  5  4  2 -1 -4 -5 -6 -5 -2 *  3  3  3  2  1 -1 -3 -4 -4 -3 -1  0  2
  0  1  2  3  3  2  0 -1 -2 -2 -3 -2 -1 *  1  1  1  1  0 -1 -2 -2 -2 -1  0  0  1
 4621.022 -157.410
 -2  1  3  5  5  4  2 -1 -4 -6 -6 -5 -2 *  2  3  3  3  1 -1 -2 -3 -3 -2 -1  0  2
 -1  1  2  3  3  1  0 -1 -2 -2 -3 -3 -1 *  1  1  1  1  0 -1 -1 -2 -1 -1  0  0  1
 4621.022 -152.710
 -2  1  4  6  6  4  2 -2 -5 -7 -7 -6 -3 *  3  3  3  3  1  0 -1 -2 -3 -2 -1  0  2
 -1  1  2  3  3  2  0 -2 -2 -3 -3 -3 -1 *  1  1  2  1  0  0 -1 -1 -1  0  0  1  1
 4621.022 -148.010
 -3  1  5  8  7  5  2 -2 -6 -8 -9 -8 -4 *  3  3  3  3  1  0 -1 -2 -3 -2 -1  0  2
 -1  1  3  4  4  2  0 -2 -3 -4 -4 -4 -2 *  1  2  2  1  0  0 -1 -1 -1  0  0  1  1
 4621.022 -143.310
 -3  2  7  9  9  6  2 -3 -7-10-11 -9 -4 *  3  3  3  3  1  0 -1 -2 -2 -1  0  1  2
 -1  1  4  5  4  2 -1 -3 -3 -4 -4 -4 -2 *  1  1  1  1  1  0 -1 -1 -1  0  0  1  1
 4624.271 -256.161
 -1  1  3  5  5  4  2  0 -3 -4 -5 -4 -2 *  3  4  4  3  2 -1 -3 -5 -5 -4 -2  0  2
  0  1  2  3  3  2  1 -1 -1 -2 -2 -2 -1 *  2  2  2  1  0 -1 -2 -2 -2 -2 -1  0  1
 4624.271 -251.461
 -2  1  3  5  5  4  2 -1 -3 -4 -5 -4 -2 *  3  4  4  3  2 -1 -3 -4 -5 -4 -2  0  2
  0  1  2  3  3  2  0 -1 -2 -2 -2 -2 -1 *  2  2  2  1  0 -1 -2 -2 -2 -1 -1  0  1
 4624.271 -246.761
 -2  1  3  5  5  4  2 -1 -3 -5 -5 -4 -2 *  3  4  4  4  2  0 -3 -4 -5 -4 -2  0  3
  0  1  2  3  3  2  0 -1 -2 -2 -2 -2 -1 *  2  2  2  2  1 -1 -2 -2 -2 -1  0  0  2
 4624.271 -242.061
 -2  1  3  5  5  4  2 -1 -3 -5 -5 -4 -2 *  3  4  4  3  2 -1 -3 -4 -5 -4 -2  0  3
  0  1  2  3  3  2  0 -1 -2 -2 -2 -2 -1 *  2  2  2  1  0 -1 -2 -2 -2 -1 -1  0  1
 4624.271 -237.361
 -2  1  3  5  5  4  2 -1 -3 -5 -5 -4 -2 *  3  4  4  4  2  0 -3 -4 -4 -4 -2  0  3
 -1  1  2  3  3  2  0 -1 -2 -2 -2 -2 -1 *  2  2  2  2  0 -1 -2 -2 -2 -1  0  0  1
 4624.271 -232.661
 -2  1  4  5  5  4  2 -1 -3 -5 -5 -5 -2 *  3  4  4  4  2  0 -2 -4 -4 -3 -1  1  3
 -1  1  2  3  3  2  0 -1 -2 -2 -2 -2 -1 *  2  2  2  2  1 -1 -2 -2 -2 -1  0  1  2
 4624.271 -227.961
 -2  1  4  6  6  5  2 -1 -4 -5 -6 -5 -2 *  4  4  4  3  2 -1 -3 -4 -4 -3 -1  1  3
 -1  1  2  3  3  2  0 -1 -2 -2 -3 -3 -1 *  2  2  2  1  0 -1 -2 -2 -2 -1  0  1  2
 4624.271 -223.261
 -2  1  4  6  6  5  3 -1 -4 -5 -6 -5 -2 *  3  4  4  3  1 -1 -3 -4 -4 -3 -1  1  3
 -1  1  2  3  3  2  1 -1 -2 -2 -3 -2 -1 *  2  2  2  1  0 -1 -2 -2 -2 -1  0  0  2
 4624.272 -218.561
 -2  1  4  6  6  5  3 -1 -4 -5 -6 -5 -2 *  3  4  4  2  1 -1 -3 -4 -4 -3 -1  1  3
 -1  1  2  3  3  2  0 -1 -2 -2 -3 -2 -1 *  2  2  2  1  0 -1 -2 -2 -2 -1  0  0  1
 4624.272 -213.861
 -2  1  4  6  6  5  2 -1 -4 -5 -6 -5 -2 *  3  4  3  2  0 -1 -3 -4 -4 -3 -1  1  3
 -1  1  3  3  3  2  0 -1 -2 -2 -3 -2 -1 *  2  2  2  1  0 -1 -2 -2 -2 -1  0  0  1
 4624.272 -209.160
 -2  1  4  6  6  5  2 -1 -3 -5 -6 -5 -2 *  3  3  3  2  0 -2 -3 -4 -4 -3 -1  1  3
  0  1  3  3  3  2  0 -1 -2 -2 -2 -2 -1 *  2  2  1  1  0 -1 -2 -2 -2 -1  0  0  1
 4624.272 -204.460
 -2  1  4  5  5  4  2 -1 -3 -5 -5 -5 -2 *  3  3  3  2  0 -1 -3 -3 -4 -2 -1  1  2
 -1  1  2  3  3  2  0 -1 -2 -2 -2 -2 -1 *  1  1  1  1  0 -1 -2 -2 -2 -1  0  0  1
 4624.272 -159.760
 -2  1  3  5  5  4  2 -1 -4 -5 -6 -5 -2 *  2  3  3  2  0 -1 -2 -3 -3 -2 -1  1  2
 -1  1  2  3  2  1  0 -1 -2 -2 -2 -2 -1 *  1  1  1  1  0 -1 -1 -1 -1 -1  0  0  1
 4624.272 -155.060
 -2  1  3  5  5  4  2 -1 -4 -6 -6 -5 -3 *  3  3  3  2  1 -1 -2 -2 -2 -1  0  1  2
 -1  1  2  3  3  1  0 -1 -2 -2 -3 -3 -1 *  1  1  1  1  0 -1 -1 -1 -1  0  0  1  1
 4624.272 -150.360
 -2  1  4  6  6  4  2 -2 -5 -7 -7 -6 -3 *  3  3  2  1  0 -1 -1 -1 -1  0  1  2  3
 -1  0  2  3  3  2  0 -2 -2 -3 -3 -3 -2 *  2  1  1  1  0  0 -1 -1  0  0  1  1  1
 4624.272 -145.660
 -2  1  5  7  7  5  1 -2 -5 -8 -8 -7 -4 *  2  2  1  0 -1 -1 -1 -1  0  1  2  2  2
 -1  1  3  4  3  2 -1 -2 -3 -3 -3 -3 -2 *  1  1  0  0 -1 -1  0  0  0  1  1  1  1
 4627.521 -258.511
 -1  1  3  5  5  4  2  0 -3 -4 -5 -4 -2 *  3  4  4  3  2 -1 -3 -4 -5 -4 -2  0  2
  0  1  2  3  3  2  1 -1 -1 -2 -2 -2 -1 *  2  2  2  1  0 -1 -2 -2 -2 -2 -1  0  1
 4627.521 -253.811
 -1  1  3  5  5  4  2 -1 -3 -4 -5 -4 -2 *  3  4  4  3  2  0 -3 -4 -5 -4 -2  0  2
  0  1  2  3  3  2  0 -1 -1 -2 -2 -2 -1 *  2  2  2  1  0 -1 -2 -2 -2 -1 -1  0  1
 4627.521 -249.111
 -2  1  3  5  5  4  2 -1 -3 -4 -5 -4 -2 *  3  4  4  4  2  0 -3 -4 -4 -4 -2  0  2
  0  1  2  3  3  2  0 -1 -2 -2 -2 -2 -1 *  2  2  2  2  0 -1 -2 -2 -2 -1 -1  0  2
 4627.521 -244.411
 -2  1  3  5  5  4  2 -1 -3 -5 -5 -4 -2 *  3  4  4  4  2  0 -3 -4 -4 -4 -2  0  3
  0  1  2  3  3  2  0 -1 -2 -2 -2 -2 -1 *  2  2  2  2  0 -1 -2 -2 -2 -1  0  0  2
 4627.521 -239.711
 -2  1  3  5  5  4  2 -1 -3 -5 -5 -4 -2 *  3  4  4  3  2 -1 -3 -4 -5 -4 -2  0  3
 -1  1  2  3  3  2  0 -1 -2 -2 -2 -2 -1 *  2  2  2  1  0 -1 -2 -2 -2 -1 -1  0  2
 4627.521 -235.011
 -2  1  3  5  5  4  2 -1 -3 -5 -5 -4 -2 *  3  4  4  3  2  0 -3 -4 -4 -3 -2  1  3
 -1  1  2  3  3  2  0 -1 -2 -2 -2 -2 -1 *  2  2  2  1  0 -1 -2 -2 -2 -1  0  0  2
 4627.522 -230.311
 -2  1  4  5  5  4  2 -1 -3 -5 -5 -5 -2 *  3  4  4  3  2  0 -3 -4 -4 -3 -1  1  3
 -1  1  2  3  3  2  0 -1 -2 -2 -2 -2 -1 *  2  2  2  1  0 -1 -2 -2 -2 -1  0  1  2
 4627.522 -225.611
 -2  1  4  6  6  5  2  0 -3 -5 -6 -5 -2 *  4  4  4  3  1 -1 -3 -4 -4 -3 -1  1  3
 -1  1  2  3  3  2  1 -1 -2 -2 -2 -2 -1 *  2  2  2  1  0 -1 -2 -2 -2 -1  0  1  2
 4627.522 -220.911
 -2  1  4  6  6  5  3  0 -3 -5 -6 -5 -2 *  3  4  4  3  1 -1 -3 -4 -4 -3 -1  1  3
 -1  1  2  3  3  2  1 -1 -2 -2 -2 -2 -1 *  2  2  2  1  0 -1 -2 -2 -2 -1  0  0  1
 4627.522 -216.211
 -2  1  4  6  6  5  2 -1 -3 -5 -6 -5 -2 *  3  4  3  2  1 -1 -3 -4 -4 -3 -1  1  3
 -1  1  2  3  3  2  0 -1 -2 -2 -3 -2 -1 *  2  2  2  1  0 -1 -2 -2 -2 -1  0  0  1
 4627.522 -211.511
 -2  1  4  5  5  4  2 -1 -3 -5 -5 -5 -2 *  3  3  3  2  0 -1 -3 -4 -4 -3 -1  1  2
 -1  1  2  3  3  2  0 -1 -2 -2 -2 -2 -1 *  1  1  1  1  0 -1 -2 -2 -2 -1  0  0  1
 4627.522 -206.810
 -2  1  3  5  5  4  2 -1 -3 -5 -5 -4 -2 *  3  3  3  2  0 -1 -3 -3 -3 -2 -1  1  2
 -1  1  2  3  3  2  0 -1 -2 -2 -2 -2 -1 *  1  1  1  1  0 -1 -2 -2 -1 -1  0  0  1
 4627.522 -202.110
 -2  1  3  5  4  4  2 -1 -3 -5 -5 -4 -2 *  3  3  2  2  0 -1 -2 -3 -3 -2  0  1  2
 -1  1  2  3  2  1  0 -1 -2 -2 -2 -2 -1 *  1  1  1  1  0 -1 -1 -1 -1 -1  0  1  1
 4627.522 -157.410
 -2  0  3  4  4  3  1 -1 -3 -5 -5 -4 -2 *  3  3  2  2  0 -1 -2 -2 -2 -1  0  1  2
 -1  0  2  2  2  1  0 -1 -2 -2 -2 -2 -1 *  1  1  1  0  0 -1 -1 -1 -1  0  0  1  1
 4627.522 -152.710
 -2  0  2  4  4  3  1 -1 -3 -5 -6 -5 -3 *  2  2  1  1  0 -1 -1 -1 -1  0  1  2  2
 -1  0  2  2  2  1  0 -1 -2 -2 -2 -2 -1 *  1  1  1  0  0 -1  0  0  0  1  1  1  1
 4627.522 -148.010
 -2  1  3  5  5  4  1 -1 -4 -6 -6 -5 -3 *  2  1  0  0 -1 -1 -1  0  1  2  2  2  2
 -1  0  2  3  3  1  0 -1 -2 -2 -3 -3 -1 *  1  1  0  0  0  0  0  0  1  1  1  1  1
 4630.771 -256.161
 -1  1  3  5  5  4  2 -1 -3 -4 -5 -4 -2 *  3  4  4  3  2  0 -3 -4 -5 -4 -2  0  2
  0  1  2  3  3  2  0 -1 -1 -2 -2 -2 -1 *  2  2  2  1  0 -1 -2 -2 -2 -1 -1  0  1
 4630.771 -251.461
 -2  1  3  5  5  4  2 -1 -3 -4 -5 -4 -2 *  3  4  4  3  2  0 -3 -4 -4 -4 -2  0  2
  0  1  2  3  3  2  0 -1 -2 -2 -2 -2 -1 *  2  2  2  1  0 -1 -2 -2 -2 -1 -1  0  2
 4630.771 -246.761
 -2  1  3  5  5  4  2 -1 -3 -4 -5 -4 -2 *  3  4  4  4  2  0 -3 -4 -4 -4 -2  0  2
  0  1  2  3  3  2  0 -1 -1 -2 -2 -2 -1 *  2  2  2  1  0 -1 -2 -2 -2 -1 -1  0  2
 4630.771 -242.061
 -2  1  3  5  5  4  2 -1 -3 -4 -5 -4 -2 *  3  4  4  3  2  0 -3 -4 -4 -4 -2  0  2
  0  1  2  3  3  2  0 -1 -1 -2 -2 -2 -1 *  2  2  2  1  0 -1 -2 -2 -2 -1 -1  0  2
 4630.771 -237.361
 -2  0  3  5  5  4  2 -1 -3 -5 -5 -4 -2 *  3  4  4  3  2  0 -3 -4 -4 -3 -2  1  3
 -1  1  2  3  3  2  0 -1 -2 -2 -2 -2 -1 *  2  2  2  1  0 -1 -2 -2 -2 -1  0  0  2
 4630.772 -232.661
 -2  0  3  5  5  4  2 -1 -3 -5 -5 -4 -2 *  3  4  4  3  2  0 -3 -4 -4 -3 -1  1  3
 -1  1  2  3  3  2  0 -1 -1 -2 -2 -2 -1 *  2  2  2  1  0 -1 -2 -2 -2 -1  0  0  2
 4630.772 -227.961
 -2  0  3  5  5  4  2  0 -3 -5 -5 -4 -2 *  3  4  4  3  1 -1 -3 -4 -4 -3 -1  1  3
 -1  1  2  3  3  2  1 -1 -1 -2 -2 -2 -1 *  2  2  2  1  0 -1 -2 -2 -2 -1  0  0  2
 4630.772 -223.261
 -2  1  4  5  5  4  3  0 -3 -5 -5 -5 -2 *  3  4  4  3  1 -1 -3 -4 -4 -3 -1  1  3
 -1  1  2  3  3  2  1 -1 -1 -2 -2 -2 -1 *  2  2  2  1  0 -1 -2 -2 -2 -1  0  1  2
 4630.772 -218.561
 -2  1  4  5  5  5  2  0 -3 -5 -5 -5 -2 *  3  3  3  2  1 -1 -3 -4 -4 -3 -1  1  2
 -1  1  2  3  3  2  1 -1 -1 -2 -2 -2 -1 *  2  2  1  1  0 -1 -2 -2 -2 -1  0  0  1
 4630.772 -213.861
 -2  1  3  5  5  4  2  0 -3 -4 -5 -4 -2 *  3  3  3  2  1 -1 -3 -3 -3 -2 -1  1  2
 -1  1  2  3  3  2  0 -1 -1 -2 -2 -2 -1 *  1  1  1  1  0 -1 -2 -2 -2 -1  0  0  1
 4630.772 -209.161
 -2  1  3  5  5  4  2 -1 -3 -4 -5 -4 -2 *  2  3  3  2  0 -1 -2 -3 -3 -2 -1  1  2
 -1  1  2  3  2  1  0 -1 -1 -2 -2 -2 -1 *  1  1  1  1  0 -1 -1 -2 -1 -1  0  0  1
 4630.772 -204.460
 -2  0  3  4  4  3  2 -1 -3 -4 -5 -4 -2 *  2  3  2  2  0 -1 -2 -3 -3 -2 -1  1  2
 -1  0  2  2  2  1  0 -1 -2 -2 -2 -2 -1 *  1  1  1  1  0 -1 -1 -1 -1 -1  0  0  1
 4630.772 -159.760
 -2  0  2  4  4  3  1 -1 -3 -4 -4 -4 -2 *  2  2  2  1  0 -1 -2 -2 -2 -1  0  1  2
 -1  0  1  2  2  1  0 -1 -1 -2 -2 -2 -1 *  1  1  1  1  0 -1 -1 -1 -1  0  0  1  1
 4630.772 -155.060
 -2  0  2  3  3  2  1 -1 -3 -4 -4 -3 -2 *  2  2  1  1  0 -1 -1 -1 -1  0  1  1  2
 -1  0  1  2  1  1  0 -1 -1 -2 -2 -2 -1 *  1  1  1  0  0  0  0  0  0  0  1  1  1
 4630.772 -150.360
 -1  0  0  1  1  1  0 -1 -2 -2 -2 -2 -1 *  2  1  0  0 -1 -1 -1  0  1  2  2  2  2
  0  0  0  1  0  0  0 -1 -1 -1 -1 -1 -1 *  1  1  0  0  0  0  0  1  1  1  2  2  1
 4634.021 -258.512
 -1  1  3  5  5  4  2  0 -3 -4 -5 -4 -2 *  3  4  4  3  2  0 -3 -4 -4 -4 -2  0  2
  0  1  2  3  3  2  1 -1 -1 -2 -2 -2 -1 *  2  2  2  1  0 -1 -2 -2 -2 -1 -1  0  1
 4634.021 -253.811
 -2  1  3  5  5  4  2 -1 -3 -4 -5 -4 -2 *  3  4  4  3  2  0 -3 -4 -4 -4 -2  0  2
  0  1  2  3  3  2  0 -1 -1 -2 -2 -2 -1 *  2  2  2  1  0 -1 -2 -2 -2 -1 -1  0  2
 4634.021 -249.111
 -2  1  3  5  5  4  2 -1 -3 -4 -5 -4 -2 *  3  4  4  3  2  0 -3 -4 -4 -4 -2  0  2
  0  1  2  3  3  2  0 -1 -1 -2 -2 -2 -1 *  2  2  2  1  0 -1 -2 -2 -2 -1 -1  0  2
 4634.021 -244.411
 -2  1  3  5  5  4  2 -1 -3 -4 -5 -4 -2 *  3  4  4  3  2  0 -3 -4 -4 -4 -2  0  2
 -1  1  2  3  2  2  0 -1 -1 -2 -2 -2 -1 *  2  2  2  1  0 -1 -2 -2 -2 -1  0  0  2
 4634.022 -239.711
 -2  0  3  4  5  4  2 -1 -3 -4 -5 -4 -2 *  3  4  4  3  2  0 -3 -4 -4 -3 -2  1  3
 -1  0  2  3  2  2  0 -1 -2 -2 -2 -2 -1 *  2  2  2  1  0 -1 -2 -2 -2 -1  0  0  2
 4634.022 -235.011
 -2  0  3  5  5  4  2 -1 -3 -4 -5 -4 -2 *  3  4  4  3  2  0 -3 -4 -4 -3 -2  1  3
 -1  0  2  3  3  2  0 -1 -1 -2 -2 -2 -1 *  2  2  2  1  0 -1 -2 -2 -2 -1  0  0  2
 4634.022 -230.311
 -2  0  3  5  5  4  2  0 -3 -4 -5 -4 -2 *  3  4  4  3  1 -1 -3 -4 -4 -3 -1  1  3
 -1  0  2  3  3  2  1 -1 -1 -2 -2 -2 -1 *  2  2  2  1  0 -1 -2 -2 -2 -1  0  0  2
 4634.022 -225.611
 -2  0  3  5  5  4  2  0 -3 -4 -5 -5 -2 *  3  4  3  3  1 -1 -3 -4 -3 -3 -1  1  3
 -1  0  2  3  3  2  1 -1 -1 -2 -2 -2 -1 *  2  2  1  1  0 -1 -2 -2 -2 -1  0  0  1
 4634.022 -220.911
 -2  0  3  5  5  4  2  0 -3 -4 -5 -5 -2 *  3  3  3  2  1 -1 -2 -3 -3 -2 -1  1  2
 -1  1  2  3  3  2  1 -1 -1 -2 -2 -2 -1 *  1  1  1  1  0 -1 -2 -2 -1 -1  0  0  1
 4634.022 -216.211
 -2  0  3  5  5  4  2  0 -3 -5 -5 -5 -2 *  2  3  3  2  1 -1 -2 -3 -3 -2 -1  0  2
 -1  1  2  3  3  2  0 -1 -1 -2 -2 -2 -1 *  1  1  1  1  0 -1 -1 -2 -1 -1  0  0  1
 4634.022 -211.511
 -2  0  3  4  4  3  2 -1 -3 -5 -5 -5 -2 *  3  3  3  2  1 -1 -2 -3 -3 -2  0  1  2
 -1  0  2  2  2  1  0 -1 -2 -2 -2 -2 -1 *  2  1  1  1  0 -1 -1 -1 -1 -1  0  1  1
 4634.022 -206.811
 -2  0  3  4  4  3  2 -1 -3 -5 -5 -4 -2 *  2  2  2  2  0 -1 -2 -3 -3 -2 -1  0  2
 -1  0  2  2  2  1  0 -1 -2 -2 -2 -2 -1 *  1  1  1  1  0 -1 -1 -2 -1 -1  0  0  1
 4634.022 -202.110
 -2  0  2  4  3  3  1 -1 -3 -4 -4 -3 -2 *  2  2  2  2  0 -1 -2 -2 -2 -1  0  1  2
 -1  0  1  2  2  1  0 -1 -1 -2 -2 -2 -1 *  1  1  1  1  0 -1 -1 -1 -1  0  0  0  1
 4634.022 -157.410
 -1  0  2  3  2  2  1 -1 -2 -3 -3 -3 -1 *  2  2  2  1  0  0 -1 -1 -1  0  0  1  2
  0  0  1  1  1  1  0 -1 -1 -1 -2 -1 -1 *  1  1  1  0  0  0  0  0  0  0  1  1  1
 4634.022 -152.710
 -1  0  1  1  1  1  0 -1 -2 -2 -3 -2 -1 *  1  1  1  1  0  0 -1  0  0  0  1  1  1
  0  0  1  1  1  0  0 -1 -1 -1 -1 -1 -1 *  1  1  0  0  0  0  0  0  0  0  1  1  1
 4637.271 -256.162
 -2  1  3  5  5  4  2 -1 -3 -4 -5 -4 -2 *  3  4  4  3  2  0 -2 -4 -4 -4 -2  0  2
  0  1  2  3  2  2  0 -1 -1 -2 -2 -2 -1 *  2  2  2  1  1 -1 -2 -2 -2 -1 -1  0  2
 4637.272 -251.461
 -2  1  3  5  5  4  2 -1 -3 -4 -5 -4 -2 *  3  4  4  4  2  0 -2 -4 -4 -4 -2  0  2
  0  1  2  3  2  2  0 -1 -1 -2 -2 -2 -1 *  2  2  2  2  1 -1 -2 -2 -2 -1 -1  0  2
 4637.272 -246.761
 -2  1  3  5  5  4  2 -1 -3 -4 -5 -4 -2 *  3  4  4  4  2  0 -3 -4 -4 -4 -2  0  2
 -1  1  2  3  3  2  0 -1 -2 -2 -2 -2 -1 *  2  2  2  2  1 -1 -2 -2 -2 -1 -1  0  2
 4637.272 -242.061
 -2  1  3  5  5  4  2 -1 -3 -4 -5 -4 -2 *  3  4  4  4  2  0 -3 -4 -4 -4 -2  0  3
 -1  1  2  3  2  2  0 -1 -1 -2 -2 -2 -1 *  2  2  2  2  1 -1 -2 -2 -2 -1  0  0  2
 4637.272 -237.361
 -2  0  3  4  5  4  2 -1 -3 -4 -5 -4 -2 *  4  4  5  4  2  0 -3 -4 -4 -3 -2  1  3
 -1  1  2  3  2  2  0 -1 -1 -2 -2 -2 -1 *  2  2  2  2  1 -1 -2 -2 -2 -1  0  0  2
 4637.272 -232.661
 -2  0  2  4  4  4  2  0 -3 -4 -5 -4 -2 *  4  4  4  3  1 -1 -3 -4 -4 -3 -1  1  3
 -1  0  2  2  2  1  0 -1 -1 -2 -2 -2 -1 *  2  2  2  1  0 -1 -2 -2 -2 -1  0  0  2
 4637.272 -227.961
 -3 -1  2  4  4  3  2  0 -2 -4 -4 -4 -3 *  3  4  3  3  1 -1 -3 -4 -4 -3 -1  1  3
 -1  0  1  2  2  1  1  0 -1 -2 -2 -2 -2 *  2  2  2  1  0 -1 -2 -2 -2 -1  0  1  2
 4637.272 -223.261
 -3 -1  2  4  4  4  2  0 -3 -4 -5 -5 -3 *  3  3  3  2  0 -1 -2 -3 -3 -2  0  1  2
 -1  0  1  2  2  2  1 -1 -1 -2 -2 -3 -2 *  1  1  1  1  0 -1 -1 -2 -1 -1  0  1  1
 4637.272 -218.561
 -3  0  3  5  5  4  2 -1 -4 -5 -6 -6 -3 *  2  2  2  2  1 -1 -2 -3 -3 -2 -1  0  2
 -1  0  2  3  2  1  0 -1 -2 -2 -3 -3 -2 *  1  1  1  1  0 -1 -1 -1 -1 -1  0  0  1
 4637.272 -213.861
 -2  0  3  4  4  3  2 -1 -3 -5 -5 -4 -2 *  2  3  3  2  1  0 -2 -3 -3 -3 -1  0  2
 -1  0  2  2  2  1  0 -1 -2 -2 -2 -2 -1 *  1  1  1  1  0 -1 -1 -2 -1 -1  0  0  1
 4637.272 -209.161
 -2  1  3  5  4  4  2 -1 -3 -4 -5 -4 -2 *  3  3  3  3  1  0 -2 -3 -3 -2 -1  1  2
 -1  1  2  3  2  1  0 -1 -2 -2 -2 -2 -1 *  2  2  2  1  0 -1 -1 -1 -1 -1  0  1  1
 4637.272 -204.461
 -1  0  2  3  3  3  1 -1 -3 -3 -4 -3 -2 *  2  2  2  2  0 -1 -2 -2 -3 -2 -1  0  1
 -1  0  1  2  2  1  0 -1 -1 -2 -2 -2 -1 *  1  1  1  1  0 -1 -1 -1 -1 -1  0  0  1
 4637.272 -159.761
 -1  0  1  2  2  2  1 -1 -2 -3 -3 -3 -1 *  1  1  1  1  0  0 -1 -1 -1 -1  0  0  1
 -1  0  1  1  1  1  0 -1 -1 -1 -2 -1 -1 *  1  1  1  0  0  0 -1 -1  0  0  0  0  1
 4637.272 -155.060
 -1  0  0  0  1  0  0 -1 -2 -2 -2 -1 -1 *  1  1  1  1  1  0  0  0  0  0  1  1  1
 -1  0  0  0  0  0  0 -1 -1 -1 -1 -1 -1 *  1  1  1  0  0  0  0  0  0  1  1  1  1
 4640.521 -258.512
 -2  1  3  5  5  4  2 -1 -3 -4 -5 -4 -2 *  3  4  4  3  2  0 -2 -4 -4 -4 -2  0  2
  0  1  2  3  3  2  0 -1 -1 -2 -2 -2 -1 *  2  2  2  1  1 -1 -2 -2 -2 -1 -1  0  1
 4640.522 -253.812
 -2  1  3  5  5  4  2 -1 -3 -5 -5 -4 -2 *  3  4  4  4  2  0 -2 -4 -4 -4 -2  0  2
 -1  1  2  3  2  2  0 -1 -2 -2 -2 -2 -1 *  2  2  2  2  1 -1 -2 -2 -2 -1 -1  0  2
 4640.522 -249.112
 -2  1  3  5  5  4  2 -1 -3 -5 -5 -4 -2 *  3  4  5  4  2  0 -2 -4 -5 -4 -2  0  3
 -1  1  2  3  3  2  0 -1 -2 -2 -2 -2 -1 *  2  2  2  2  1 -1 -2 -2 -2 -1 -1  0  2
 4640.522 -244.411
 -2  1  3  5  5  4  2 -1 -3 -4 -5 -4 -2 *  3  4  4  4  2  0 -3 -4 -5 -4 -2  0  2
  0  1  2  3  2  2  0 -1 -1 -2 -2 -2 -1 *  2  2  2  2  1 -1 -2 -2 -2 -2 -1  0  2
 4640.522 -239.711
 -2  1  3  4  4  4  2 -1 -3 -4 -4 -4 -2 *  3  5  5  4  2  0 -2 -4 -4 -4 -2  0  3
 -1  1  2  2  2  1  0 -1 -1 -2 -2 -2 -1 *  2  2  2  2  1 -1 -2 -2 -2 -1  0  0  2
 4640.522 -235.011
 -2  0  3  4  4  4  2 -1 -3 -4 -4 -4 -2 *  4  5  5  4  2  0 -3 -5 -5 -4 -2  0  3
 -1  0  2  2  2  1  0 -1 -1 -2 -2 -2 -1 *  2  2  2  2  1 -1 -2 -3 -2 -1  0  0  2
 4640.522 -230.311
 -2  0  2  3  4  3  2  0 -2 -3 -4 -3 -2 *  4  5  5  4  2 -1 -3 -4 -4 -4 -1  1  4
 -1  0  1  2  2  1  0  0 -1 -2 -2 -2 -1 *  2  2  2  1  0 -1 -2 -2 -2 -1  0  1  2
 4640.522 -225.611
 -4 -2  0  2  3  3  2  1 -1 -2 -4 -4 -4 *  5  4  3  2  0 -2 -4 -4 -4 -2  1  3  4
 -2 -1  0  1  2  1  1  0 -1 -1 -2 -2 -2 *  2  2  1  1  0 -1 -2 -2 -2 -1  0  1  2
 4640.522 -220.911
 -3  0  3  5  5  5  3  0 -3 -5 -6 -5 -3 *  2  1  1  0 -1 -1 -2 -1  0  1  2  2  2
 -2  0  2  3  3  2  1 -1 -2 -3 -3 -4 -2 *  1  1  0  0  0 -1 -1 -1  0  0  1  1  1
 4640.522 -216.211
 -2  1  4  6  5  4  0 -4 -7 -7 -7 -5 -2 *  1  3  4  4  1 -2 -5 -8 -9 -8 -6 -3  0
 -1  1  2  3  3  1 -1 -3 -4 -4 -4 -3 -1 *  1  1  2  2  1 -2 -3 -4 -4 -3 -2 -1  0
 4640.522 -211.511
 -2  0  3  4  4  3  2 -1 -3 -4 -5 -4 -2 *  2  3  4  3  2  0 -2 -3 -4 -4 -2 -1  2
 -1  0  1  2  2  1  0 -1 -1 -2 -2 -2 -1 *  1  2  2  2  1 -1 -2 -2 -2 -1 -1  0  1
 4640.522 -206.811
 -2  0  2  3  3  3  2 -1 -3 -4 -5 -4 -2 *  2  2  3  2  1 -1 -2 -3 -3 -2 -1  0  2
 -1  0  1  2  2  1  0 -1 -2 -2 -2 -2 -1 *  1  1  1  1  0 -1 -1 -2 -1 -1  0  0  1
 4640.522 -202.111
 -1  0  1  2  2  2  1 -1 -2 -2 -3 -2 -1 *  1  1  2  1  1  0 -1 -1 -2 -1 -1  0  1
 -1  0  1  1  1  1  0 -1 -1 -1 -1 -1 -1 *  1  1  1  1  0  0 -1 -1 -1  0  0  0  1
 4640.522 -157.411
 -1 -1  0  0  0  0  0 -1 -2 -2 -2 -2 -1 *  1  1  1  1  1  1  0  0  0  0 -1 -1  1
  0  0  0  0  0  0  0 -1 -1 -1 -1 -1 -1 *  0  0  0  0  0  0  0  0  0  0  0  0  0
 4643.772 -256.162
 -2  0  3  5  5  4  2 -1 -4 -5 -5 -5 -2 *  3  4  4  4  2  0 -2 -4 -4 -4 -2  0  2
 -1  0  2  3  3  2  0 -1 -2 -2 -2 -2 -1 *  2  2  2  2  1 -1 -2 -2 -2 -1 -1  0  2
 4643.772 -251.462
 -2  1  3  5  5  4  2 -1 -3 -5 -5 -4 -2 *  3  4  4  4  2  0 -2 -4 -5 -4 -3  0  2
 -1  1  2  3  3  2  0 -1 -2 -2 -2 -2 -1 *  2  2  2  2  1 -1 -2 -2 -2 -2 -1  0  2
 4643.772 -246.762
 -2  1  3  5  5  4  2 -1 -3 -5 -5 -4 -2 *  3  4  5  4  2  0 -2 -4 -5 -4 -2  0  2
  0  1  2  3  3  2  0 -1 -1 -2 -2 -2 -1 *  2  2  2  2  1 -1 -2 -2 -2 -2 -1  0  2
 4643.772 -242.062
 -1  1  3  4  5  4  2 -1 -3 -4 -5 -4 -2 *  3  4  5  4  2  0 -2 -4 -5 -4 -2  0  2
 -1  1  2  3  2  1  0 -1 -2 -2 -2 -2 -1 *  2  2  2  2  1 -1 -2 -2 -2 -2 -1  0  2
 4643.772 -237.361
 -1  1  3  5  5  4  2 -1 -3 -4 -4 -4 -2 *  3  5  5  4  3  0 -3 -4 -5 -4 -2  0  3
  0  1  2  3  3  2  0 -1 -1 -2 -2 -2 -1 *  2  2  2  2  1 -1 -2 -2 -2 -2 -1  0  2
 4643.772 -232.661
 -1  1  3  4  4  3  2 -1 -3 -4 -4 -3 -1 *  4  5  5  5  3  0 -3 -5 -5 -4 -2  0  3
  0  1  2  3  2  1  0 -1 -1 -2 -2 -2 -1 *  2  2  3  2  1 -1 -2 -3 -2 -2 -1  0  2
 4643.772 -227.961
  0  2  4  5  4  3  2 -1 -3 -4 -4 -3 -1 *  6  8  8  6  3  0 -4 -6 -6 -5 -3  1  5
  0  1  2  3  2  1  0  0 -1 -2 -2 -2  0 *  3  3  3  3  1 -1 -3 -3 -3 -2 -1  0  3
 4643.772 -223.261
  8  7  7  6  1 -5-11-13-11 -6  1 10 10 *  1  1  2  1  0 -2 -5 -6 -5 -2  0  2  1
  5  6  6  4 -1 -5 -8 -7 -5 -2  0  5  5 *  1  1  1  1  0 -2 -3 -3 -2 -1  0  1  1
 4643.772 -218.561
 -4  0  4  6  6  6  5  2 -2 -4 -7 -7 -5 *  3  1 -2 -4 -5 -5 -5 -3 -1  1  3  4  4
 -2  0  2  4  4  4  2  1 -1 -3 -4 -4 -3 *  2  1 -1 -2 -3 -3 -3 -2 -1  1  2  2  2
 4643.772 -213.861
 -4 -2  1  3  3  4  3  2 -1 -2 -4 -5 -4 *  6  6  6  4  1 -3 -7 -9 -8 -6 -2  1  5
 -2 -1  1  2  2  2  2  1 -1 -2 -3 -3 -2 *  3  3  3  2  0 -3 -4 -5 -4 -2  0  1  3
 4643.772 -209.161
 -2  0  2  3  3  3  2  0 -2 -3 -4 -4 -2 *  3  4  4  4  2  0 -3 -4 -4 -4 -2 -1  2
 -1  0  1  2  2  1  1  0 -1 -2 -2 -2 -1 *  2  2  2  2  0 -1 -2 -2 -2 -1  0  0  1
 4643.772 -204.461
 -1  0  2  2  2  2  1  0 -2 -2 -2 -2 -1 *  1  2  2  2  1  0 -2 -2 -2 -2 -1 -1  1
  0  0  1  1  1  1  0  0 -1 -1 -2 -1 -1 *  1  1  1  1  0 -1 -1 -1 -1  0  0  0  1
 4643.772 -159.761
  0  0  0  0  0  0  0  0 -1 -1 -1 -1  0 *  1  1  1  1  1  0  0  0  0 -1 -1 -1  1
  0  0  0  0  0  0  0  0  0 -1 -1  0  0 *  0  0  0  0  0  0  0  0  0  0  0  0  0
 4647.022 -258.512
 -2  0  3  5  5  4  2 -1 -4 -5 -6 -5 -3 *  3  4  5  4  2  0 -2 -4 -5 -4 -2  0  2
 -1  0  2  3  3  2  0 -1 -2 -3 -3 -3 -1 *  2  2  2  2  1 -1 -2 -2 -2 -2 -1  0  2
 4647.022 -253.812
 -2  0  3  5  5  4  2 -1 -4 -6 -6 -5 -3 *  3  4  4  4  2  0 -3 -5 -5 -5 -3  0  2
 -1  0  2  3  3  2  0 -1 -2 -3 -3 -3 -1 *  2  2  2  2  1 -1 -2 -3 -3 -2 -1  0  2
 4647.022 -249.112
 -2  1  3  5  5  4  2 -1 -4 -5 -6 -5 -2 *  3  4  5  4  3  0 -2 -5 -5 -5 -3 -1  2
 -1  0  2  3  3  2  0 -1 -2 -2 -3 -2 -1 *  2  2  2  2  1 -1 -2 -3 -3 -2 -1  0  2
 4647.022 -244.412
 -1  1  3  5  5  4  2 -1 -3 -4 -5 -4 -2 *  3  5  5  4  3  0 -2 -4 -5 -5 -3  0  2
  0  1  2  3  3  2  0 -1 -1 -2 -2 -2 -1 *  2  2  2  2  1 -1 -2 -2 -2 -2 -1  0  2
 4647.022 -239.712
 -1  1  3  5  5  4  2 -1 -3 -4 -5 -4 -2 *  3  5  5  5  3  0 -3 -5 -5 -5 -3  0  2
  0  1  2  3  3  2  0 -1 -1 -2 -2 -2 -1 *  2  2  2  2  1 -1 -2 -3 -2 -2 -1  0  2
 4647.022 -235.011
 -1  1  3  5  5  4  2 -1 -3 -4 -4 -4 -2 *  4  5  5  5  3  1 -3 -5 -5 -5 -3  0  3
  0  1  2  3  2  2  0 -1 -1 -2 -2 -2 -1 *  2  2  3  2  1 -1 -2 -3 -2 -2 -1  0  2
 4647.022 -230.311
 -2  1  3  5  4  3  1 -1 -3 -5 -5 -4 -2 *  5  6  6  5  3  1 -3 -5 -5 -4 -2  1  4
  0  1  2  3  2  1  0 -1 -2 -2 -2 -2 -1 *  3  3  3  2  1 -1 -2 -3 -2 -1  0  1  2
 4647.022 -225.611
  0  3  6  8  7  5  1 -3 -6 -7 -7 -5 -1 *  6  7  7  6  3  0 -4 -6 -6 -5 -2  2  5
  0  1  3  4  3  1 -1 -2 -3 -3 -3 -3 -1 *  3  3  3  3  1 -1 -3 -3 -3 -2  0  1  3
 4647.022 -220.911
  0  4  8 10  9  7  3 -2 -5 -7 -8 -6 -2 *  4  4  2  1  0 -2 -4 -4 -3 -2  0  2  4
  0  2  4  5  5  3  0 -1 -2 -3 -3 -3 -1 *  2  2  1  1 -1 -2 -3 -2 -2 -1  0  1  2
 4647.022 -216.211
 -2  1  4  6  6  5  3  1 -2 -4 -6 -6 -3 *  5  5  3  1 -1 -4 -6 -6 -4 -3  1  3  5
 -1  1  2  3  3  2  1  0 -1 -2 -3 -3 -2 *  3  2  2  1 -1 -2 -3 -3 -2 -1  1  2  3
 4647.022 -211.511
 -2  0  3  4  4  4  3  1 -2 -4 -5 -5 -2 *  3  3  3  2  0 -4 -7 -7 -6 -4 -2  0  3
 -1  0  2  2  3  2  1  0 -2 -2 -3 -3 -2 *  2  2  2  1 -1 -3 -4 -4 -3 -1  0  1  2
 4647.022 -206.811
 -1  1  1  1  1  2  2  0 -1 -1 -2 -1 -1 *  1  2  2  2  1  0 -2 -2 -2 -3 -2 -2  0
  0  0  1  1  1  1  1  0 -1 -1 -1 -1 -1 *  1  1  1  1  0 -1 -1 -1 -1  0  0  0  0
 4650.272 -256.162
 -2  1  3  6  6  5  2 -1 -4 -6 -7 -6 -3 *  4  5  5  5  3  0 -3 -5 -6 -5 -3  0  3
 -1  0  2  3  3  2  1 -1 -2 -3 -3 -3 -1 *  2  2  3  2  1 -1 -2 -3 -3 -2 -1  0  2
 4650.272 -251.462
 -2  1  4  6  6  5  2 -1 -3 -5 -6 -5 -3 *  3  5  5  5  3  0 -3 -5 -6 -5 -4 -1  2
 -1  1  2  3  3  2  1 -1 -2 -2 -3 -3 -1 *  2  2  2  2  1 -1 -2 -3 -3 -2 -1  0  2
 4650.272 -246.762
 -2  1  3  5  5  4  2 -1 -3 -5 -5 -4 -2 *  3  4  5  4  3  0 -3 -5 -5 -5 -3 -1  2
  0  1  2  3  3  2  0 -1 -2 -2 -2 -2 -1 *  2  2  2  2  1 -1 -2 -3 -3 -2 -1  0  1
 4650.272 -242.062
 -2  1  3  5  5  4  2 -1 -3 -5 -5 -4 -2 *  3  5  5  5  3  1 -2 -4 -5 -5 -3  0  2
  0  1  2  3  3  2  0 -1 -2 -2 -2 -2 -1 *  2  2  3  2  1  0 -2 -3 -2 -2 -1  0  2
 4650.272 -237.362
 -2  1  3  5  5  4  2 -1 -3 -4 -5 -4 -2 *  3  5  5  5  3  1 -2 -5 -5 -5 -3  0  2
  0  1  2  3  3  2  0 -1 -1 -2 -2 -2 -1 *  2  2  2  2  1 -1 -2 -3 -3 -2 -1  0  2
 4650.272 -232.661
 -2  0  2  4  4  3  1 -2 -4 -6 -6 -5 -3 *  5  6  6  5  4  1 -2 -5 -5 -5 -3  1  4
 -1  0  2  2  2  1  0 -1 -2 -2 -3 -3 -1 *  3  3  3  3  1  0 -2 -3 -2 -2  0  1  2
 4650.272 -227.961
 -2  2  5  7  6  5  2 -1 -4 -6 -6 -5 -2 *  5  6  6  5  3  0 -3 -5 -5 -4 -2  1  4
  0  1  3  4  3  2  0 -1 -2 -2 -3 -2 -1 *  3  3  3  2  1 -1 -2 -3 -2 -2 -1  0  2
 4650.272 -223.261
 -1  1  4  6  6  5  2 -1 -3 -5 -6 -5 -2 *  5  5  4  4  2  0 -3 -5 -4 -3 -1  2  4
  0  1  3  3  3  2  0 -1 -2 -2 -2 -2 -1 *  2  2  2  2  1 -1 -2 -2 -2 -1  0  1  2
 4650.272 -218.561
 -2  2  5  7  6  5  2 -1 -4 -6 -6 -6 -2 *  4  4  4  3  0 -2 -5 -6 -4 -3  0  2  4
 -1  1  3  4  3  2  1 -1 -2 -3 -3 -3 -1 *  2  2  2  1  0 -2 -3 -3 -2 -1  0  1  2
 4650.272 -213.861
  0  3  5  6  5  4  2 -1 -4 -6 -7 -6 -1 *  4  3  3  2  1 -2 -5 -6 -5 -4 -1  1  3
  0  1  3  3  3  2  0 -1 -2 -3 -3 -3 -1 *  2  2  2  1  0 -2 -3 -3 -2 -1  0  1  2
 4650.272 -209.161
 -1  0  0  0  0  1  1  1  0  0 -1 -1 -1 *  3  2  2  2  1 -2 -6 -5 -4 -3 -1  0  2
 -1  0  0  0  0  1  1  1  0  0  0 -1 -1 *  2  1  2  1  0 -2 -3 -3 -2 -1  0  1  2
 4653.522 -258.512
 -2  1  4  6  6  5  3 -1 -3 -5 -6 -5 -3 *  4  5  5  5  3  1 -2 -4 -5 -5 -3  0  3
  0  1  3  4  4  2  1 -1 -2 -2 -3 -3 -1 *  2  3  3  2  1  0 -2 -2 -2 -2 -1  0  2
 4653.522 -253.812
 -2  1  4  7  7  6  3  0 -3 -5 -6 -5 -2 *  3  5  5  4  2  0 -3 -5 -6 -5 -3 -1  2
  0  1  3  4  4  3  1 -1 -2 -2 -3 -2 -1 *  2  2  2  2  1 -1 -2 -3 -3 -2 -1  0  2
 4656.772 -256.162
 -2  1  4  6  7  5  3 -1 -4 -6 -6 -5 -3 *  3  4  5  4  3  0 -2 -4 -5 -5 -3  0  2
 -1  1  3  4  4  2  1 -1 -2 -2 -3 -3 -1 *  2  2  2  2  1 -1 -2 -2 -2 -2 -1  0  2
 4700.022 -258.512
 -2  1  4  6  6  5  3 -1 -4 -6 -6 -5 -3 *  3  4  5  4  3  1 -2 -4 -5 -4 -3  0  2
 -1  1  2  4  3  2  1 -1 -2 -2 -3 -3 -1 *  2  2  2  2  1  0 -2 -2 -2 -2 -1  0  2
 4700.022 -253.812
 -2  1  4  6  6  5  3 -1 -4 -5 -6 -5 -3 *  3  4  5  4  3  1 -2 -4 -5 -5 -3 -1  2
 -1  1  2  4  3  2  1 -1 -2 -2 -3 -3 -1 *  2  2  2  2  1  0 -2 -2 -2 -2 -1  0  1
 4545.271 -140.959
  0  2  4  5  4  3  1 -1 -3 -5 -5 -4 -1 *  5  6  5  3  0 -2 -4 -5 -5 -4 -3  0  3
  1  1  2  2  2  1  0 -1 -2 -2 -2  0  1 *  3  2  1  0  0 -1 -2 -3 -2 -1  0  2  2
 4545.271 -136.259
  0  2  3  4  4  3  1 -1 -3 -5 -5 -4 -1 *  5  6  5  2  0 -2 -4 -6 -5 -4 -3  0  4
  1  1  2  2  2  1 -1 -2 -2 -2 -1 -1  0 *  3  2  1  0  0 -1 -2 -3 -2 -1  0  2  3
 4545.271 -131.559
  0  2  4  4  4  3  1 -1 -3 -5 -5 -4 -1 *  5  6  5  2  0 -2 -4 -6 -5 -4 -3  0  4
  1  1  2  2  2  1  0 -1 -2 -2 -2 -1  0 *  3  2  1  0 -1 -1 -3 -3 -2 -1  0  2  3
 4545.271 -126.859
  0  2  4  4  4  3  1 -1 -3 -5 -5 -4 -1 *  5  6  5  2  0 -2 -4 -5 -5 -3 -2  0  4
  1  1  2  2  2  1  0 -1 -2 -2 -1 -1  0 *  2  2  1  0  0 -1 -2 -2 -2 -1  0  2  2
 4545.271 -122.159
  1  3  5  5  5  3  1 -1 -3 -5 -5 -3  0 *  5  6  4  1 -1 -3 -4 -5 -4 -3 -1  1  4
  1  2  2  2  2  1  0 -2 -2 -2 -1  0  1 *  3  2  0  0 -1 -1 -2 -2 -1  0  1  2  3
 4545.271 -117.459
  1  3  4  4  4  2  1  0 -1 -3 -3 -2  1 *  5  5  2 -1 -3 -4 -6 -6 -4 -1  1  3  5
  1  1  1  1  1  1  0 -1 -2 -1 -1  0  1 *  3  1  0 -1 -1 -2 -3 -2 -1  0  2  3  3
