Concarneau               	
 4325.600 -436.743
  0  0  1  1  1  1  1  1  0  0  0  0  1 *  0  0  0  0  0  0  0  0  0  0  0  0  0
  0  0  0  0  0  0  0  0  0  0  0  0  0 *  0  0  0  0  0  0  0  0  0  0  0  0  0
 4325.600 -420.743
  0  0  0  0  0  0  0  0  0  0  0  0  0 *  0  0 -1 -1  0  0  0  0  1  1  1  0  0
  0  0  0  0  0  0  0  0  0  0  0  0  0 *  0  0  0  0  0  0  0  0  0  0  0  0  0
 4325.601 -348.742
  0  0  0  0  0  0  0  0  0  0  0  0  0 *  0  0 -1 -1 -1  0  0  0  0  1  1  0  0
  0  0  0  0  0  0  0  0  0  0  0  0  0 *  0  0  0  0  0  0  0  0  0  0  0  0  0
 4325.601 -316.742
  1  1  1  0  0 -1 -1 -1 -1 -1  0  0  1 *  0 -1 -1 -1 -1  0  0  0  1  1  1  0  0
  0  0  0  0  0  0  0  0  0  0  0  0  0 *  0  0  0  0  0  0  0  0  0  0  0  0  0
 4325.601 -300.741
  1  0  0  0  0  0  0  0  0  0  0  0  0 *  0  0  0  0  0  0  0  0  1  1  1  0  0
  0  0  0  0  0  0  0  0  0  0  0  0  0 *  0  0  0  0  0  0  0  0  0  0  0  0  0
 4325.601 -228.741
  1  1  1  1  1  0  0  0  0  0  0  1  1 * -1 -1 -1 -1 -1  0  0  0  1  1  0  0  0
  1  1  1  1  0  0  0  0  0  0  0  0  0 *  0  0 -1 -1  0  0  0  0  0  0  0  0  0
 4325.602 -212.741
  1  1  1  1  0  0  0  0  0  0  0  0  1 *  0  0 -1 -1 -1  0  0  0  1  1  1  0  0
  0  0  0  0  0  0  0  0  0  0  0  0  0 *  0  0  0  0  0  0  0  0  0  0  0  0  0
 4325.602 -156.740
  0  1  1  1  0  0  0 -1 -1 -1  0  0  0 *  0  0  0  0  0  0  0  0  0  0  0  0  0
  0  0  0  0  0  0  0  0  0  0  0  0  0 *  0  0  0  0  0  0  0  0  0  0  0  0  0
 4325.602 -140.740
  0  1  1  1  1  0  0  0  0  0  0  0  0 *  0  0  0  0  0  0  0  0  0  0  0  0  0
  0  0  0  0  0  0  0  0  0  0  0  0  0 *  0  0  0  0  0  0  0  0  0  0  0  0  0
 4336.599 -708.746
  0  0  1  1  1  1  0  0 -1 -1 -1 -1 -1 *  0  0  0  0  0  0  0  0  0  0  0  0  0
  0  0  0  0  0  0  0  0  0  0  0  0  0 *  0  0  0  0  0  0  0  0  0  0  0  0  0
 4336.599 -652.746
 -1  0  0  1  1  1  1  0  0 -1 -1 -1 -1 *  0  0  0  0  0  0  0  0  0  0  0  0  0
  0  0  0  0  1  1  0  0  0  0  0 -1  0 *  0  0  0  0  0  0  0  0  0  0  0  0  0
 4336.599 -636.745
 -1 -1 -1  0  0  0  0  0  0  0 -1 -1 -1 *  0  0  0  0  0  0  0  0  0  0  0  0  0
  0  0  0  0  0  0  0  0  0  0  0  0  0 *  0  0  0  0  0  0  0  0  0  0  0  0  0
 4336.599 -620.745
  0  0 -1 -1 -1 -1 -1 -1 -1 -1  0  0  0 * -1 -1 -1 -1 -1  0  0  0  1  1  0  0  0
  0  0  0  0  0  0  0  0  0  0  0  0  0 *  0  0  0  0  0  0  0  0  0  0  0  0  0
 4336.599 -604.745
  0  1  0  0  0  0 -1 -1 -1 -1  0  0  0 *  0  0  0  0  0  0  0  0  0  0  0  0  0
  0  0  0  0  0  0  0  0  0  0  0  0  0 *  0  0  0  0  0  0  0  0  0  0  0  0  0
 4336.600 -532.744
  1  1  1  1  1  0  0 -1 -1 -1  0  0  1 * -1 -1 -1 -1 -1 -1  0  0  0  1  0  0  0
  0  1  1  1  0  0  0  0  0  0  0  0  0 *  0  0 -1 -1 -1  0  0  0  0  0  0  0  0
 4336.600 -516.744
  1  1  1  1  1  0  0 -1 -1 -1 -1  0  0 *  0 -1 -1 -1 -1  0  0  1  1  1  1  1  0
  0  0  1  1  0  0  0  0  0  0  0  0  0 *  0  0  0  0  0  0  0  0  0  0  0  0  0
 4336.600 -500.744
  0  1  1  1  1  1  0  0  0  0  0  0  0 * -1 -1 -1 -1 -1 -1  0  0  0  0  0  0 -1
  0  0  0  1  0  0  0  0  0  0  0  0  0 *  0  0  0  0  0  0  0  0  0  0  0  0  0
 4336.600 -444.743
  0  1  1  1  1  0  0  0  0  0  0  0  0 *  0  0 -1 -1 -1  0  0  0  1  1  1  0  0
  0  0  0  0  0  0  0  0  0  0  0  0  0 *  0  0  0  0  0  0  0  0  0  0  0  0  0
 4336.600 -428.743
  0  0  0  0  0  0  0  0  0  0  0  0  0 * -1 -1 -1 -1 -1 -1  0  0  0  0  0  0  0
  0  0  0  0  0  0  0  0  0  0  0  0  0 *  0  0  0  0  0  0  0  0  0  0  0  0  0
 4336.601 -412.743
  1  1  1  1  1  1  1  1  1  1  1  1  1 *  0  0  0  0  0  0  0  0  0  0  0  0  0
  0  0  1  1  0  0  0  0  0  0  0  0  0 *  0  0  0  0  0  0  0  0  0  0  0  0  0
 4336.601 -356.743
  0  1  1  1  0  0  0  0  0  0  0  0  0 *  1  0  0  0  0  0  1  1  1  1  1  1  1
  0  0  0  0  0  0  0  0  0  0  0  0  0 *  0  0  0  0  0  0  0  0  0  0  0  0  0
 4336.601 -340.742
  1  1  1  1  1  0  0  0  0  0  0  0  1 *  0  0 -1 -1 -1 -1  0  0  0  0  0  0  0
  0  1  1  1  0  0  0  0  0  0  0  0  0 *  0  0  0  0  0  0  0  0  0  0  0  0  0
 4336.601 -324.742
  0  0  1  1  0  0  0  0  0  0  0  0  0 *  0  0  0  0  0  0  0  0  0  0  0  0  0
  0  0  0  0  0  0  0  0  0  0  0  0  0 *  0  0  0  0  0  0  0  0  0  0  0  0  0
 4336.601 -308.742
  1  1  1  1  1  0  0  0  0  0  0  0  1 *  0  0 -1 -1 -1  0  0  0  0  0  0  0  0
  0  1  1  0  0  0  0  0  0  0  0  0  0 *  0  0  0  0  0  0  0  0  0  0  0  0  0
 4336.601 -252.741
  1  1  1  1  1  1  0  0  0  0  0  1  1 *  0  0  0  0  0  0  0  0  0  0  0  0  0
  0  1  1  1  0  0  0  0  0  0  0  0  0 *  0  0  0  0  0  0  0  0  0  0  0  0  0
 4336.602 -236.741
  1  1  1  1  1  0  0  0  0  0  0  0  1 *  0  0 -1 -1 -1 -1  0  0  0  0  0  0  0
  0  1  1  1  0  0  0  0  0  0  0  0  0 *  0  0  0  0  0  0  0  0  0  0  0  0  0
 4336.602 -220.741
  1  1  1  1  1  1  0  0  0  0  0  1  1 *  0  0  0  0  0  0  0  1  1  1  1  0  0
  0  1  1  1  1  0  0  0  0  0  0  0  0 *  0  0  0  0  0  0  0  0  0  0  0  0  0
 4336.602 -204.741
  1  1  1  1  1  0  0  0  0  0  0  0  1 *  0  0  0  0  0  0  0  0  0  0  0  0  0
  0  0  0  0  0  0  0  0  0  0  0  0  0 *  0  0  0  0  0  0  0  0  0  0  0  0  0
 4336.602 -148.740
  0  1  1  1  1  0  0 -1 -1 -1 -1  0  0 *  0  0  0  0  0  0  0  0  0  0  0  0  0
  0  0  1  1  0  0  0  0  0  0  0  0  0 *  0  0  0  0  0  0  0  0  0  0  0  0  0
 4336.602 -132.740
  0  1  1  1  1  0  0  0 -1 -1  0  0  0 *  0  0  0  0  0  0  0  0  0  0  1  1  1
  0  0  0  0  0  0  0  0  0  0  0  0  0 *  0  0  0  0  0  0  0  0  0  0  0  0  0
 4347.599 -716.746
  0  1  1  1  1  1  0  0 -1 -1 -1 -1  0 *  0 -1 -1 -1 -1 -1  0  0  1  1  1  1  0
  0  0  0  1  0  0  0  0  0 -1 -1  0  0 *  0  0 -1 -1  0  0  0  0  0  1  1  0  0
 4347.599 -700.746
  0  0  1  1  1  1  0  0 -1 -1 -1 -1  0 *  0  0 -1 -1  0  0  0  1  1  1  1  0  0
  0  0  0  0  0  0  0  0  0  0  0  0  0 *  0  0  0  0  0  0  0  0  0  0  0  0  0
 4347.599 -644.746
 -1  0  0  0  0  0  0  0  0  0  0  0  0 *  0  0 -1  0  0  0  1  1  1  1  0  0  0
  0  0  0  0  0  0  0  0  0  0  0  0  0 *  0  0  0  0  0  0  0  0  0  0  0  0  0
 4347.599 -628.745
  0  0  0  0  0  0  0  0  0  0  0  1  1 * -1 -1 -1 -1 -1  0  0  1  1  1  1  0 -1
  0  0  0  0  0  0  0  0  0  0  0  0  0 *  0  0 -1  0  0  0  0  0  0  0  0  0  0
 4347.599 -612.745
  0  0  0  0  0  0 -1 -1 -1 -1  0  0  0 *  0  0  0  0  0  0  1  1  1  1  1  1  0
  0  0  0  0  0  0  0  0  0  0  0  0  0 *  0  0  0  0  0  0  0  1  1  1  1  0  0
 4347.600 -556.745
  1  2  2  1  1  0  0 -1 -1 -1  0  1  1 * -1 -1 -1 -1 -1 -1 -1  0  0  0  0  0 -1
  1  1  1  1  0  0  0  0  0  0  0  0  1 *  0 -1 -1 -1 -1 -1  0  0  0  0  0  0  0
 4347.600 -540.745
  1  1  1  1  1  0 -1 -1 -1 -1  0  0  1 *  0 -1 -1 -1 -1  0  0  1  1  2  1  1  0
  0  1  1  0  0  0  0 -1 -1  0  0  0  0 *  0  0  0  0  0  0  0  0  1  1  1  0  0
 4347.600 -524.744
  1  1  1  1  1  0  0 -1 -1  0  0  0  1 *  0  0 -1 -1  0  0  1  1  2  2  1  1  0
  0  1  1  0  0  0  0  0  0  0  0  0  0 *  0  0  0  0  0  0  0  1  1  1  1  0  0
 4347.600 -508.744
  1  1  1  1  1  0  0 -1 -1 -1  0  0  1 * -1 -1 -2 -2 -2 -1  0  0  0  1  0  0 -1
  1  1  1  1  0  0  0  0  0  0  0  0  0 *  0 -1 -1 -1 -1 -1  0  0  0  0  0  0  0
 4347.600 -452.744
  0  0  0  0  0 -1 -1 -1 -1 -1 -1 -1 -1 * -1 -1 -1 -2 -1 -1 -1  0  0  0  0  0 -1
  0  0  0  0  0  0 -1 -1 -1 -1 -1 -1  0 *  0 -1 -1 -1 -1 -1  0  0  0  0  0  0  0
 4347.600 -436.744
  1  1  1  1  1  1  1  0  0  0  0  0  1 *  0  0 -1 -1 -1  0  0  0  0  0  0  0  0
  0  0  1  1  1  0  0  0  0  0  0  0  0 *  0  0  0  0  0  0  0  0  0  0  0  0  0
 4347.601 -420.743
  0  0  1  1  1  0  0  0  0  0  0  0  0 *  0  0  0  0  0  0  0  0  0  0  0  0  0
  0  0  0  0  0  0  0  0  0  0  0  0  0 *  0  0  0  0  0  0  0  0  0  0  0  0  0
 4347.601 -404.743
  0  0  0  0  0  0  0  0  0  0  0  0  0 *  0  0  0  0  0  0  0  0  0  0  0  0  0
  0  0  0  0  0  0  0  0  0  0  0  0  0 *  0  0  0  0  0  0  0  0  0  0  0  0  0
 4347.601 -348.743
  0  0  1  1  1  0  0  0  0  0  0  0  0 *  0  0  0  0  0  0  0  0  0  0  0  0  0
  0  0  0  0  0  0  0  0  0  0  0  0  0 *  0  0  0  0  0  0  0  0  0  0  0  0  0
 4347.601 -332.742
  0  0  1  1  0  0  0  0  0  0  0  0  0 *  0  0  0  0  0  0  0  0  0  0  0  0  0
  0  0  0  0  0  0  0  0  0  0  0  0  0 *  0  0  0  0  0  0  0  0  0  0  0  0  0
 4347.601 -316.742
  0  0  0  0  0  0  0  0 -1 -1  0  0  0 *  0  0  0  0  0  0  0  0  0  0  0  0  0
  0  0  0  0  0  0  0  0  0  0  0  0  0 *  0  0  0  0  0  0  0  0  0  0  0  0  0
 4347.602 -300.742
  0  0  1  0  0  0  0 -1 -1 -1  0  0  0 *  0  0  0  0  0  0  0  0  0  0  0  0  0
  0  0  0  0  0  0  0  0  0  0  0  0  0 *  0  0  0  0  0  0  0  0  0  0  0  0  0
 4347.602 -244.742
  0  0  0  0  0  0 -1 -1 -1 -1 -1  0  0 *  0  0  0  0  0  0  0  0  0  0  0  0  0
  0  0  0  0  0  0  0  0  0  0  0  0  0 *  0  0  0  0  0  0  0  0  0  0  0  0  0
 4347.602 -228.741
  0  1  1  1  0  0  0 -1 -1 -1  0  0  0 *  0  0  0  0  0  0  0  0  0  0  0  0  0
  0  0  0  0  0  0  0  0  0  0  0  0  0 *  0  0  0  0  0  0  0  0  0  0  0  0  0
 4347.602 -212.741
  0  0  1  0  0  0  0 -1 -1 -1 -1  0  0 *  0  0  0  0  0  0  0  0  0  0  0  0  0
  0  0  0  0  0  0  0  0  0  0  0  0  0 *  0  0  0  0  0  0  0  0  0  0  0  0  0
 4347.602 -156.741
  0  1  2  1  1  0 -1 -1 -2 -2 -1 -1  0 *  1  1  0  0 -1 -1 -1 -1  0  0  1  1  1
  0  1  1  1  1  0  0 -1 -1 -1 -1  0  0 *  1  0  0  0  0  0  0  0  0  0  0  1  1
 4347.602 -140.740
  0  1  1  1  1  0  0 -1 -1 -1 -1  0  0 *  1  1  0  0  0 -1 -1 -1  0  0  0  1  1
  0  0  1  1  0  0  0  0 -1 -1 -1  0  0 *  0  0  0  0  0  0  0  0  0  0  0  0  0
 4358.599 -724.747
  1  2  2  2  2  1  0 -1 -1 -1 -1  0  1 *  0 -1 -1 -2 -1 -1  0  1  1  2  1  1  0
  1  1  1  1  1  0  0  0  0  0  0  0  1 *  0 -1 -1 -1 -1  0  0  0  1  1  1  0  0
 4358.599 -708.746
  1  1  2  2  1  1  0 -1 -1 -1 -1 -1  0 *  0 -1 -1 -1 -1 -1  0  0  1  1  1  1  0
  0  1  1  1  0  0  0 -1 -1 -1 -1  0  0 *  0 -1 -1 -1 -1 -1  0  0  0  1  1  0  0
 4358.599 -652.746
  0  0  1  1  1  1  1  0  0  0 -1 -1 -1 * -1 -1 -1 -1 -1  0  0  0  0  0  0 -1 -1
  0  0  0  1  1  0  0  0  0  0  0  0  0 *  0 -1 -1 -1 -1  0  0  0  0  0  0  0  0
 4358.599 -636.746
  1  2  2  2  2  2  1  1  1  1  1  1  1 *  0 -1 -1 -1 -1  0  0  0  0  0  0  0 -1
  1  1  1  1  1  1  1  1  0  0  0  1  1 *  0  0  0  0  0  0  0  0  0  0  0  0  0
 4358.599 -620.746
  0  0  1  1  1  0  0  0  0  0  0  0  0 * -1 -1 -1 -1  0  0  0  0  0  0  0  0  0
  0  0  0  0  0  0  0  0  0  0  0  0  0 *  0  0  0  0  0  0  0  0  0  0  0  0  0
 4358.600 -604.745
  1  1  1  1  1  0  0  0  0  0  0  0  1 *  0  0  0  0  0  0  0  0  1  1  1  0  0
  0  0  0  0  0  0  0  0  0  0  0  0  0 *  0  0  0  0  0  0  0  0  0  0  0  0  0
 4358.600 -548.745
  0  0  1  1  0  0  0 -1 -1 -1 -1 -1  0 *  0  0  0  0  0  0  0  0  0  0  0  0  0
  0  0  0  0  0  0  0 -1 -1 -1 -1  0  0 *  0  0  0  0  0  0  0  0  0  0  0  0  0
 4358.600 -532.745
  0  1  1  1  1  1  0  0 -1 -1  0  0  0 *  0 -1 -1 -1 -1  0  0  0  0  0  0  0  0
  0  0  1  1  1  0  0  0  0  0  0  0  0 *  0  0  0  0  0  0  0  0  0  0  0  0  0
 4358.600 -516.744
  1  1  1  1  1  0  0  0  0  0  0  0  1 *  0 -1 -1 -1  0  0  0  1  1  1  1  0  0
  0  1  1  1  0  0  0  0  0  0  0  0  0 *  0  0  0  0  0  0  0  0  0  0  0  0  0
 4358.600 -500.744
  0  0  1  1  0  0 -1 -1 -2 -2 -1 -1  0 *  0  0 -1 -1 -1  0  0  0  0  0  0  0  0
  0  0  0  0  0  0 -1 -1 -1 -1 -1 -1  0 *  0  0  0  0  0  0  0  0  0  0  0  0  0
 4358.601 -444.744
  0  0  1  1  0  0 -1 -1 -1 -1 -1 -1  0 *  0  0 -1 -1 -1 -1  0  0  0  1  0  0  0
  0  0  0  0  0  0  0 -1 -1 -1  0  0  0 *  0  0  0  0  0  0  0  0  0  0  0  0  0
 4358.601 -428.744
  1  1  1  1  1  0  0  0  0  0  0  0  1 *  0  0  0  0  0  0  0  1  1  1  1  1  0
  0  1  1  1  0  0  0  0  0  0  0  0  0 *  0  0  0  0  0  0  0  0  0  1  1  0  0
 4358.601 -412.743
  0  0  0  0  0  0  0  0  0  0  0  0  0 *  0 -1 -1 -1 -1  0  0  0  0  0  0  0  0
  0  0  0  0  0  0  0  0  0  0  0  0  0 *  0  0  0  0  0  0  0  0  0  0  0  0  0
 4358.601 -356.743
  0  0  1  1  0  0  0  0  0  0  0  0  0 *  0  0  0  0  0  0  0  0  1  1  0  0  0
  0  0  0  0  0  0  0  0  0  0  0  0  0 *  0  0  0  0  0  0  0  0  0  0  0  0  0
 4358.601 -340.743
  0  0  0  0  0  0  0  0  0  0  0  0  0 *  0  0  0  0  0  0  0  0  0  0  0  0  0
  0  0  0  0  0  0  0  0  0  0  0  0  0 *  0  0  0  0  0  0  0  0  0  0  0  0  0
 4358.601 -324.743
  0  0  1  0  0  0  0  0  0  0  0  0  0 *  0  0  0  0  0  0  0  0  0  0  0  0  0
  0  0  0  0  0  0  0  0  0  0  0  0  0 *  0  0  0  0  0  0  0  0  0  0  0  0  0
 4358.602 -308.742
  0  0  1  0  0  0  0 -1 -1 -1  0  0  0 *  0  0  0  0  0  0  0  0  0  0  0  0  0
  0  0  0  0  0  0  0  0  0  0  0  0  0 *  0  0  0  0  0  0  0  0  0  0  0  0  0
 4358.602 -252.742
  0  0  1  0  0  0  0 -1 -1 -1  0  0  0 *  0  0  0  0  0  0  0  0  0  0  0  0  0
  0  0  0  0  0  0  0  0  0  0  0  0  0 *  0  0  0  0  0  0  0  0  0  0  0  0  0
 4358.602 -236.742
  0  0  1  1  0  0  0 -1 -1 -1  0  0  0 *  0  0  0  0  0  0  0  0  0  0  0  0  0
  0  0  0  0  0  0  0  0  0  0  0  0  0 *  0  0  0  0  0  0  0  0  0  0  0  0  0
 4358.602 -220.741
  0  1  1  1  0  0  0 -1 -1 -1  0  0  0 *  0  0  0  0  0  0  0  0  0  0  0  0  0
  0  0  0  0  0  0  0  0  0  0  0  0  0 *  0  0  0  0  0  0  0  0  0  0  0  0  0
 4358.602 -204.741
  1  1  2  2  1  0 -1 -1 -2 -2 -1  0  1 *  2  1  1  0  0  0  0  0  1  2  2  2  2
  0  1  1  1  1  0  0 -1 -1 -1 -1  0  0 *  1  1  0  0  0  0  0  0  1  1  1  1  1
 4358.603 -148.741
  1  1  2  2  1  0 -1 -1 -2 -2 -1 -1  0 *  1  1  0  0 -1 -1 -1 -1 -1  0  0  1  1
  0  1  1  1  1  0  0 -1 -1 -1 -1  0  0 *  0  0  0  0 -1 -1 -1 -1  0  0  0  0  0
 4358.603 -132.741
  0  1  1  1  1  0  0 -1 -1 -1 -1  0  0 *  1  1  1  0  0 -1 -1 -1  0  0  1  1  1
  0  0  1  1  0  0  0  0 -1 -1 -1  0  0 *  0  0  0  0  0  0  0  0  0  0  0  0  1
 4409.599 -716.747
  0  1  2  3  2  2  1  0 -1 -1 -1  0  0 *  0  0  0 -1 -1 -1  0  0  0  0  1  0  0
  1  1  1  1  1  1  1  0  0  0  0  0  1 *  0  0  0  0  0  0  0  0  0  0  0  0  0
 4409.599 -700.746
  0  1  2  2  2  2  1  0 -1 -1 -1 -1  0 *  1  0  0  0 -1  0  0  0  0  1  1  1  1
  0  1  1  1  1  1  0  0  0  0  0  0  0 *  0  0  0  0  0  0  0  0  0  0  0  0  0
 4409.599 -644.746
  0  0  0  1  1  0  0  0 -1 -1 -1 -1  0 *  0  0 -1 -1  0  0  0  0  0  0  0  0  0
  0  0  0  0  0  0  0  0  0  0  0  0  0 *  0  0  0  0  0  0  0  0  0  0  0  0  0
 4409.600 -628.746
  0  1  1  1  1  1  0  0  0 -1 -1  0  0 *  0  0  0  0  0  0  0  0  0  0  0  0  0
  0  0  0  1  1  0  0  0  0  0  0  0  0 *  0  0  0  0  0  0  0  0  0  0  0  0  0
 4409.600 -612.746
  0  0  1  1  1  1  0  0  0 -1  0  0  0 *  0  0  0  0  0  0  0  0  0  0  0  0  0
  0  0  0  0  0  0  0  0  0  0  0  0  0 *  0  0  0  0  0  0  0  0  0  0  0  0  0
 4409.600 -556.745
  1  1  1  1  1  1  1  0  0  0  0  0  1 *  0  0  0  0  0  0  0  0  0  0  0  0  0
  0  1  1  1  1  1  0  0  0  0  0  0  0 *  0  0  0  0  0  0  0  0  0  0  0  0  0
 4409.600 -540.745
  0  0  1  1  1  0  0 -1 -1 -1 -1 -1  0 *  0  0  0  0  0  0  0  0  0  0  0  0  0
  0  0  0  0  0  0  0  0  0  0  0  0  0 *  0  0  0  0  0  0  0  0  0  0  0  0  0
 4409.600 -524.745
  0  1  1  1  1  0  0  0  0  0  0  0  0 *  0  0  0  0  0  0  0  0  0  0  0  0  0
  0  0  0  0  0  0  0  0  0  0  0  0  0 *  0  0  0  0  0  0  0  0  0  0  0  0  0
 4409.601 -508.745
  1  1  1  1  1  1  0  0  0  0  0  0  1 *  0  0  0  0  0  0  0  0  1  1  1  0  0
  0  1  1  1  1  0  0  0  0  0  0  0  0 *  0  0  0  0  0  0  0  0  0  0  0  0  0
 4409.601 -452.744
  1  2  2  2  1  1  0  0  0  0  0  1  1 *  0  0  0  0  0  0  0  0  1  1  1  0  0
  1  1  1  1  1  1  0  0  0  0  0  0  1 *  0  0  0  0  0  0  0  0  0  0  0  0  0
 4409.601 -436.744
  1  1  1  1  1  1  0  0 -1  0  0  0  1 *  0 -1 -1 -1 -1  0  0  0  0  1  0  0  0
  0  1  1  1  1  0  0  0  0  0  0  0  0 *  0  0  0  0  0  0  0  0  0  0  0  0  0
 4409.601 -420.744
  1  1  1  1  1  0  0  0  0  0  0  0  1 *  0  0  0  0  0  0  0  0  0  1  0  0  0
  0  0  0  0  0  0  0  0  0  0  0  0  0 *  0  0  0  0  0  0  0  0  0  0  0  0  0
 4409.601 -404.743
  0  1  1  1  0  0  0  0  0  0  0  0  0 *  0  0  0  0  0  0  0  0  0  0  0  0  0
  0  0  0  0  0  0  0  0  0  0  0  0  0 *  0  0  0  0  0  0  0  0  0  0  0  0  0
 4409.601 -348.743
  0  0  1  1  0  0  0  0 -1  0  0  0  0 *  0  0  0  0  0  0  0  0  0  0  0  0  0
  0  0  0  0  0  0  0  0  0  0  0  0  0 *  0  0  0  0  0  0  0  0  0  0  0  0  0
 4409.602 -332.743
  0  0  0  0  0  0  0  0  0  0  0  0  0 *  0  0  0  0  0  0  0  0  0  0  0  0  0
  0  0  0  0  0  0  0  0  0  0  0  0  0 *  0  0  0  0  0  0  0  0  0  0  0  0  0
 4409.602 -316.743
  0  0  1  0  0  0  0  0 -1 -1  0  0  0 *  0  0  0  0  0  0  0  0  0  0  0  0  0
  0  0  0  0  0  0  0  0  0  0  0  0  0 *  0  0  0  0  0  0  0  0  0  0  0  0  0
 4409.602 -300.742
  0  1  1  1  0  0  0 -1 -1 -1 -1  0  0 *  0  0  0  0  0  0  0  0  0  0  0  0  0
  0  0  0  0  0  0  0  0  0  0  0  0  0 *  0  0  0  0  0  0  0  0  0  0  0  0  0
 4409.602 -244.742
  0  1  1  1  0  0  0 -1 -1 -1 -1  0  0 *  0  0  0  0  0  0  0  0  0  0  0  0  0
  0  0  0  0  0  0  0  0  0  0  0  0  0 *  0  0  0  0  0  0  0  0  0  0  0  0  0
 4409.602 -228.742
  0  1  1  1  0  0  0 -1 -1 -1  0  0  0 *  0  0  0  0  0  0  0  0  0  0  0  0  0
  0  0  0  0  0  0  0  0  0  0  0  0  0 *  0  0  0  0  0  0  0  0  0  0  0  0  0
 4409.603 -212.741
  0  1  1  1  1  0  0  0 -1 -1  0  0  0 *  0  0  0  0  0  0  0  0  0  0  0  0  0
  0  0  0  0  0  0  0  0  0  0  0  0  0 *  0  0  0  0  0  0  0  0  0  0  0  0  0
 4409.603 -156.741
  1  2  3  2  2  0 -1 -2 -3 -3 -2 -1  1 *  2  1  0 -1 -1 -1 -1 -1  0  1  1  2  2
  0  1  1  1  1  0  0 -1 -1 -1 -1 -1  0 *  1  0  0  0 -1 -1 -1 -1  0  0  1  1  1
 4409.603 -140.741
  1  1  2  2  1  0 -1 -1 -2 -2 -1 -1  0 *  1  1  0  0 -1 -1 -1 -1 -1  0  1  1  1
  0  1  1  1  1  0  0 -1 -1 -1 -1  0  0 *  1  0  0  0 -1 -1 -1 -1  0  0  0  0  0
 4409.603 -124.741
  0  1  1  1  1  0  0 -1 -1 -1 -1 -1  0 *  1  1  1  0  0 -1 -1 -1  0  0  1  1  1
  0  0  1  1  0  0  0  0 -1 -1 -1  0  0 *  1  0  0  0  0  0  0  0  0  0  0  0  1
 4420.599 -724.747
 -1  0  1  1  2  1  1  0 -1 -1 -1 -1 -1 *  0  0  0  0  0  0  0  0  0  0  0  0  0
  0  0  0  1  1  0  0  0  0 -1 -1 -1  0 *  0  0  0  0  0  0  0  0  0  0  0  0  0
 4420.599 -708.747
  0  1  1  2  2  1  1  0 -1 -1 -1 -1  0 *  0  0 -1  0  0  0  0  0  0  0  0  0  0
  0  0  1  1  1  1  0  0  0  0  0  0  0 *  0  0  0  0  0  0  0  0  0  0  0  0  0
 4420.600 -652.747
  0  1  1  2  1  1  0  0 -1 -1 -1 -1  0 *  0  0  0  0  0  0  0  0  0  0  0  0  0
  0  0  1  1  1  0  0  0  0 -1 -1  0  0 *  0  0  0  0  0  0  0  0  0  0  0  0  0
 4420.600 -636.746
  0  0  1  1  1  1  0  0 -1 -1 -1 -1  0 *  0  0  0  0  0  0  0  0  0  0  0  0  0
  0  0  0  1  0  0  0  0  0  0  0  0  0 *  0  0  0  0  0  0  0  0  0  0  0  0  0
 4420.600 -620.746
  0  0  1  1  1  0  0  0 -1 -1 -1 -1  0 *  0  0  0  0  0  0  0  0  0  0  0  0  0
  0  0  0  0  0  0  0  0  0  0  0  0  0 *  0  0  0  0  0  0  0  0  0  0  0  0  0
 4420.600 -604.746
  0  0  1  1  1  1  0  0 -1 -1 -1  0  0 *  0  0  0  0  0  0  0  0  0  0  0  0  0
  0  0  0  0  0  0  0  0  0  0  0  0  0 *  0  0  0  0  0  0  0  0  0  0  0  0  0
 4420.600 -548.746
  0  0  1  1  1  0  0  0 -1 -1 -1 -1  0 *  0  0  0  0  0  0  0  0  0  0  0  0  0
  0  0  0  0  0  0  0  0  0  0  0  0  0 *  0  0  0  0  0  0  0  0  0  0  0  0  0
 4420.601 -532.745
  0  1  1  1  1  0  0  0 -1 -1 -1  0  0 *  0  0  0  0  0  0  0  0  0  0  0  0  0
  0  0  0  0  0  0  0  0  0  0  0  0  0 *  0  0  0  0  0  0  0  0  0  0  0  0  0
 4420.601 -516.745
  0  0  1  1  1  0  0  0 -1 -1 -1  0  0 *  0  0  0  0  0  0  0  0  0  0  0  0  0
  0  0  0  0  0  0  0  0  0  0  0  0  0 *  0  0  0  0  0  0  0  0  0  0  0  0  0
 4420.601 -500.745
  0  0  1  1  1  0  0  0 -1 -1 -1  0  0 *  0  0  0  0  0  0  0  0  0  0  0  0  0
  0  0  0  0  0  0  0  0  0  0  0  0  0 *  0  0  0  0  0  0  0  0  0  0  0  0  0
 4420.601 -444.744
  0  1  1  1  1  0  0  0 -1 -1 -1  0  0 *  0  0  0  0  0  0  0  0  0  0  0  0  0
  0  0  0  0  0  0  0  0  0  0  0  0  0 *  0  0  0  0  0  0  0  0  0  0  0  0  0
 4420.601 -428.744
  0  0  1  1  0  0  0 -1 -1 -1 -1  0  0 *  0  0  0  0  0  0  0  0  0  0  0  0  0
  0  0  0  0  0  0  0  0  0  0  0  0  0 *  0  0  0  0  0  0  0  0  0  0  0  0  0
 4420.601 -412.744
  0  1  1  1  1  0  0  0 -1 -1 -1  0  0 *  0  0  0  0  0  0  0  0  0  0  0  0  0
  0  0  0  0  0  0  0  0  0  0  0  0  0 *  0  0  0  0  0  0  0  0  0  0  0  0  0
 4420.602 -356.744
  0  0  1  1  0  0  0  0 -1 -1  0  0  0 *  0  0  0  0  0  0  0  0  0  0  0  0  0
  0  0  0  0  0  0  0  0  0  0  0  0  0 *  0  0  0  0  0  0  0  0  0  0  0  0  0
 4420.602 -340.743
  0  0  1  1  0  0  0  0 -1  0  0  0  0 *  0  0  0  0  0  0  0  0  0  0  0  0  0
  0  0  0  0  0  0  0  0  0  0  0  0  0 *  0  0  0  0  0  0  0  0  0  0  0  0  0
 4420.602 -324.743
  0  0  0  0  0  0  0  0  0  0  0  0  0 *  0  0  0  0  0  0  0  0  0  0  0  0  0
  0  0  0  0  0  0  0  0  0  0  0  0  0 *  0  0  0  0  0  0  0  0  0  0  0  0  0
 4420.602 -308.743
  0  0  1  1  0  0  0 -1 -1 -1 -1  0  0 *  0  0  0  0  0  0  0  0  0  0  0  0  0
  0  0  0  0  0  0  0  0  0  0  0  0  0 *  0  0  0  0  0  0  0  0  0  0  0  0  0
 4420.602 -252.742
  0  1  1  1  1  0  0 -1 -1 -1 -1  0  0 *  0  0  0  0  0  0  0  0  0  0  0  0  0
  0  0  0  0  0  0  0  0  0  0  0  0  0 *  0  0  0  0  0  0  0  0  0  0  0  0  0
 4420.602 -236.742
  0  1  1  1  1  0  0 -1 -1 -1  0  0  0 *  0  0  0  0  0  0  0  0  0  0  0  0  0
  0  0  0  0  0  0  0  0  0  0  0  0  0 *  0  0  0  0  0  0  0  0  0  0  0  0  0
 4420.603 -220.742
  0  1  1  1  0  0  0  0 -1 -1  0  0  0 *  0  0  0  0  0  0  0  0  0  0  0  0  0
  0  0  0  0  0  0  0  0  0  0  0  0  0 *  0  0  0  0  0  0  0  0  0  0  0  0  0
 4420.603 -204.742
  0  0  0  0  0 -1 -1 -2 -2 -2 -1 -1  0 *  2  1  1  1  1  1  1  1  1  1  2  2  2
  0  0  0  0  0  0 -1 -1 -1 -1 -1 -1  0 *  1  1  1  1  0  0  0  0  1  1  1  1  1
 4420.603 -148.741
  1  2  3  2  2  1 -1 -2 -3 -3 -2 -1  1 *  2  1  0 -1 -1 -2 -2 -2 -1  0  1  1  1
  0  1  1  1  1  0  0 -1 -1 -1 -1 -1  0 *  1  1  0  0 -1 -1 -1 -1 -1  0  0  1  1
 4420.603 -132.741
  1  1  2  2  1  1  0 -1 -2 -2 -1 -1  0 *  2  1  1  0 -1 -1 -1 -1 -1  0  1  1  2
  0  1  1  1  1  0  0 -1 -1 -1 -1  0  0 *  1  1  0  0  0 -1 -1 -1  0  0  0  1  1
 4420.603 -116.741
  0  0  0  0  0  0  0  0  0  0  0  0  0 *  0  0  0  0  0  0 -1 -1  0  0  0  0  0
  0  0  0  0  0  0  0  0  0  0  0  0  0 *  0  0  0  0  0  0  0  0  0  0  0  0  0
 4431.600 -716.747
  0  0  1  1  1  1  0  0 -1 -1 -1 -1  0 *  0  0  0  0  0  0  0  0  0  0  0  0  0
  0  0  0  1  1  0  0  0  0  0 -1  0  0 *  0  0  0  0  0  0  0  0  0  0  0  0  0
 4431.600 -700.747
  0  0  1  1  1  1  0 -1 -1 -1 -1 -1  0 *  0  0  0  0  1  1  1  1  1  1  1  1  0
  0  0  0  0  0  0  0  0  0 -1 -1  0  0 *  0  0  0  0  0  0  0  0  0  0  0  0  0
 4431.600 -644.747
  0  0  1  1  1  1  0  0 -1 -1 -1 -1  0 *  0  0  0  0  0  0  0  0  0  0  0  0  0
  0  0  0  1  0  0  0  0  0  0  0  0  0 *  0  0  0  0  0  0  0  0  0  0  0  0  0
 4431.600 -628.746
  0  0  1  1  1  1  0  0 -1 -1 -1 -1  0 *  0  0  0  0  0  0  0  0  0  0  0  0  0
  0  0  0  0  0  0  0  0  0  0  0  0  0 *  0  0  0  0  0  0  0  0  0  0  0  0  0
 4431.600 -612.746
  0  0  1  1  1  1  0  0 -1 -1 -1 -1  0 *  0  0  0  0  0  0  0  0  0  0  0  0  0
  0  0  0  0  0  0  0  0  0  0  0  0  0 *  0  0  0  0  0  0  0  0  0  0  0  0  0
 4431.600 -556.746
  0  0  1  1  1  1  0  0 -1 -1 -1  0  0 *  0  0  0  0  0  0  0  0  0  0  0  0  0
  0  0  0  0  0  0  0  0  0  0  0  0  0 *  0  0  0  0  0  0  0  0  0  0  0  0  0
 4431.601 -540.746
  0  1  1  1  1  1  0  0 -1 -1 -1  0  0 *  0  0  0  0  0  0  0  0  0  0  0  0  0
  0  0  0  0  0  0  0  0  0  0  0  0  0 *  0  0  0  0  0  0  0  0  0  0  0  0  0
 4431.601 -524.745
  0  0  1  1  1  0  0  0 -1 -1 -1  0  0 *  0  0  0  0  0  0  0  0  0  0  0  0  0
  0  0  0  0  0  0  0  0  0  0  0  0  0 *  0  0  0  0  0  0  0  0  0  0  0  0  0
 4431.601 -508.745
  0  0  1  1  1  0  0  0 -1 -1 -1  0  0 *  0  0  0  0  0  0  0  0  0  0  0  0  0
  0  0  0  0  0  0  0  0  0  0  0  0  0 *  0  0  0  0  0  0  0  0  0  0  0  0  0
 4431.601 -452.745
  0  0  1  1  1  0  0  0 -1 -1 -1  0  0 *  0  0  0  0  0  0  0  0  0  0  0  0  0
  0  0  0  0  0  0  0  0  0  0  0  0  0 *  0  0  0  0  0  0  0  0  0  0  0  0  0
 4431.601 -436.745
  0  1  1  1  1  0  0  0 -1 -1 -1  0  0 *  0  0  0  0  0  0  0  0  0  0  0  0  0
  0  0  0  0  0  0  0  0  0  0  0  0  0 *  0  0  0  0  0  0  0  0  0  0  0  0  0
 4431.602 -420.744
  0  1  1  1  1  0  0  0 -1 -1 -1  0  0 *  0  0  0  0  0  0  0  0  0  0  0  0  0
  0  0  0  0  0  0  0  0  0  0  0  0  0 *  0  0  0  0  0  0  0  0  0  0  0  0  0
 4431.602 -404.744
  0  0  1  1  0  0  0  0 -1 -1  0  0  0 *  0  0  0  0  0  0  0  0  0  0  0  0  0
  0  0  0  0  0  0  0  0  0  0  0  0  0 *  0  0  0  0  0  0  0  0  0  0  0  0  0
 4431.602 -348.744
  0  0  1  1  0  0  0  0 -1 -1  0  0  0 *  0  0  0  0  0  0  0  0  0  0  0  0  0
  0  0  0  0  0  0  0  0  0  0  0  0  0 *  0  0  0  0  0  0  0  0  0  0  0  0  0
 4431.602 -332.743
  0  0  1  1  0  0  0  0  0  0  0  0  0 *  0  0  0  0  0  0  0  0  0  0  0  0  0
  0  0  0  0  0  0  0  0  0  0  0  0  0 *  0  0  0  0  0  0  0  0  0  0  0  0  0
 4431.602 -316.743
  0  1  1  1  1  0  0  0 -1 -1  0  0  0 *  0  0  0  0  0  0  0  0  0  0  0  0  0
  0  0  0  0  0  0  0  0  0  0  0  0  0 *  0  0  0  0  0  0  0  0  0  0  0  0  0
 4431.602 -300.743
  0  1  1  1  1  0  0 -1 -1 -1 -1  0  0 *  0  0  0  0  0  0  0  0  0  0  0  0  0
  0  0  0  0  0  0  0  0  0  0  0  0  0 *  0  0  0  0  0  0  0  0  0  0  0  0  0
 4431.603 -244.743
  0  1  1  1  1  0  0  0 -1 -1  0  0  0 *  0  0  0  0  0  0  0  0  0  0  0  0  0
  0  0  0  0  0  0  0  0  0  0  0  0  0 *  0  0  0  0  0  0  0  0  0  0  0  0  0
 4431.603 -228.742
  0  1  1  1  0  0  0 -1 -1 -1  0  0  0 *  0  0  0  0  0  0  0  0  0  0  0  0  0
  0  0  0  0  0  0  0  0  0  0  0  0  0 *  0  0  0  0  0  0  0  0  0  0  0  0  0
 4431.603 -212.742
  1  1  1  1  1  0  0  0 -1 -1  0  0  1 *  0  0  0  0  0  0  0  0  0  0  0  0  0
  0  1  1  1  1  0  0  0  0  0  0  0  0 *  0  0  0  0  0  0  0  0  0  0  0  0  0
 4431.603 -156.742
  1  3  4  3  2  1 -1 -2 -3 -3 -2  0  1 *  2  2  1  0 -1 -2 -2 -2 -1  0  1  2  2
  1  1  2  2  1  0  0 -1 -1 -1 -1  0  0 *  1  1  0  0 -1 -1 -1 -1 -1  0  1  1  1
 4431.603 -140.741
  1  2  3  2  2  1 -1 -2 -3 -3 -2 -1  1 *  2  2  1  0 -1 -2 -2 -2 -1  0  1  2  2
  0  1  1  1  1  0  0 -1 -1 -1 -1 -1  0 *  1  1  1  0 -1 -1 -1 -1 -1  0  0  1  1
 4431.604 -124.741
  0  1  2  2  2  1  0 -1 -2 -2 -2 -1  0 *  2  2  2  1  0 -1 -1 -2 -1  0  1  2  2
  0  1  1  1  1  1  0  0 -1 -1 -1  0  0 *  1  1  1  0  0  0 -1 -1 -1  0  0  1  1
 4442.600 -724.748
  0  0  1  1  1  1  0  0 -1 -1 -1 -1  0 * -1  0  0  0  0  0  0  0  0  0  0  0  0
  0  0  0  1  0  0  0  0  0  0 -1  0  0 *  0  0  0  0  0  0  0  0  0  0  0  0  0
 4442.600 -708.747
  0  0  1  1  1  1  0  0 -1 -1 -1 -1  0 *  0  0  0  0  0  0  0  0  0  0  0  0  0
  0  0  0  0  0  0  0  0  0 -1 -1  0  0 *  0  0  0  0  0  0  0  0  0  0  0  0  0
 4442.600 -652.747
  0  1  1  1  1  1  0  0 -1 -1 -1 -1  0 *  0  0  0  0  0  0  0  0  0  0  0  0  0
  0  0  0  1  1  0  0  0  0  0  0  0  0 *  0  0  0  0  0  0  0  0  0  0  0  0  0
 4442.600 -636.747
  0  0  1  1  1  1  0  0 -1 -1 -1 -1  0 *  0  0  0  0  0  0  0  0  0  0  0  0  0
  0  0  0  0  0  0  0  0  0  0  0  0  0 *  0  0  0  0  0  0  0  0  0  0  0  0  0
 4442.600 -620.747
  0  0  1  1  1  0  0  0 -1 -1 -1 -1  0 *  0  0  0  0  0  0  0  0  0  0  0  0  0
  0  0  0  0  0  0  0  0  0  0  0  0  0 *  0  0  0  0  0  0  0  0  0  0  0  0  0
 4442.601 -604.746
  0  0  1  1  1  1  0  0 -1 -1 -1  0  0 *  0  0  0  0  0  0  0  0  0  0  0  0  0
  0  0  0  0  0  0  0  0  0  0  0  0  0 *  0  0  0  0  0  0  0  0  0  0  0  0  0
 4442.601 -548.746
  0  0  1  1  1  0  0  0 -1 -1 -1  0  0 *  0  0  0  0  0  0  0  0  0  0  0  0  0
  0  0  0  0  0  0  0  0  0  0  0  0  0 *  0  0  0  0  0  0  0  0  0  0  0  0  0
 4442.601 -532.746
  0  1  1  1  1  0  0  0 -1 -1 -1  0  0 *  0  0  0  0  0  0  0  0  0  0  0  0  0
  0  0  0  0  0  0  0  0  0  0  0  0  0 *  0  0  0  0  0  0  0  0  0  0  0  0  0
 4442.601 -516.745
  0  0  1  1  1  0  0  0 -1 -1 -1  0  0 *  0  0  0  0  0  0  0  0  0  0  0  0  0
  0  0  0  0  0  0  0  0  0  0  0  0  0 *  0  0  0  0  0  0  0  0  0  0  0  0  0
 4442.601 -500.745
  0  0  1  1  1  0  0  0 -1 -1 -1  0  0 *  0  0  0  0  0  0  0  0  0  0  0  0  0
  0  0  0  0  0  0  0  0  0  0  0  0  0 *  0  0  0  0  0  0  0  0  0  0  0  0  0
 4442.602 -444.745
  0  0  1  1  1  0  0  0 -1 -1 -1  0  0 *  0  0  0  0  0  0  0  0  0  0  0  0  0
  0  0  0  0  0  0  0  0  0  0  0  0  0 *  0  0  0  0  0  0  0  0  0  0  0  0  0
 4442.602 -428.745
  0  1  1  1  1  0  0  0 -1 -1  0  0  0 *  0  0  0  0  0  0  0  0  0  0  0  0  0
  0  0  0  0  0  0  0  0  0  0  0  0  0 *  0  0  0  0  0  0  0  0  0  0  0  0  0
 4442.602 -412.744
  0  1  1  1  1  0  0  0 -1 -1  0  0  0 *  0  0  0  0  0  0  0  0  0  0  0  0  0
  0  0  0  0  0  0  0  0  0  0  0  0  0 *  0  0  0  0  0  0  0  0  0  0  0  0  0
 4442.602 -356.744
  0  0  1  1  0  0  0  0 -1 -1  0  0  0 *  0  0  0  0  0  0  0  0  0  0  0  0  0
  0  0  0  0  0  0  0  0  0  0  0  0  0 *  0  0  0  0  0  0  0  0  0  0  0  0  0
 4442.602 -340.744
  0  0  1  1  0  0  0  0 -1 -1  0  0  0 *  0  0  0  0  0  0  0  0  0  0  0  0  0
  0  0  0  0  0  0  0  0  0  0  0  0  0 *  0  0  0  0  0  0  0  0  0  0  0  0  0
 4442.602 -324.743
  0  0  1  1  0  0  0  0 -1 -1  0  0  0 *  0  0  0  0  0  0  0  0  0  0  0  0  0
  0  0  0  0  0  0  0  0  0  0  0  0  0 *  0  0  0  0  0  0  0  0  0  0  0  0  0
 4442.603 -308.743
  0  1  1  1  1  0  0  0 -1 -1  0  0  0 *  0  0  0  0  0  0  0  0  0  0  0  0  0
  0  0  0  0  0  0  0  0  0  0  0  0  0 *  0  0  0  0  0  0  0  0  0  0  0  0  0
 4442.603 -252.743
  0  1  1  1  1  0  0  0 -1 -1  0  0  0 *  0  0  0  0  0  0  0  0  0  0  0  0  0
  0  0  0  1  0  0  0  0  0  0  0  0  0 *  0  0  0  0  0  0  0  0  0  0  0  0  0
 4442.603 -236.743
  0  1  1  1  1  0  0  0 -1 -1  0  0  0 *  0  0  0  0  0  0  0  0  0  0  0  0  0
  0  0  0  0  0  0  0  0  0  0  0  0  0 *  0  0  0  0  0  0  0  0  0  0  0  0  0
 4442.603 -220.742
  1  1  1  1  1  0  0  0 -1  0  0  0  1 *  0  0  0  0  0  0  0  0  0  0  0  0  0
  0  0  1  0  0  0  0  0  0  0  0  0  0 *  0  0  0  0  0  0  0  0  0  0  0  0  0
 4442.603 -204.742
  0  0  0  0  0  0 -1 -2 -2 -2 -2 -1 -1 *  1  1  1  1  1  0  0  0  1  1  1  1  1
  0  0  0  0  0  0 -1 -1 -1 -1 -1 -1  0 *  1  1  1  1  0  0  0  0  0  0  1  1  1
 4442.604 -148.742
  1  3  4  4  3  1 -1 -3 -4 -4 -3 -1  1 *  3  2  1  0 -2 -3 -4 -4 -3 -1  1  2  3
  0  1  2  2  2  1  0 -1 -2 -2 -2 -1  0 *  1  1  1  0 -1 -2 -2 -2 -1 -1  0  1  1
 4442.604 -132.741
  0  2  3  2  2  1 -1 -2 -3 -3 -3 -1  0 *  3  3  2  1 -1 -2 -3 -3 -2 -1  1  3  3
  0  1  1  1  1  0  0 -1 -1 -1 -1 -1  0 *  2  2  1  1  0 -1 -1 -1 -1  0  1  1  2
 4442.604 -116.741
  0  1  1  1  0  0  0 -1 -1 -1 -1  0  0 *  1  1  0 -1 -3 -3 -4 -3 -2 -1  0  1  1
  0  0  0  0  0  0  0  0  0  0  0  0  0 *  1  0  0  0 -1 -2 -2 -2 -1  0  0  0  1
 4453.600 -716.748
  0  0  1  1  1  1  0  0 -1 -1 -1 -1  0 *  0  0  0  0  0  0  0  0  0  0  0  0  0
  0  0  0  0  0  0  0  0  0  0  0  0  0 *  0  0  0  0  0  0  0  0  0  0  0  0  0
 4453.600 -700.747
  0  0  1  1  1  1  0  0 -1 -1 -1 -1  0 *  0  0  0  0  0  0  0  0  0  0  0  0  0
  0  0  0  0  0  0  0  0  0  0  0  0  0 *  0  0  0  0  0  0  0  0  0  0  0  0  0
 4453.600 -644.747
  0  0  1  1  1  1  0  0 -1 -1 -1 -1  0 *  0  0  0  0  0  0  0  0  0  0  0  0  0
  0  0  0  0  0  0  0  0  0  0  0  0  0 *  0  0  0  0  0  0  0  0  0  0  0  0  0
 4453.601 -628.747
  0  0  1  1  1  1  0  0 -1 -1 -1 -1  0 *  0  0  0  0  0  0  0  0  0  0  0  0  0
  0  0  0  0  0  0  0  0  0  0  0  0  0 *  0  0  0  0  0  0  0  0  0  0  0  0  0
 4453.601 -612.747
  0  0  1  1  1  0  0  0 -1 -1 -1  0  0 *  0  0  0  0  0  0  0  0  0  0  0  0  0
  0  0  0  0  0  0  0  0  0  0  0  0  0 *  0  0  0  0  0  0  0  0  0  0  0  0  0
 4453.601 -556.746
  0  1  1  1  1  0  0  0 -1 -1 -1  0  0 *  0  0  0  0  0  0  0  0  0  0  0  0  0
  0  0  0  0  0  0  0  0  0  0  0  0  0 *  0  0  0  0  0  0  0  0  0  0  0  0  0
 4453.601 -540.746
  0  0  1  1  1  0  0  0 -1 -1 -1  0  0 *  0  0  0  0  0  0  0  0  0  0  0  0  0
  0  0  0  0  0  0  0  0  0  0  0  0  0 *  0  0  0  0  0  0  0  0  0  0  0  0  0
 4453.601 -524.746
  0  1  1  1  1  0  0  0 -1 -1 -1  0  0 *  0  0  0  0  0  0  0  0  0  0  0  0  0
  0  0  0  0  0  0  0  0  0  0  0  0  0 *  0  0  0  0  0  0  0  0  0  0  0  0  0
 4453.602 -508.746
  0  0  1  1  1  0  0  0 -1 -1 -1  0  0 *  0  0  0  0  0  0  0  0  0  0  0  0  0
  0  0  0  0  0  0  0  0  0  0  0  0  0 *  0  0  0  0  0  0  0  0  0  0  0  0  0
 4453.602 -452.745
  0  0  1  1  1  0  0  0 -1 -1 -1  0  0 *  0  0  0  0  0  0  0  0  0  0  0  0  0
  0  0  0  0  0  0  0  0  0  0  0  0  0 *  0  0  0  0  0  0  0  0  0  0  0  0  0
 4453.602 -436.745
  0  1  1  1  1  0  0  0 -1 -1 -1  0  0 *  0  0  0  0  0  0  0  0  0  0  0  0  0
  0  0  0  0  0  0  0  0  0  0  0  0  0 *  0  0  0  0  0  0  0  0  0  0  0  0  0
 4453.602 -420.745
  0  1  1  1  1  0  0  0 -1 -1  0  0  0 *  0  0  0  0  0  0  0  0  0  0  0  0  0
  0  0  0  0  0  0  0  0  0  0  0  0  0 *  0  0  0  0  0  0  0  0  0  0  0  0  0
 4453.602 -404.744
  0  0  1  1  0  0  0  0 -1 -1  0  0  0 *  0  0  0  0  0  0  0  0  0  0  0  0  0
  0  0  0  0  0  0  0  0  0  0  0  0  0 *  0  0  0  0  0  0  0  0  0  0  0  0  0
 4453.602 -348.744
  0  0  1  1  0  0  0  0 -1 -1  0  0  0 *  0  0  0  0  0  0  0  0  0  0  0  0  0
  0  0  0  0  0  0  0  0  0  0  0  0  0 *  0  0  0  0  0  0  0  0  0  0  0  0  0
 4453.603 -332.744
  0  1  1  1  0  0  0 -1 -1 -1  0  0  0 *  0  0  0  0  0  0  0  0  0  0  0  0  0
  0  0  0  0  0  0  0  0  0  0  0  0  0 *  0  0  0  0  0  0  0  0  0  0  0  0  0
 4453.603 -316.744
  0  1  1  1  1  0  0  0 -1 -1  0  0  0 *  0  0  0  0  0  0  0  0  0  0  0  0  0
  0  0  0  0  0  0  0  0  0  0  0  0  0 *  0  0  0  0  0  0  0  0  0  0  0  0  0
 4453.603 -300.743
  0  0  1  1  0  0  0 -1 -1 -1 -1  0  0 *  0  0  0  0  0  0  0  0  0  0  0  0  0
  0  0  0  0  0  0  0  0  0  0  0  0  0 *  0  0  0  0  0  0  0  0  0  0  0  0  0
 4453.603 -244.743
  0  1  1  1  1  0  0  0 -1 -1  0  0  0 *  0  0  0  0  0  0  0  0  0  0  0  0  0
  0  0  1  1  0  0  0  0  0  0  0  0  0 *  0  0  0  0  0  0  0  0  0  0  0  0  0
 4453.603 -228.743
  0  1  1  1  1  0  0  0 -1 -1  0  0  0 *  0  0  0  0  0  0  0  0  0  0  0  0  0
  0  0  0  0  0  0  0  0  0  0  0  0  0 *  0  0  0  0  0  0  0  0  0  0  0  0  0
 4453.603 -212.742
 -2  0  1  1  1  0 -2 -4 -6 -6 -5 -4 -2 *  5  5  4  3  1  0 -1 -2 -2  0  2  4  5
 -1  0  0  1  0  0 -1 -2 -3 -3 -3 -3 -2 *  3  3  2  2  1  0  0 -1  0  0  1  2  2
 4453.604 -156.742
  0  3  5  5  4  3  0 -2 -4 -5 -4 -2  0 *  4  4  4  2 -1 -3 -5 -5 -4 -3  0  2  4
  0  1  2  3  2  1  0 -1 -2 -2 -2 -1  0 *  2  2  2  1  0 -2 -3 -3 -2 -1  0  0  1
 4453.604 -140.742
  0  2  4  4  3  2  0 -2 -4 -4 -3 -2  0 *  3  4  3  2 -1 -2 -4 -4 -4 -2  0  2  3
  0  1  2  2  2  1  0 -1 -2 -2 -2 -1  0 *  2  2  2  1  0 -1 -2 -2 -2 -1  0  1  1
 4453.604 -124.742
  0  2  3  3  2  1  0 -2 -3 -4 -3 -1  0 *  4  4  4  2  0 -2 -4 -4 -4 -2  0  2  4
  0  1  1  2  1  1  0 -1 -1 -2 -2 -1  0 *  2  2  2  1  0 -1 -2 -2 -2 -1  0  1  2
 4504.600 -724.748
  0  0  1  1  1  1  0 -1 -1 -1 -1 -1  0 * -1 -1  0  0  0  0  0  0  0  0  0  0  0
  0  0  0  0  0  0  0  0  0  0  0  0  0 *  0  0  0  0  0  0  0  0  0  0  0  0  0
 4504.600 -708.748
  0  1  1  1  1  1  0  0 -1 -1 -1 -1  0 *  0  0  0  0  0  0  0  0  0  0  0  0  0
  0  0  0  0  0  0  0  0  0  0  0  0  0 *  0  0  0  0  0  0  0  0  0  0  0  0  0
 4504.601 -652.748
  0  1  1  1  1  1  0  0 -1 -1 -1 -1  0 *  0  0  0  0  0  0  0  0  0  0  0  0  0
  0  0  0  1  0  0  0  0  0  0  0  0  0 *  0  0  0  0  0  0  0  0  0  0  0  0  0
 4504.601 -636.747
  0  1  1  1  1  1  0  0 -1 -1 -1 -1  0 *  0  0  0  0  0  0  0  0  0  0  0  0  0
  0  0  0  0  0  0  0  0  0  0  0  0  0 *  0  0  0  0  0  0  0  0  0  0  0  0  0
 4504.601 -620.747
  0  1  1  1  1  0  0  0 -1 -1 -1  0  0 *  0  0  0  0  0  0  0  0  0  0  0  0  0
  0  0  0  0  0  0  0  0  0  0  0  0  0 *  0  0  0  0  0  0  0  0  0  0  0  0  0
 4504.601 -604.747
  0  1  1  1  1  0  0  0 -1 -1 -1  0  0 *  0  0  0  0  0  0  0  0  0  0  0  0  0
  0  0  0  0  0  0  0  0  0  0  0  0  0 *  0  0  0  0  0  0  0  0  0  0  0  0  0
 4504.601 -548.747
  0  1  1  1  1  0  0  0 -1 -1 -1  0  0 *  0  0  0  0  0  0  0  0  0  0  0  0  0
  0  0  0  0  0  0  0  0  0  0  0  0  0 *  0  0  0  0  0  0  0  0  0  0  0  0  0
 4504.601 -532.746
  0  1  1  1  1  0  0  0 -1 -1 -1  0  0 *  0  0  0  0  0  0  0  0  0  0  0  0  0
  0  0  0  0  0  0  0  0  0  0  0  0  0 *  0  0  0  0  0  0  0  0  0  0  0  0  0
 4504.602 -516.746
  0  1  1  1  1  0  0  0 -1 -1 -1  0  0 *  0  0  0  0  0  0  0  0  0  0  0  0  0
  0  0  0  0  0  0  0  0  0  0  0  0  0 *  0  0  0  0  0  0  0  0  0  0  0  0  0
 4504.602 -500.746
  0  1  1  1  1  0  0  0 -1 -1 -1  0  0 *  0  0  0  0  0  0  0  0  0  0  0  0  0
  0  0  0  0  0  0  0  0  0  0  0  0  0 *  0  0  0  0  0  0  0  0  0  0  0  0  0
 4504.602 -444.745
  0  1  1  1  1  0  0  0 -1 -1 -1  0  0 *  0  0  0  0  0  0  0  0  0  0  0  0  0
  0  0  0  0  0  0  0  0  0  0  0  0  0 *  0  0  0  0  0  0  0  0  0  0  0  0  0
 4504.602 -428.745
  0  1  1  1  1  0  0  0 -1 -1 -1  0  0 *  0  0  0  0  0  0  0  0  0  0  0  0  0
  0  0  0  0  0  0  0  0  0  0  0  0  0 *  0  0  0  0  0  0  0  0  0  0  0  0  0
 4504.602 -412.745
  0  1  1  1  1  0  0  0 -1 -1  0  0  0 *  0  0  0  0  0  0  0  0  0  0  0  0  0
  0  0  0  0  0  0  0  0  0  0  0  0  0 *  0  0  0  0  0  0  0  0  0  0  0  0  0
 4504.603 -356.745
  0  1  1  1  0  0  0  0 -1 -1  0  0  0 *  0  0  0  0  0  0  0  0  0  0  0  0  0
  0  0  0  0  0  0  0  0  0  0  0  0  0 *  0  0  0  0  0  0  0  0  0  0  0  0  0
 4504.603 -340.744
  0  1  1  1  0  0  0  0 -1 -1  0  0  0 *  0  0  0  0  0  0  0  0  0  0  0  0  0
  0  0  0  0  0  0  0  0  0  0  0  0  0 *  0  0  0  0  0  0  0  0  0  0  0  0  0
 4504.603 -324.744
  0  0  1  1  0  0  0 -1 -1 -1 -1  0  0 *  0  0  0  0  0  0  0  0  0  0  0  0  0
  0  0  0  0  0  0  0  0  0  0  0  0  0 *  0  0  0  0  0  0  0  0  0  0  0  0  0
 4504.603 -308.744
  0  0  1  1  1  0 -1 -1 -1 -2 -1 -1  0 *  0  0  0  0  0  0  0  0  0  0  0  0  0
  0  0  0  0  0  0  0 -1 -1 -1 -1 -1  0 *  0  0  0  0  0  0  0  0  0  0  0  0  0
 4504.603 -252.743
 -2 -1 -1 -1 -1 -1 -2 -3 -4 -4 -4 -3 -3 *  2  2  2  1  1  1  0  0  0  0  1  1  2
 -1 -1 -1 -1 -1 -1 -1 -2 -2 -2 -2 -2 -2 *  1  1  1  1  1  1  0  0  0  0  1  1  1
 4504.603 -236.743
 -4 -3 -2 -1 -1 -1 -2 -3 -4 -5 -5 -5 -4 *  1  2  2  2  1  0 -1 -3 -3 -3 -1  0  1
 -2 -2 -1 -1 -1 -1 -1 -2 -2 -3 -3 -3 -2 *  1  1  1  1  1  0 -1 -1 -1 -1 -1  0  0
 4504.604 -220.743
 -2  1  4  5  5  4  1 -2 -4 -6 -6 -5 -3 *  6  7  7  5  2 -2 -5 -7 -7 -5 -2  2  5
 -1  0  2  3  3  2  1 -1 -2 -3 -3 -3 -2 *  2  3  3  3  1 -1 -3 -4 -3 -3 -1  0  2
 4504.604 -204.742
 -1  2  5  6  5  4  1 -1 -4 -5 -5 -4 -1 *  4  5  5  3  0 -3 -5 -6 -6 -4 -1  2  4
  0  1  2  3  3  2  1 -1 -2 -2 -2 -2 -1 *  2  3  3  2  0 -1 -3 -3 -3 -2 -1  0  1
 4504.604 -148.742
  0  2  4  5  4  3  1 -2 -4 -5 -5 -3 -1 *  4  5  5  3  0 -2 -4 -6 -5 -4 -1  2  4
  0  1  2  2  2  1  0 -1 -2 -2 -2 -2 -1 *  2  2  2  2  0 -1 -2 -3 -3 -2 -1  0  1
 4504.604 -132.742
  0  2  3  4  3  2  0 -2 -4 -4 -4 -2  0 *  4  5  5  3  1 -2 -4 -5 -5 -4 -1  2  4
  0  1  2  2  2  1  0 -1 -2 -2 -2 -1 -1 *  2  2  2  2  1 -1 -2 -2 -2 -2 -1  0  1
 4504.604 -116.742
  0  1  2  2  2  1  0 -1 -2 -2 -2 -1  0 *  3  4  4  3  1 -1 -3 -5 -5 -4 -2  1  3
  0  1  1  1  1  0  0 -1 -1 -1 -1 -1  0 *  1  2  2  2  1 -1 -2 -2 -2 -2 -1  0  1
 4515.601 -716.748
  0  1  1  1  1  1  0 -1 -1 -1 -1 -1  0 * -1  0  0  0  0  0  0  0  0  0  0  0  0
  0  0  0  1  0  0  0  0  0  0  0  0  0 *  0  0  0  0  0  0  0  0  0  0  0  0  0
 4515.601 -700.748
  0  1  1  1  1  1  0  0 -1 -1 -1 -1  0 *  0  0  0  0  0  0  0  0  0  0  0  0  0
  0  0  0  1  0  0  0  0  0  0  0  0  0 *  0  0  0  0  0  0  0  0  0  0  0  0  0
 4515.601 -644.748
  0  1  1  1  1  0  0 -1 -1 -1 -1 -1  0 *  0  0  0  0  0  0  0  0  0  0  0  0  0
  0  0  0  0  0  0  0  0  0  0  0  0  0 *  0  0  0  0  0  0  0  0  0  0  0  0  0
 4515.601 -628.747
  0  1  1  1  1  0  0 -1 -1 -1 -1 -1  0 *  0  0  0  0  0  0  0  0  0  0  0  0  0
  0  0  0  0  0  0  0  0  0  0  0  0  0 *  0  0  0  0  0  0  0  0  0  0  0  0  0
 4515.601 -612.747
  0  1  1  1  1  0  0  0 -1 -1 -1  0  0 *  0  0  0  0  0  0  0  0  0  0  0  0  0
  0  0  0  0  0  0  0  0  0  0  0  0  0 *  0  0  0  0  0  0  0  0  0  0  0  0  0
 4515.601 -556.747
  0  1  1  1  1  0  0  0 -1 -1 -1  0  0 *  0  0  0  0  0  0  0  0  0  0  0  0  0
  0  0  0  0  0  0  0  0  0  0  0  0  0 *  0  0  0  0  0  0  0  0  0  0  0  0  0
 4515.602 -540.747
  0  1  1  1  1  0  0  0 -1 -1 -1  0  0 *  0  0  0  0  0  0  0  0  0  0  0  0  0
  0  0  0  0  0  0  0  0  0  0  0  0  0 *  0  0  0  0  0  0  0  0  0  0  0  0  0
 4515.602 -524.746
  0  1  1  1  1  0  0 -1 -1 -1 -1  0  0 *  0  0  0  0  0  0  0  0  0  0  0  0  0
  0  0  0  0  0  0  0  0  0  0  0  0  0 *  0  0  0  0  0  0  0  0  0  0  0  0  0
 4515.602 -508.746
  0  0  1  1  1  0  0  0 -1 -1 -1  0  0 *  0  0  0  0  0  0  0  0  0  0  0  0  0
  0  0  0  0  0  0  0  0  0  0  0  0  0 *  0  0  0  0  0  0  0  0  0  0  0  0  0
 4515.602 -452.746
  0  1  1  1  1  0  0  0 -1 -1 -1  0  0 *  0  0  0  0  0  0  0  0  0  0  0  0  0
  0  0  0  0  0  0  0  0  0  0  0  0  0 *  0  0  0  0  0  0  0  0  0  0  0  0  0
 4515.602 -436.746
  0  1  1  1  1  0  0  0 -1 -1  0  0  0 *  0  0  0  0  0  0  0  0  0  0  0  0  0
  0  0  0  0  0  0  0  0  0  0  0  0  0 *  0  0  0  0  0  0  0  0  0  0  0  0  0
 4515.603 -420.745
  0  1  1  1  1  0  0  0 -1 -1  0  0  0 *  0  0  0  0  0  0  0  0  0  0  0  0  0
  0  0  0  0  0  0  0  0  0  0  0  0  0 *  0  0  0  0  0  0  0  0  0  0  0  0  0
 4515.603 -404.745
  0  1  1  1  0  0  0  0 -1 -1  0  0  0 *  0  0  0  0  0  0  0  0  0  0  0  0  0
  0  0  0  0  0  0  0  0  0  0  0  0  0 *  0  0  0  0  0  0  0  0  0  0  0  0  0
 4515.603 -348.745
  0  1  1  1  0  0  0  0 -1 -1  0  0  0 *  0  0  0  0  0  0  0  0  0  0  0  0  0
  0  0  0  0  0  0  0  0  0  0  0  0  0 *  0  0  0  0  0  0  0  0  0  0  0  0  0
 4515.603 -332.744
  0  0  1  1  1  0  0  0 -1 -1  0  0  0 *  0  0  0  0  0  0  0  0  0  0  0  0  0
  0  0  0  0  0  0  0  0  0  0  0  0  0 *  0  0  0  0  0  0  0  0  0  0  0  0  0
 4515.603 -316.744
  0  0  1  1  1  0 -1 -2 -2 -3 -2 -2 -1 *  2  2  1  1  0  0  0  0  0  1  1  2  2
  0  0  0  1  0  0  0 -1 -1 -1 -1 -1 -1 *  1  1  1  0  0  0  0  0  0  0  1  1  1
 4515.603 -300.744
 -1  1  3  4  4  2  0 -2 -5 -6 -6 -4 -2 *  4  5  4  3  1 -1 -2 -3 -3 -2  0  2  4
 -1  0  1  2  2  1  0 -1 -2 -3 -3 -2 -2 *  2  2  2  2  1  0 -1 -2 -2 -1  0  1  2
 4515.604 -244.743
 -2  1  3  5  5  4  2 -1 -3 -5 -5 -4 -2 *  4  5  5  4  2 -1 -3 -5 -5 -4 -2  1  3
 -1  0  2  2  3  2  1  0 -1 -2 -2 -2 -2 *  2  2  2  2  1 -1 -2 -2 -2 -2 -1  0  1
 4515.604 -228.743
 -2  1  3  5  5  5  3  0 -3 -5 -5 -4 -2 *  4  5  6  4  2 -1 -4 -6 -6 -5 -2  1  3
 -1  0  2  3  3  2  1  0 -1 -2 -2 -2 -1 *  2  2  3  2  1 -1 -2 -3 -3 -2 -1  0  1
 4515.604 -212.743
 -1  1  4  5  5  4  2 -1 -3 -5 -5 -4 -2 *  4  5  5  4  1 -2 -4 -6 -6 -5 -2  1  3
 -1  1  2  3  3  2  1  0 -1 -2 -2 -2 -1 *  2  2  3  2  1 -1 -2 -3 -3 -2 -1  0  1
 4515.604 -156.743
 -1  2  4  5  5  4  1 -1 -4 -5 -5 -4 -1 *  4  5  5  4  1 -2 -4 -6 -6 -4 -2  1  4
 -1  1  2  3  3  2  1 -1 -2 -2 -2 -2 -1 *  2  2  3  2  1 -1 -2 -3 -3 -2 -1  0  1
 4515.604 -140.742
 -1  2  4  5  4  3  1 -2 -4 -5 -4 -3 -1 *  4  5  5  4  1 -2 -4 -6 -6 -4 -2  1  3
  0  1  2  2  2  1  0 -1 -2 -2 -2 -2 -1 *  2  2  3  2  1 -1 -2 -3 -3 -2 -1  0  1
 4515.605 -124.742
  0  2  3  4  3  2  0 -2 -3 -4 -3 -2 -1 *  3  5  5  4  2 -1 -3 -5 -6 -5 -2  1  3
  0  1  2  2  2  1  0 -1 -2 -2 -2 -1 -1 *  2  2  3  2  1  0 -2 -3 -3 -2 -1  0  1
 4526.601 -724.749
  0  1  1  1  1  0  0 -1 -1 -1 -1 -1  0 * -1 -1  0  0  0  0  0  0  0  0  0  0  0
  0  0  1  1  0  0  0  0  0 -1  0  0  0 *  0  0  0  0  0  0  0  0  0  0  0  0  0
 4526.601 -708.748
  0  1  1  1  1  0  0 -1 -1 -1 -1 -1  0 *  0  0  0  0  0  0  0  0  0  0  0  0  0
  0  0  1  1  0  0  0  0  0  0  0  0  0 *  0  0  0  0  0  0  0  0  0  0  0  0  0
 4526.601 -652.748
  0  1  1  1  1  0  0 -1 -1 -1 -1  0  0 *  0  0  0  0  0  0  0  0  0  0  0  0  0
  0  0  0  1  0  0  0  0  0  0  0  0  0 *  0  0  0  0  0  0  0  0  0  0  0  0  0
 4526.601 -636.748
  0  1  1  1  1  0  0 -1 -1 -1 -1  0  0 *  0  0  0  0  0  0  0  0  0  0  0  0  0
  0  0  0  1  0  0  0  0  0  0  0  0  0 *  0  0  0  0  0  0  0  0  0  0  0  0  0
 4526.601 -620.748
  0  1  1  1  1  0  0 -1 -1 -1 -1  0  0 *  0  0  0  0  0  0  0  0  0  0  0  0  0
  0  0  0  0  0  0  0  0  0  0  0  0  0 *  0  0  0  0  0  0  0  0  0  0  0  0  0
 4526.602 -604.747
  0  1  1  1  1  0  0  0 -1 -1 -1  0  0 *  0  0  0  0  0  0  0  0  0  0  0  0  0
  0  0  0  0  0  0  0  0  0  0  0  0  0 *  0  0  0  0  0  0  0  0  0  0  0  0  0
 4526.602 -548.747
  0  1  1  1  1  0  0  0 -1 -1 -1  0  0 *  0  0  0  0  0  0  0  0  0  0  0  0  0
  0  0  0  0  0  0  0  0  0  0  0  0  0 *  0  0  0  0  0  0  0  0  0  0  0  0  0
 4526.602 -532.747
  0  1  1  1  1  0  0  0 -1 -1 -1  0  0 *  0  0  0  0  0  0  0  0  0  0  0  0  0
  0  0  0  0  0  0  0  0  0  0  0  0  0 *  0  0  0  0  0  0  0  0  0  0  0  0  0
 4526.602 -516.746
  0  1  1  1  1  0  0  0 -1 -1 -1  0  0 *  0  0  0  0  0  0  0  0  0  0  0  0  0
  0  0  0  0  0  0  0  0  0  0  0  0  0 *  0  0  0  0  0  0  0  0  0  0  0  0  0
 4526.602 -500.746
  0  1  1  1  1  0  0  0 -1 -1 -1  0  0 *  0  0  0  0  0  0  0  0  0  0  0  0  0
  0  0  0  0  0  0  0  0  0  0  0  0  0 *  0  0  0  0  0  0  0  0  0  0  0  0  0
 4526.603 -444.746
  0  1  1  1  1  0  0  0 -1 -1  0  0  0 *  0  0  0  0  0  0  0  0  0  0  0  0  0
  0  0  0  0  0  0  0  0  0  0  0  0  0 *  0  0  0  0  0  0  0  0  0  0  0  0  0
 4526.603 -428.746
  0  1  1  1  0  0  0  0 -1 -1  0  0  0 *  0  0  0  0  0  0  0  0  0  0  0  0  0
  0  0  0  0  0  0  0  0  0  0  0  0  0 *  0  0  0  0  0  0  0  0  0  0  0  0  0
 4526.603 -412.745
  0  1  1  1  0  0  0  0 -1 -1  0  0  0 *  0  0  0  0  0  0  0  0  0  0  0  0  0
  0  0  0  0  0  0  0  0  0  0  0  0  0 *  0  0  0  0  0  0  0  0  0  0  0  0  0
 4526.603 -356.745
  0  1  1  1  1  0  0  0 -1 -1  0  0  0 *  0  0  0  0  0  0  0  0  0  0  0  0  0
  0  0  0  0  0  0  0  0  0  0  0  0  0 *  0  0  0  0  0  0  0  0  0  0  0  0  0
 4526.603 -340.745
  0  0  0  0  0  0  0 -1 -1 -1 -1  0  0 *  0  0  0  0  0  0  0  0  0  0  0  0  0
  0  0  0  0  0  0  0  0  0  0  0  0  0 *  0  0  0  0  0  0  0  0  0  0  0  0  0
 4526.603 -324.744
 -1  0  0  0  0  0 -1 -2 -3 -3 -3 -2 -2 *  2  2  2  2  1  1  1  0  0  0  1  1  2
 -1  0  0  0  0  0  0 -1 -1 -1 -1 -1 -1 *  1  1  1  1  1  0  0  0  0  0  1  1  1
 4526.604 -308.744
 -2  1  4  6  5  4  1 -2 -5 -7 -7 -5 -3 *  5  6  5  4  1 -1 -3 -5 -4 -3  0  2  5
 -1  1  2  3  3  2  0 -1 -2 -3 -3 -3 -2 *  2  3  3  2  1 -1 -2 -2 -2 -1  0  1  2
 4537.601 -716.749
  0  1  1  1  1  0  0 -1 -1 -1 -1 -1  0 * -1  0  0  0  0  0  0  0  0  0  0  0  0
  0  0  1  1  0  0  0  0  0 -1  0  0  0 *  0  0  0  0  0  0  0  0  0  0  0  0  0
 4537.601 -700.749
  0  1  1  1  1  0  0 -1 -1 -1 -1  0  0 *  0  0  0  0  0  0  0  0  0  0  0  0  0
  0  0  1  1  0  0  0  0  0  0  0  0  0 *  0  0  0  0  0  0  0  0  0  0  0  0  0
 4537.601 -644.748
  0  1  1  1  1  0  0 -1 -1 -1 -1  0  0 *  0  0  0  0  0  0  0  0  0  0  0  0  0
  0  0  1  1  0  0  0  0  0  0  0  0  0 *  0  0  0  0  0  0  0  0  0  0  0  0  0
 4537.602 -628.748
  0  1  1  1  1  0  0 -1 -1 -1 -1  0  0 *  0  0  0  0  0  0  0  0  0  0  0  0  0
  0  0  0  1  0  0  0  0  0  0  0  0  0 *  0  0  0  0  0  0  0  0  0  0  0  0  0
 4537.602 -612.748
  0  1  1  1  1  0  0 -1 -1 -1 -1  0  0 *  0  0  0  0  0  0  0  0  0  0  0  0  0
  0  0  0  0  0  0  0  0  0  0  0  0  0 *  0  0  0  0  0  0  0  0  0  0  0  0  0
 4537.602 -556.747
  0  1  1  1  1  0  0  0 -1 -1 -1  0  0 *  0  0  0  0  0  0  0  0  0  0  0  0  0
  0  0  0  0  0  0  0  0  0  0  0  0  0 *  0  0  0  0  0  0  0  0  0  0  0  0  0
 4537.602 -540.747
  0  1  1  1  1  0  0  0 -1 -1 -1  0  0 *  0  0  0  0  0  0  0  0  0  0  0  0  0
  0  0  0  0  0  0  0  0  0  0  0  0  0 *  0  0  0  0  0  0  0  0  0  0  0  0  0
 4537.602 -524.747
  0  1  1  1  1  0  0  0 -1 -1 -1  0  0 *  0  0  0  0  0  0  0  0  0  0  0  0  0
  0  0  0  0  0  0  0  0  0  0  0  0  0 *  0  0  0  0  0  0  0  0  0  0  0  0  0
 4537.602 -508.747
  0  1  1  1  1  0  0  0 -1 -1  0  0  0 *  0  0  0  0  0  0  0  0  0  0  0  0  0
  0  0  0  0  0  0  0  0  0  0  0  0  0 *  0  0  0  0  0  0  0  0  0  0  0  0  0
 4537.603 -452.746
  0  1  1  1  1  0  0 -1 -1 -1  0  0  0 *  0  0  0  0  0  0  0  0  0  0  0  0  0
  0  0  0  0  0  0  0  0  0  0  0  0  0 *  0  0  0  0  0  0  0  0  0  0  0  0  0
 4537.603 -436.746
  0  1  1  1  1  0  0  0 -1 -1  0  0  0 *  0  0  0  0  0  0  0  0  0  0  0  0  0
  0  0  0  0  0  0  0  0  0  0  0  0  0 *  0  0  0  0  0  0  0  0  0  0  0  0  0
 4537.603 -420.746
  0  1  1  1  0  0  0  0 -1 -1  0  0  0 *  0  0  0  0  0  0  0  0  0  0  0  0  0
  0  0  0  0  0  0  0  0  0  0  0  0  0 *  0  0  0  0  0  0  0  0  0  0  0  0  0
 4537.603 -404.745
  0  0  1  1  0  0  0 -1 -1 -1 -1  0  0 *  0  0  0  0  0  0  0  0  0  0  0  0  0
  0  0  0  0  0  0  0  0  0  0  0  0  0 *  0  0  0  0  0  0  0  0  0  0  0  0  0
 4537.603 -348.745
 -1  0  0  0  0  0 -1 -1 -2 -2 -2 -1 -1 *  0  0  0  0  0  0  0  0  0  0  0  0  0
  0  0  0  0  0  0  0 -1 -1 -1 -1 -1 -1 *  0  0  0  0  0  0  0  0  0  0  0  0  0
 4537.604 -332.745
 -1  0  1  1  1  1  0 -2 -3 -3 -3 -2 -1 *  3  3  3  3  2  1  1  0  0  0  1  2  3
  0  0  0  1  1  0  0 -1 -1 -1 -1 -1 -1 *  1  2  2  1  1  1  0  0  0  0  1  1  1
 4537.604 -316.745
 -2  2  5  7  7  5  2 -2 -5 -7 -7 -6 -3 *  5  6  6  4  1 -2 -4 -6 -6 -4 -1  2  5
 -1  1  2  3  4  3  1 -1 -2 -3 -3 -3 -2 *  2  3  3  2  1 -1 -2 -3 -3 -2 -1  0  2
 4537.604 -300.744
 -1  2  5  6  6  5  2 -1 -4 -6 -6 -5 -2 *  4  5  5  3  1 -2 -4 -6 -6 -4 -2  1  4
 -1  1  2  3  3  2  1  0 -2 -2 -3 -3 -2 *  2  2  2  2  1 -1 -2 -3 -3 -2 -1  0  1
 4548.601 -724.749
  0  1  1  1  1  0  0 -1 -1 -1 -1 -1  0 * -1 -1  0  0  0  0  0  0  0  0  0  0  0
  0  1  1  1  0  0  0 -1 -1 -1 -1  0  0 *  0  0  0  0  0  0  0  0  0  0  0  0  0
 4548.601 -708.749
  0  1  1  1  1  0  0 -1 -1 -1 -1 -1  0 * -1  0  0  0  0  0  0  0  0  0  0 -1 -1
  0  0  1  1  0  0  0  0 -1 -1  0  0  0 *  0  0  0  0  0  0  0  0  0  0  0  0  0
 4548.602 -652.749
  0  1  1  1  1  0  0 -1 -1 -1 -1  0  0 *  0  0  0  0  0  0  0  0  0  0  0  0  0
  0  0  1  1  0  0  0  0  0  0  0  0  0 *  0  0  0  0  0  0  0  0  0  0  0  0  0
 4548.602 -636.748
  0  1  1  1  1  0  0 -1 -1 -1 -1  0  0 *  0  0  0  0  0  0  0  0  0  0  0  0  0
  0  0  1  1  0  0  0  0  0  0  0  0  0 *  0  0  0  0  0  0  0  0  0  0  0  0  0
 4548.602 -620.748
  0  1  1  1  1  0  0 -1 -1 -1 -1  0  0 *  0  0  0  0  0  0  0  0  0  0  0  0  0
  0  0  0  1  0  0  0  0  0  0  0  0  0 *  0  0  0  0  0  0  0  0  0  0  0  0  0
 4548.602 -604.748
  0  1  1  1  1  0  0 -1 -1 -1 -1  0  0 *  0  0  0  0  0  0  0  0  0  0  0  0  0
  0  0  0  0  0  0  0  0  0  0  0  0  0 *  0  0  0  0  0  0  0  0  0  0  0  0  0
 4548.602 -548.748
  0  1  1  1  1  0  0 -1 -1 -1 -1  0  0 *  0  0  0  0  0  0  0  0  0  0  0  0  0
  0  0  0  0  0  0  0  0  0  0  0  0  0 *  0  0  0  0  0  0  0  0  0  0  0  0  0
 4548.602 -532.747
  0  1  1  1  1  0  0  0 -1 -1 -1  0  0 *  0  0  0  0  0  0  0  0  0  0  0  0  0
  0  0  0  0  0  0  0  0  0  0  0  0  0 *  0  0  0  0  0  0  0  0  0  0  0  0  0
 4548.603 -516.747
  0  1  1  1  1  0  0  0 -1 -1  0  0  0 *  0  0  0  0  0  0  0  0  0  0  0  0  0
  0  0  0  0  0  0  0  0  0  0  0  0  0 *  0  0  0  0  0  0  0  0  0  0  0  0  0
 4548.603 -500.747
  0  1  1  1  0  0  0 -1 -1 -1  0  0  0 *  0  0  0  0  0  0  0  0  0  0  0  0  0
  0  0  0  0  0  0  0  0  0  0  0  0  0 *  0  0  0  0  0  0  0  0  0  0  0  0  0
 4548.603 -444.746
  0  1  1  1  0  0  0 -1 -1 -1 -1  0  0 *  0  0  0  0  0  0  0  0  0  0  0  0  0
  0  0  0  0  0  0  0  0  0  0  0  0  0 *  0  0  0  0  0  0  0  0  0  0  0  0  0
 4548.603 -428.746
  0  1  1  1  1  0  0  0 -1 -1  0  0  0 *  0  0  0  0  0  0  0  0  0  0  0  0  0
  0  0  0  0  0  0  0  0  0  0  0  0  0 *  0  0  0  0  0  0  0  0  0  0  0  0  0
 4548.603 -412.746
  0  0  1  1  0  0  0 -1 -1 -1 -1  0  0 *  0  0  0  0  0  0  0  0  0  0  0  0  0
  0  0  0  0  0  0  0  0  0  0  0  0  0 *  0  0  0  0  0  0  0  0  0  0  0  0  0
 4548.604 -356.746
 -1  0  0  0  0  0 -1 -1 -2 -2 -2 -2 -1 *  1  1  1  1  1  1  0  0  0  0  0  1  1
  0  0  0  0  0  0  0 -1 -1 -1 -1 -1 -1 *  1  1  1  0  0  0  0  0  0  0  0  0  0
 4548.604 -340.745
 -3 -1  2  3  3  2  0 -2 -5 -6 -6 -6 -4 *  6  6  6  5  3  1 -1 -2 -3 -1  1  3  5
 -2  0  1  2  2  1  0 -1 -2 -3 -3 -3 -2 *  3  3  3  3  2  1  0 -1 -1  0  0  1  2
 4548.604 -324.745
 -2  1  5  7  7  6  3 -1 -4 -6 -7 -6 -3 *  5  6  6  4  2 -1 -4 -6 -6 -5 -2  1  4
 -1  1  2  3  4  3  1  0 -2 -3 -3 -3 -2 *  2  3  3  2  1 -1 -2 -3 -3 -2 -1  0  1
 4548.604 -308.745
 -2  1  5  7  7  5  3 -1 -4 -6 -6 -5 -3 *  4  5  5  4  1 -2 -5 -6 -6 -5 -2  1  4
 -1  1  2  3  4  3  1  0 -2 -3 -3 -3 -2 *  2  2  2  2  1 -1 -3 -3 -3 -2 -1  0  1
 4559.601 -716.749
  1  1  1  1  1  0  0 -1 -1 -1 -1  0  0 * -1  0  0  0  0  0  0  0  0  0  0 -1 -1
  0  1  1  1  0  0  0  0 -1 -1  0  0  0 *  0  0  0  0  0  0  0  0  0  0  0  0  0
 4559.602 -700.749
  0  1  1  1  1  0  0 -1 -1 -1 -1  0  0 *  0  0  0  0  0  0  0  0  0  0  0 -1 -1
  0  1  1  1  0  0  0  0 -1 -1  0  0  0 *  0  0  0  0  0  0  0  0  0  0  0  0  0
 4559.602 -644.749
  0  1  1  1  1  0  0 -1 -1 -1 -1  0  0 *  0  0  0  0  0  0  0  0  0  0  0  0  0
  0  0  1  1  0  0  0  0  0  0  0  0  0 *  0  0  0  0  0  0  0  0  0  0  0  0  0
 4559.602 -628.748
  0  1  1  1  1  0  0 -1 -1 -1 -1  0  0 *  0  0  0  0  0  0  0  0  0  0  0  0  0
  0  0  1  1  0  0  0  0  0  0  0  0  0 *  0  0  0  0  0  0  0  0  0  0  0  0  0
 4559.602 -612.748
  0  1  1  1  1  0  0 -1 -1 -1 -1  0  0 *  0  0  0  0  0  0  0  0  0  0  0  0  0
  0  0  0  0  0  0  0  0  0  0  0  0  0 *  0  0  0  0  0  0  0  0  0  0  0  0  0
 4559.602 -556.748
  0  1  1  1  1  0  0 -1 -1 -1 -1  0  0 *  0  0  0  0  0  0  0  0  0  0  0  0  0
  0  0  0  0  0  0  0  0  0  0  0  0  0 *  0  0  0  0  0  0  0  0  0  0  0  0  0
 4559.603 -540.748
  0  1  1  1  1  0  0 -1 -1 -1  0  0  0 *  0  0  0  0  0  0  0  0  0  0  0  0  0
  0  0  0  0  0  0  0  0  0  0  0  0  0 *  0  0  0  0  0  0  0  0  0  0  0  0  0
 4559.603 -524.747
  0  1  1  1  1  0  0  0 -1 -1  0  0  0 *  0  0  0  0  0  0  0  0  0  0  0  0  0
  0  0  0  0  0  0  0  0  0  0  0  0  0 *  0  0  0  0  0  0  0  0  0  0  0  0  0
 4559.603 -508.747
  0  1  1  1  1  0  0  0 -1 -1  0  0  0 *  0  0  0  0  0  0  0  0  0  0  0  0  0
  0  0  0  0  0  0  0  0  0  0  0  0  0 *  0  0  0  0  0  0  0  0  0  0  0  0  0
 4559.603 -452.747
  0  1  1  1  0  0  0 -1 -1 -1 -1  0  0 *  0  0  0  0  0  0  0  0  0  0  0  0  0
  0  0  0  0  0  0  0  0  0  0  0  0  0 *  0  0  0  0  0  0  0  0  0  0  0  0  0
 4559.603 -436.747
  0  1  1  1  1  0  0 -1 -1 -1 -1  0  0 *  0  0  0  0  0  0  0  0  0  0  0  0  0
  0  0  0  0  0  0  0  0  0  0  0  0  0 *  0  0  0  0  0  0  0  0  0  0  0  0  0
 4559.604 -420.746
  0  0  0  0  0  0  0 -1 -1 -1 -1 -1  0 *  0  0  0  0  0  0  0  0  0  0  0  0  0
  0  0  0  0  0  0  0  0 -1 -1 -1  0  0 *  0  0  0  0  0  0  0  0  0  0  0  0  0
 4559.604 -404.746
 -2 -1  0  1  1  0 -1 -2 -3 -3 -3 -3 -2 *  2  2  2  1  1  0  0 -1 -1  0  0  1  1
 -1  0  0  0  0  0  0 -1 -1 -2 -2 -2 -1 *  1  1  1  1  0  0  0  0  0  0  0  0  1
 4559.604 -348.746
 -3  0  3  4  5  3  1 -2 -5 -7 -7 -6 -4 *  5  6  6  5  3  0 -3 -4 -5 -4 -1  1  4
 -2  0  1  2  2  2  0 -1 -2 -3 -4 -3 -3 *  2  3  3  2  1  0 -2 -2 -2 -2 -1  0  2
 4559.604 -332.745
 -3  1  4  7  7  6  3 -1 -4 -6 -7 -6 -3 *  4  6  6  4  2 -1 -4 -6 -6 -5 -2  1  4
 -1  0  2  3  4  3  2  0 -2 -3 -3 -3 -2 *  2  3  3  2  1 -1 -2 -3 -3 -2 -1  0  1
 4559.604 -316.745
 -2  1  4  6  7  5  3 -1 -4 -6 -6 -5 -3 *  4  5  5  4  1 -1 -4 -6 -6 -5 -2  1  3
 -1  0  2  3  4  3  1  0 -2 -2 -3 -3 -2 *  2  2  3  2  1 -1 -2 -3 -3 -2 -1  0  1
 4559.604 -300.745
 -2  1  4  6  6  5  3 -1 -3 -5 -6 -5 -2 *  4  5  5  4  1 -1 -4 -5 -6 -4 -2  1  3
 -1  0  2  3  3  3  1  0 -1 -2 -3 -2 -2 *  2  2  2  2  1 -1 -2 -3 -3 -2 -1  0  1
 4610.602 -724.750
  1  1  1  1  1  0  0 -1 -1 -1 -1  0  0 *  0  0  0  0  0  0  0  0  0  0 -1 -1 -1
  1  1  1  1  1  0  0  0 -1 -1 -1  0  0 *  0  0  0  0  0  0  0  0  0  0  0  0  0
 4610.602 -708.749
  1  1  1  1  1  0  0 -1 -1 -1 -1  0  0 *  0  0  0  0  0  0  0  0  0  0  0 -1 -1
  0  1  1  1  1  0  0  0 -1 -1  0  0  0 *  0  0  0  0  0  0  0  0  0  0  0  0  0
 4610.602 -652.749
  1  1  1  1  1  0  0 -1 -1 -1 -1  0  0 *  0  0  0  0  0  0  0  0  0  0  0 -1  0
  0  1  1  1  1  0  0  0  0 -1  0  0  0 *  0  0  0  0  0  0  0  0  0  0  0  0  0
 4610.602 -636.749
  0  1  1  1  1  0  0 -1 -1 -1 -1  0  0 *  0  0  0  0  0  0  0  0  0  0  0  0  0
  0  0  1  1  0  0  0  0  0  0  0  0  0 *  0  0  0  0  0  0  0  0  0  0  0  0  0
 4610.602 -620.749
  0  1  1  1  1  0  0 -1 -1 -1 -1  0  0 *  0  0  0  0  0  0  0  0  0  0  0  0  0
  0  0  1  1  0  0  0  0  0  0  0  0  0 *  0  0  0  0  0  0  0  0  0  0  0  0  0
 4610.603 -604.748
  0  1  1  1  1  0  0 -1 -1 -1 -1  0  0 *  0  0  0  0  0  0  0  0  0  0  0  0  0
  0  0  0  0  0  0  0  0  0  0  0  0  0 *  0  0  0  0  0  0  0  0  0  0  0  0  0
 4610.603 -548.748
  0  1  1  1  1  0  0 -1 -1 -1  0  0  0 *  0  0  0  0  0  0  0  0  0  0  0  0  0
  0  0  0  0  0  0  0  0  0  0  0  0  0 *  0  0  0  0  0  0  0  0  0  0  0  0  0
 4610.603 -532.748
  0  1  1  1  1  0  0 -1 -1 -1  0  0  0 *  0  0  0  0  0  0  0  0  0  0  0  0  0
  0  0  0  0  0  0  0  0  0  0  0  0  0 *  0  0  0  0  0  0  0  0  0  0  0  0  0
 4610.603 -516.747
  0  1  1  1  0  0  0 -1 -1 -1  0  0  0 *  0  0  0  0  0  0  0  0  0  0  0  0  0
  0  0  0  0  0  0  0  0  0  0  0  0  0 *  0  0  0  0  0  0  0  0  0  0  0  0  0
 4610.603 -500.747
  0  0  1  1  0  0  0 -1 -1 -1 -1  0  0 *  0  0  0  0  0  0  0  0  0  0  0  0  0
  0  0  0  0  0  0  0  0  0  0  0  0  0 *  0  0  0  0  0  0  0  0  0  0  0  0  0
 4610.604 -444.747
  0  0  1  1  1  0  0 -1 -1 -1 -1 -1  0 *  0  0  0  0  0  0  0  0  0  0  0  0  0
  0  0  0  0  0  0  0  0  0 -1  0  0  0 *  0  0  0  0  0  0  0  0  0  0  0  0  0
 4610.604 -428.747
 -1  0  0  0  0  0 -1 -1 -2 -2 -2 -2 -1 *  1  1  1  1  1  1  0  0  0  0  0  0  1
  0  0  0  0  0  0  0 -1 -1 -1 -1 -1 -1 *  0  0  0  0  0  0  0  0  0  0  0  0  0
 4610.604 -412.746
 -3 -2  0  0  1  0 -1 -3 -5 -6 -6 -5 -4 *  4  4  4  3  3  1  0 -1 -1 -1  1  2  4
 -2 -1  0  0  0  0 -1 -2 -2 -3 -3 -3 -2 *  2  2  2  2  1  1  0  0  0  0  1  1  2
 4610.604 -356.746
 -3  1  4  6  7  6  3 -1 -4 -7 -7 -6 -3 *  5  6  6  5  2 -1 -4 -6 -6 -5 -2  1  4
 -1  0  2  3  4  3  2  0 -2 -3 -3 -3 -2 *  3  3  3  3  1 -1 -2 -3 -3 -2 -1  0  2
 4610.604 -340.746
 -2  1  4  6  7  6  3  0 -4 -6 -7 -5 -3 *  5  6  6  5  2 -1 -4 -6 -6 -5 -2  1  4
 -1  0  2  3  4  3  2  0 -1 -2 -3 -3 -2 *  2  3  3  2  1 -1 -2 -3 -3 -2 -1  0  1
 4610.604 -324.746
 -2  1  4  6  7  5  3 -1 -4 -6 -6 -5 -3 *  4  5  5  4  2 -1 -4 -6 -6 -5 -2  0  3
 -1  0  2  3  4  3  1  0 -1 -2 -3 -3 -2 *  2  2  3  2  1 -1 -2 -3 -3 -2 -1  0  1
 4610.605 -308.745
 -2  1  4  6  6  5  3 -1 -4 -5 -6 -5 -2 *  3  5  5  4  2 -1 -4 -5 -6 -5 -3  0  3
 -1  0  2  3  3  3  1  0 -1 -2 -3 -3 -2 *  2  2  2  2  1 -1 -2 -3 -3 -2 -1  0  1
 4621.602 -716.750
  1  1  1  1  1  0  0 -1 -1 -1 -1  0  0 *  0  0  0  0  0  0  0  0  0  0 -1 -1 -1
  0  1  1  1  1  0  0  0 -1 -1 -1  0  0 *  0  0  0  0  0  0  0  0  0  0  0  0  0
 4621.602 -700.750
  1  1  1  1  1  0  0 -1 -1 -1 -1  0  0 *  0  0  0  0  0  0  0  0  0  0  0 -1 -1
  0  1  1  1  1  0  0  0  0 -1  0  0  0 *  0  0  0  0  0  0  0  0  0  0  0  0  0
 4621.602 -644.749
  0  1  1  1  1  0  0 -1 -1 -1 -1  0  0 *  0  0  0  0  0  0  0  0  0  0  0 -1  0
  0  0  1  1  0  0  0  0  0  0  0  0  0 *  0  0  0  0  0  0  0  0  0  0  0  0  0
 4621.603 -628.749
  0  1  1  1  1  0  0 -1 -1 -1 -1  0  0 *  0  0  0  0  0  0  0  0  0  0  0  0  0
  0  0  1  1  0  0  0  0  0  0  0  0  0 *  0  0  0  0  0  0  0  0  0  0  0  0  0
 4621.603 -612.749
  0  1  1  1  1  0  0 -1 -1 -1 -1  0  0 *  0  0  0  0  0  0  0  0  0  0  0  0  0
  0  0  0  0  0  0  0  0  0  0  0  0  0 *  0  0  0  0  0  0  0  0  0  0  0  0  0
 4621.603 -556.748
  0  1  1  1  1  0  0 -1 -1 -1  0  0  0 *  0  0  0  0  0  0  0  0  0  0  0  0  0
  0  0  0  0  0  0  0  0  0  0  0  0  0 *  0  0  0  0  0  0  0  0  0  0  0  0  0
 4621.603 -540.748
  0  1  1  1  0  0  0 -1 -1 -1  0  0  0 *  0  0  0  0  0  0  0  0  0  0  0  0  0
  0  0  0  0  0  0  0  0  0  0  0  0  0 *  0  0  0  0  0  0  0  0  0  0  0  0  0
 4621.603 -524.748
  0  0  1  1  0  0  0 -1 -1 -1 -1  0  0 *  0  0  0  0  0  0  0  0  0  0  0  0  0
  0  0  0  0  0  0  0  0  0  0  0  0  0 *  0  0  0  0  0  0  0  0  0  0  0  0  0
 4621.604 -508.748
  0  0  1  0  0  0  0 -1 -1 -1 -1  0  0 *  0  0  0  0  0  0  0  0  0  0  0  0  0
  0  0  0  0  0  0  0  0  0  0  0  0  0 *  0  0  0  0  0  0  0  0  0  0  0  0  0
 4621.604 -452.747
  0  0  0  1  0  0  0 -1 -1 -2 -1 -1 -1 *  0  1  1  1  0  0  0  0  0  0  0  0  0
  0  0  0  0  0  0  0  0 -1 -1 -1 -1  0 *  0  0  0  0  0  0  0  0  0  0  0  0  0
 4621.604 -436.747
 -2 -1  0  0  0  0 -1 -2 -2 -3 -3 -3 -2 *  2  2  2  2  1  1  0  0  0  0  0  1  1
 -1  0  0  0  0  0  0 -1 -1 -1 -1 -1 -1 *  1  1  1  1  1  0  0  0  0  0  0  0  1
 4621.604 -420.747
 -4 -1  2  3  4  3  1 -2 -5 -7 -8 -7 -5 *  6  7  7  6  4  1 -1 -4 -5 -4 -2  2  5
 -2 -1  1  2  2  1  0 -1 -2 -4 -4 -4 -3 *  3  4  4  3  2  1 -1 -2 -2 -2  0  1  2
 4621.604 -404.746
 -3  1  4  6  7  6  3  0 -4 -6 -7 -6 -3 *  5  6  6  5  3 -1 -4 -6 -6 -5 -3  1  4
 -1  0  2  3  4  3  2  0 -1 -3 -3 -3 -2 *  2  3  3  3  1 -1 -2 -3 -3 -3 -1  0  1
 4621.604 -348.746
 -2  1  4  6  7  6  3  0 -3 -6 -6 -5 -3 *  4  6  6  4  2 -1 -4 -6 -6 -5 -3  0  3
 -1  0  2  3  4  3  2  0 -1 -2 -3 -3 -2 *  2  3  3  2  1 -1 -2 -3 -3 -2 -1  0  1
 4621.605 -332.746
 -2  1  4  6  6  5  3  0 -3 -5 -6 -5 -3 *  4  5  6  4  2 -1 -4 -5 -6 -5 -2  1  3
 -1  0  2  3  3  3  2  0 -1 -2 -3 -3 -2 *  2  3  3  2  1 -1 -2 -3 -3 -2 -1  0  1
 4621.605 -316.746
 -2  1  4  6  6  5  2 -1 -3 -5 -6 -5 -2 *  3  5  5  4  2 -1 -4 -6 -6 -5 -3  0  3
 -1  0  2  3  3  2  1  0 -1 -2 -3 -3 -2 *  2  2  2  2  1 -1 -2 -3 -3 -2 -1  0  1
 4621.605 -300.745
 -1  1  4  5  5  4  2 -1 -3 -5 -5 -4 -2 *  3  4  4  3  1 -1 -3 -5 -5 -4 -3  0  2
 -1  0  2  3  3  2  1  0 -1 -2 -2 -2 -2 *  1  2  2  2  1 -1 -2 -2 -3 -2 -1  0  1
 4632.602 -724.750
  1  1  2  2  1  1  0 -1 -1 -1 -1  0  0 *  0  0  0  0  0  0  0  0  0 -1 -1 -1 -1
  0  1  1  1  1  1  0  0 -1 -1 -1  0  0 *  0  0  0  0  0  0  0  0  0  0  0  0  0
 4632.602 -708.750
  1  1  1  1  1  1  0 -1 -1 -1 -1  0  0 *  0  0  0  0  0  0  0  0  0  0 -1 -1 -1
  0  1  1  1  1  0  0  0 -1 -1 -1  0  0 *  0  0  0  0  0  0  0  0  0  0  0  0  0
 4632.603 -652.750
  0  1  1  1  1  0  0 -1 -1 -1 -1  0  0 *  0  0  0  0  0  0  0  0  0  0 -1 -1 -1
  0  0  1  1  1  0  0  0  0 -1  0  0  0 *  0  0  0  0  0  0  0  0  0  0  0  0  0
 4632.603 -636.749
  0  1  1  1  1  0  0 -1 -1 -1 -1  0  0 *  0  0  0  0  0  0  0  0  0  0  0 -1  0
  0  0  1  1  0  0  0  0  0  0  0  0  0 *  0  0  0  0  0  0  0  0  0  0  0  0  0
 4632.603 -620.749
  0  1  1  1  1  0  0 -1 -1 -1 -1  0  0 *  0  0  0  0  0  0  0  0  0  0  0  0  0
  0  0  0  0  0  0  0  0  0  0  0  0  0 *  0  0  0  0  0  0  0  0  0  0  0  0  0
 4632.603 -604.749
  0  1  1  1  1  0  0 -1 -1 -1  0  0  0 *  0  0  0  0  0  0  0  0  0  0  0  0  0
  0  0  0  0  0  0  0  0  0  0  0  0  0 *  0  0  0  0  0  0  0  0  0  0  0  0  0
 4632.603 -548.749
  0  1  1  1  0  0  0 -1 -1 -1  0  0  0 *  0  0  0  0  0  0  0  0  0  0  0  0  0
  0  0  0  0  0  0  0  0  0  0  0  0  0 *  0  0  0  0  0  0  0  0  0  0  0  0  0
 4632.603 -532.748
  0  0  1  1  0  0  0 -1 -1 -1 -1  0  0 *  0  0  0  0  0  0  0  0  0  0  0  0  0
  0  0  0  0  0  0  0  0  0  0  0  0  0 *  0  0  0  0  0  0  0  0  0  0  0  0  0
 4632.604 -516.748
  0  0  1  1  0  0  0 -1 -1 -1 -1 -1  0 *  0  0  1  1  1  0  0  0  0  0  0  0  0
  0  0  0  0  0  0  0  0  0 -1  0  0  0 *  0  0  0  0  0  0  0  0  0  0  0  0  0
 4632.604 -500.748
 -1  0  0  1  1  0  0 -1 -2 -2 -2 -2 -1 *  2  2  2  2  2  1  1  0  0  0  1  1  2
  0  0  0  0  0  0  0  0 -1 -1 -1 -1 -1 *  1  1  1  1  1  1  0  0  0  0  0  1  1
 4632.604 -444.747
 -3 -1  1  3  3  3  1 -2 -4 -6 -6 -5 -3 *  5  6  6  5  3  1 -1 -2 -3 -2 -1  2  4
 -2  0  1  2  2  2  1 -1 -2 -3 -3 -3 -2 *  3  3  3  3  2  1 -1 -1 -2 -1  0  1  2
 4632.604 -428.747
 -3  0  4  6  7  6  4  0 -3 -6 -7 -6 -4 *  5  6  6  5  3 -1 -4 -6 -6 -5 -3  0  3
 -1  0  2  3  4  3  2  0 -1 -2 -3 -3 -2 *  3  3  3  3  1 -1 -2 -3 -3 -3 -2  0  1
 4632.604 -412.747
 -3  0  4  6  7  6  4  0 -3 -5 -6 -6 -3 *  4  6  6  5  3 -1 -4 -6 -6 -5 -3  0  3
 -1  0  2  3  4  3  2  0 -1 -2 -3 -3 -2 *  2  3  3  2  1  0 -2 -3 -3 -3 -2  0  1
 4632.605 -356.747
 -3  1  4  6  7  6  3  0 -3 -5 -6 -5 -3 *  4  5  6  5  2 -1 -3 -5 -6 -5 -3  0  3
 -1  0  2  3  4  3  2  0 -1 -2 -3 -3 -2 *  2  3  3  2  1  0 -2 -3 -3 -2 -1  0  1
 4632.605 -340.746
 -2  1  4  6  6  5  3  0 -3 -5 -6 -5 -3 *  3  5  5  4  2 -1 -3 -5 -5 -5 -2  0  3
 -1  0  2  3  3  3  2  0 -1 -2 -2 -2 -2 *  2  2  2  2  1  0 -2 -3 -3 -2 -1  0  1
 4632.605 -324.746
 -2  1  4  5  6  5  3  0 -3 -5 -5 -4 -2 *  3  4  4  4  2 -1 -3 -4 -5 -4 -2  0  2
 -1  0  2  3  3  3  1  0 -1 -2 -2 -2 -2 *  2  2  2  2  1  0 -2 -2 -2 -2 -1  0  1
 4632.605 -308.746
 -1  1  3  5  5  5  3  0 -3 -4 -5 -4 -2 *  3  4  4  3  2 -1 -3 -4 -5 -4 -2  0  2
 -1  0  2  3  3  2  1  0 -1 -2 -2 -2 -2 *  2  2  2  2  1  0 -2 -2 -2 -2 -1  0  1
 4643.602 -716.750
  0  1  1  2  1  1  0  0 -1 -1 -1  0  0 *  0  0  0  0  0  0  0  0  0 -1 -1 -1 -1
  0  1  1  1  1  1  0  0  0 -1 -1  0  0 *  0  0  0  0  0  0  0  0  0  0  0  0  0
 4643.603 -700.750
  0  1  1  1  1  0  0 -1 -1 -1 -1  0  0 *  0  0  0  0  1  1  0  0  0  0 -1 -1 -1
  0  0  1  1  1  0  0  0  0 -1  0  0  0 *  0  0  0  0  0  0  0  0  0  0  0  0  0
 4643.603 -644.750
  0  1  1  1  1  0  0 -1 -1 -1 -1  0  0 *  0  0  0  0  1  1  0  0  0  0 -1 -1 -1
  0  0  1  1  0  0  0  0  0  0  0  0  0 *  0  0  0  0  0  0  0  0  0  0  0  0  0
 4643.603 -628.750
  0  1  1  1  1  0  0 -1 -1 -1 -1  0  0 *  0  0  0  0  1  1  0  0  0  0 -1 -1  0
  0  0  0  1  0  0  0  0  0  0  0  0  0 *  0  0  0  0  0  0  0  0  0  0  0  0  0
 4643.603 -612.749
  0  1  1  1  1  0  0 -1 -1 -1  0  0  0 *  0  0  0  0  1  0  0  0  0  0 -1 -1  0
  0  0  0  0  0  0  0  0  0  0  0  0  0 *  0  0  0  0  0  0  0  0  0  0  0  0  0
 4643.603 -556.749
  0  1  1  1  0  0  0 -1 -1 -1  0  0  0 *  0  0  0  0  1  0  0  0  0  0  0  0  0
  0  0  0  0  0  0  0  0  0  0  0  0  0 *  0  0  0  0  0  0  0  0  0  0  0  0  0
 4643.604 -540.749
  0  0  1  1  0  0  0 -1 -1 -1 -1  0  0 *  0  0  0  1  1  0  0  0  0  0  0  0  0
  0  0  0  0  0  0  0  0  0  0  0  0  0 *  0  0  0  0  0  0  0  0  0  0  0  0  0
 4643.604 -524.748
  0  0  0  0  0  0  0 -1 -1 -2 -1 -1 -1 *  1  1  1  1  1  1  0  0  0  0  0  0  0
  0  0  0  0  0  0  0  0 -1 -1 -1 -1  0 *  0  1  1  1  0  0  0  0  0  0  0  0  0
 4643.604 -508.748
 -2 -1  0  1  1  0 -1 -2 -3 -3 -3 -3 -2 *  2  2  2  2  1  1  0 -1 -1 -1  0  1  1
 -1  0  0  0  0  0  0 -1 -1 -2 -2 -1 -1 *  1  1  1  1  1  0  0  0 -1 -1  0  0  1
 4643.604 -452.748
 -4 -2  0  2  3  2  1 -2 -5 -7 -7 -6 -4 *  4  6  6  5  3  1 -1 -4 -5 -4 -2  1  4
 -2 -1  0  1  1  1  0 -1 -3 -4 -4 -4 -3 *  3  3  3  3  2  0 -1 -2 -2 -2 -1  0  2
 4643.604 -436.748
 -3  0  4  6  7  6  4  0 -3 -6 -7 -6 -4 *  5  6  6  5  3 -1 -4 -6 -6 -5 -3  0  3
 -2  0  2  3  4  3  2  0 -1 -2 -3 -3 -2 *  3  3  3  3  1  0 -2 -3 -3 -3 -2  0  1
 4643.605 -420.747
 -3  0  3  6  7  6  4  1 -3 -5 -6 -6 -4 *  4  6  6  5  3 -1 -4 -6 -6 -5 -3  0  3
 -2  0  2  3  4  3  2  1 -1 -2 -3 -3 -2 *  3  3  3  3  1  0 -2 -3 -3 -3 -2  0  1
 4643.605 -404.747
 -3  0  3  5  6  6  3  0 -3 -5 -6 -5 -3 *  4  5  5  4  2  0 -3 -5 -6 -5 -3  0  3
 -1  0  1  3  3  3  2  0 -1 -2 -3 -3 -2 *  2  3  3  2  1  0 -2 -3 -3 -3 -2  0  1
 4643.605 -348.747
 -2  0  3  5  6  5  3  0 -3 -5 -6 -5 -3 *  3  5  5  4  2  0 -3 -5 -5 -5 -3  0  2
 -1  0  2  3  3  3  2  0 -1 -2 -2 -3 -2 *  2  2  3  2  1  0 -2 -2 -3 -2 -1  0  1
 4643.605 -332.746
 -2  1  3  5  6  5  3  0 -2 -4 -5 -4 -2 *  3  4  4  4  2  0 -3 -4 -5 -4 -3  0  2
 -1  0  2  3  3  3  2  0 -1 -2 -2 -2 -2 *  2  2  2  2  1  0 -2 -2 -3 -2 -1  0  1
 4643.605 -316.746
 -2  1  3  5  5  5  3  0 -2 -4 -5 -4 -2 *  3  4  4  3  2  0 -3 -4 -4 -4 -2  0  2
 -1  0  2  3  3  2  1  0 -1 -2 -2 -2 -2 *  1  2  2  2  1  0 -1 -2 -2 -2 -1  0  1
 4643.606 -300.746
 -2  0  3  4  5  4  2 -1 -3 -5 -5 -4 -2 *  3  4  4  3  2  0 -2 -4 -4 -4 -2  0  2
 -1  0  1  2  3  2  1  0 -1 -2 -2 -2 -2 *  2  2  2  2  1  0 -1 -2 -2 -2 -1  0  1
 4654.603 -724.751
  0  1  1  1  1  1  0  0 -1 -1 -1  0  0 *  0  0  1  1  1  1  1  0  0  0 -1 -1 -1
  0  0  1  1  1  1  1  0  0  0  0  0  0 *  0  0  1  1  1  1  0  0  0 -1 -1 -1  0
 4654.603 -708.751
  0  1  1  1  1  1  0  0 -1 -1 -1  0  0 *  0  0  0  1  1  1  1  0  0  0 -1 -1 -1
  0  0  1  1  1  0  0  0  0  0  0  0  0 *  0  0  0  1  1  0  0  0  0  0  0  0  0
 4654.603 -652.750
  0  1  1  1  1  0  0 -1 -1 -1 -1  0  0 *  0  0  0  1  1  1  1  0  0  0 -1 -1 -1
  0  0  1  1  0  0  0  0  0  0  0  0  0 *  0  0  0  0  0  0  0  0  0  0  0  0  0
 4654.603 -636.750
  0  1  1  1  0  0 -1 -1 -1 -1 -1  0  0 *  0  0  0  1  1  1  0  0  0  0 -1 -1 -1
  0  0  0  0  0  0  0  0 -1 -1 -1  0  0 *  0  0  0  0  0  0  0  0  0  0  0  0  0
 4654.603 -620.750
  0  1  1  1  0  0  0 -1 -1 -1 -1  0  0 *  0  0  0  1  1  1  0  0  0 -1 -1 -1 -1
  0  0  0  0  0  0  0  0  0 -1  0  0  0 *  0  0  0  0  0  0  0  0  0  0  0  0  0
 4654.604 -604.749
  0  1  1  1  0  0  0 -1 -1 -1 -1  0  0 *  0  0  1  1  1  1  0  0  0 -1 -1 -1  0
  0  0  0  0  0  0  0  0  0  0  0  0  0 *  0  0  0  0  0  0  0  0  0  0  0  0  0
 4654.604 -548.749
 -1  0  0  0  0  0 -1 -1 -1 -2 -2 -1 -1 *  1  1  1  2  1  1  1  0  0  0  0  0  1
  0  0  0  0  0  0  0 -1 -1 -1 -1 -1 -1 *  1  1  1  1  1  1  0  0  0  0  0  0  0
 4654.604 -532.749
 -2 -1  0  0  0  0 -1 -1 -2 -3 -3 -3 -2 *  2  3  3  3  2  2  1  0  0  0  1  1  2
 -1 -1  0  0  0  0  0 -1 -1 -1 -1 -1 -1 *  1  2  2  2  1  1  0  0  0  0  0  1  1
 4654.604 -516.749
 -5 -3  0  1  2  1  0 -2 -5 -7 -7 -7 -5 *  4  5  6  5  4  2  0 -3 -4 -4 -2  1  3
 -3 -2 -1  0  1  1  0 -1 -3 -3 -4 -4 -3 *  3  3  3  3  2  1  0 -2 -2 -2 -1  0  2
 4654.604 -500.748
 -4 -1  3  5  7  6  4  1 -3 -6 -8 -7 -5 *  5  8  9  8  5  1 -3 -7 -8 -8 -5 -1  4
 -2 -1  1  3  4  3  2  1 -1 -3 -4 -4 -3 *  3  5  5  4  3  0 -2 -4 -4 -4 -3 -1  1
 4654.605 -444.748
 -4  0  3  6  7  7  4  1 -3 -6 -7 -6 -4 *  4  6  7  6  3  0 -4 -6 -7 -7 -4  0  3
 -2  0  2  3  4  4  2  1 -1 -2 -3 -3 -3 *  3  4  4  3  2  0 -2 -3 -4 -3 -2 -1  1
 4654.605 -428.748
 -3  0  3  6  7  6  4  1 -2 -5 -6 -6 -4 *  4  6  6  5  3  0 -4 -6 -7 -6 -4  0  3
 -2  0  1  3  4  3  2  1 -1 -2 -3 -3 -2 *  3  3  3  3  1  0 -2 -3 -4 -3 -2  0  1
 4654.605 -412.747
 -3  0  3  5  6  6  4  1 -2 -5 -6 -5 -3 *  4  5  6  5  2  0 -3 -5 -6 -5 -3  0  3
 -2  0  1  3  3  3  2  1 -1 -2 -3 -3 -2 *  2  3  3  2  1  0 -2 -3 -3 -3 -2  0  1
 4654.605 -356.747
 -3  0  3  5  6  5  3  1 -2 -4 -5 -5 -3 *  3  5  5  4  2  0 -3 -5 -5 -5 -3  0  2
 -1  0  1  3  3  3  2  1 -1 -2 -2 -2 -2 *  2  2  3  2  1  0 -2 -2 -3 -2 -1  0  1
 4654.605 -340.747
 -2  0  3  5  5  5  3  0 -2 -4 -5 -4 -2 *  3  4  4  3  2  0 -3 -4 -5 -4 -3  0  2
 -1  0  1  3  3  3  2  0 -1 -1 -2 -2 -2 *  2  2  2  2  1  0 -1 -2 -2 -2 -1  0  1
 4654.606 -324.747
 -2  0  3  5  5  5  3  0 -2 -4 -5 -4 -2 *  2  3  4  3  2  0 -2 -4 -4 -4 -2  0  2
 -1  0  1  2  3  2  1  0 -1 -2 -2 -2 -2 *  1  2  2  2  1  0 -1 -2 -2 -2 -1  0  1
 4654.606 -308.746
 -2  1  3  5  6  5  3  0 -3 -5 -5 -5 -2 *  3  4  4  4  2  0 -2 -4 -4 -4 -2  0  2
 -1  0  2  3  3  3  1  0 -1 -2 -2 -2 -2 *  2  2  2  2  1  0 -1 -2 -2 -2 -1  0  1
 4705.603 -716.751
  0  1  1  1  1  0  0 -1 -1 -1 -1  0  0 * -1  0  0  1  1  1  1  1  0  0 -1 -1 -1
  0  0  0  1  1  0  0  0  0  0  0  0  0 *  0  0  1  1  1  1  1  0  0  0  0  0  0
 4705.603 -700.751
  0  1  1  1  1  0  0 -1 -1 -1 -1  0  0 *  0  0  0  1  1  1  1  0  0 -1 -1 -1 -1
  0  0  0  0  0  0  0  0  0 -1 -1  0  0 *  0  0  0  1  1  0  0  0  0  0 -1 -1  0
 4705.603 -644.750
  0  1  1  1  1  1  0  0 -1 -1 -1  0  0 *  0  0  1  1  1  1  1  0  0 -1 -1 -1  0
  0  0  0  1  1  0  0  0  0  0  0  0  0 *  0  0  1  1  1  1  0  0  0  0  0  0  0
 4705.604 -628.750
  0  0  1  1  0  0 -1 -1 -1 -1 -1 -1  0 *  0  0  1  1  1  1  1  0  0 -1 -1 -1 -1
  0  0  0  0  0  0  0  0  0 -1 -1  0  0 *  0  0  1  1  1  0  0  0  0  0 -1  0  0
 4705.604 -612.750
 -1  0  0  0  0  0  0 -1 -1 -2 -1 -1 -1 *  0  1  1  1  1  1  1  0 -1 -1 -1 -1  0
  0  0  0  0  0  0  0  0 -1 -1 -1 -1 -1 *  0  1  1  1  1  1  0  0  0 -1 -1  0  0
 4705.604 -556.750
 -1  0  0  1  1  1  0 -1 -1 -2 -2 -2 -1 *  0  1  1  2  2  1  0  0 -1 -1 -1 -1  0
  0  0  0  0  0  0  0  0  0 -1 -1 -1 -1 *  0  1  1  1  1  1  0  0 -1 -1 -1  0  0
 4705.604 -540.749
 -2  0  1  2  3  2  1 -1 -2 -4 -4 -4 -2 *  4  5  5  5  4  2  1 -1 -2 -2 -1  1  3
 -1  0  1  1  1  1  1  0 -1 -2 -2 -2 -1 *  2  3  3  3  2  1  0  0 -1 -1  0  1  2
 4705.604 -524.749
 -6 -2  2  6  8  7  5  1 -3 -7 -8 -8 -6 *  5  8  9  8  5  1 -3 -6 -8 -8 -5 -1  4
 -3 -1  1  3  4  4  3  1 -1 -3 -4 -4 -4 *  3  5  5  4  3  1 -2 -3 -4 -4 -3 -1  2
 4705.605 -508.749
 -5 -1  2  6  7  7  5  2 -2 -5 -7 -7 -5 *  4  7  8  8  5  1 -3 -7 -9 -8 -6 -2  3
 -3 -1  1  3  4  4  3  1 -1 -2 -3 -4 -3 *  3  4  5  4  2  0 -2 -4 -5 -4 -3 -1  1
 4705.605 -452.748
 -4 -1  2  5  7  7  5  2 -2 -5 -7 -6 -5 *  4  7  8  7  4  0 -4 -7 -8 -7 -5 -1  3
 -2 -1  1  3  4  4  3  1  0 -2 -3 -3 -3 *  3  4  4  4  2  0 -2 -4 -4 -4 -3 -1  1
 4716.603 -724.751
  0  1  1  1  0  0  0 -1 -1 -1  0  0  1 * -2 -1  0  1  2  2  2  1  1  0 -1 -1 -1
  0  0  0  0  0  0  0  0  0  0  0  0  0 * -1  0  0  1  1  1  1  1  0  0  0 -1  0
 4716.603 -708.751
 -1  0  0  0  0  0 -1 -1 -1 -1 -1 -1 -1 *  0  1  1  2  2  2  2  1  1  0 -1 -1 -1
 -1  0  0  0  0  0  0  0 -1 -1 -1 -1 -1 *  0  1  1  1  1  1  1  1  0  0  0 -1  0
 4716.604 -652.751
 -1  0  0  0  0  0  0 -1 -1 -1 -1 -1 -1 *  0  0  1  2  2  2  1  0  0 -1 -2 -2 -1
 -1  0  0  0  0  0  0  0  0  0 -1 -1 -1 *  0  0  1  1  1  1  0  0  0 -1 -1 -1 -1
 4716.604 -636.751
 -1 -1  0  0  0  0  0 -1 -1 -2 -2 -2 -1 *  0  1  2  3  3  2  1  0 -1 -1 -1 -1  0
 -1 -1  0  0  0  0  0  0 -1 -1 -1 -1 -1 *  1  1  1  2  1  1  1  0  0 -1 -1 -1  0
 4716.604 -620.750
 -3 -2 -2 -1  0  0  0 -1 -2 -3 -4 -4 -3 *  2  3  4  4  4  3  2  0 -1 -2 -1 -1  1
 -2 -1 -1  0  0  0  0  0 -1 -1 -2 -2 -2 *  1  2  2  2  2  2  1  0  0 -1 -1  0  0
 4716.604 -604.750
 -9 -6 -4 -1  0  0  0 -2 -5 -7 -9-10-10 *  4  6  8  7  6  4  2 -1 -4 -6 -4 -1  3
 -5 -4 -3 -1  0  0  0 -1 -3 -4 -6 -6 -6 *  3  4  5  5  4  3  1  0 -2 -2 -2  0  2
 4716.604 -548.750
 -9 -6 -3  0  2  3  2  0 -3 -7 -9-11-10 *  2  5  8  8  6  4  0 -6-10-12 -9 -5  0
 -6 -4 -2 -1  1  1  1  0 -2 -4 -6 -6 -6 *  2  3  4  4  3  2 -1 -3 -5 -6 -5 -3  0
 4716.605 -532.749
 -7 -3  2  6  9  9  6  2 -3 -7-10-10 -8 *  4  8 11 11  8  3 -3 -8-11-12 -9 -4  2
 -4 -2  1  3  5  5  4  2 -1 -3 -5 -6 -5 *  3  5  6  6  4  1 -2 -4 -6 -6 -5 -3  0
 4716.605 -516.749
 -5 -2  2  5  8  8  6  3 -1 -5 -7 -7 -6 *  3  7 10  9  6  2 -3 -7-10-10 -8 -3  2
 -3 -1  1  3  4  4  3  2  0 -2 -3 -4 -3 *  3  5  5  5  3  1 -2 -4 -5 -5 -4 -2  0
 4716.605 -500.749
 -5 -2  1  4  6  6  5  2 -1 -4 -6 -6 -5 *  4  7  8  8  5  2 -3 -6 -9 -9 -6 -2  2
 -3 -1  1  2  3  4  3  2  0 -1 -3 -3 -3 *  3  4  5  4  3  1 -2 -3 -5 -5 -3 -2  1
 4716.605 -444.749
 -4 -2  1  4  6  6  5  2 -1 -3 -5 -5 -4 *  4  6  7  7  4  1 -3 -6 -7 -7 -5 -1  2
 -3 -1  0  2  3  3  3  1  0 -1 -2 -3 -3 *  3  4  4  4  2  0 -2 -3 -4 -4 -3 -1  1
 4727.604 -716.752
 -4 -4 -3 -3 -3 -3 -3 -3 -3 -3 -3 -3 -3 *  0  2  4  5  5  5  4  3  2  1  0  0  0
 -3 -3 -2 -2 -2 -1 -1 -1 -1 -1 -1 -2 -2 *  1  2  3  4  4  4  3  2  1  1  0  0  0
 4727.604 -700.751
 -6 -5 -4 -3 -2 -1 -1 -2 -2 -3 -4 -5 -5 *  0  2  4  5  5  4  3  1 -1 -2 -3 -3 -1
 -4 -3 -3 -2 -1  0  0  0 -1 -2 -2 -3 -4 *  1  2  2  3  3  2  1  0 -1 -2 -2 -2 -1
 4727.604 -644.751
 -8 -7 -5 -3 -1  0  0  0 -2 -4 -6 -7 -8 * -1  2  5  6  6  5  3  0 -4 -6 -7 -6 -3
 -5 -4 -3 -2 -1  0  0  0 -1 -2 -4 -5 -5 *  0  2  3  4  3  3  1  0 -2 -4 -4 -4 -2
 4727.604 -628.751
-12 -8 -4  1  4  5  4  2 -2 -6-10-13-13 *  3  8 12 13 11  8  3 -3 -8-12-11 -7  0
 -7 -5 -2  0  2  3  2  1 -1 -4 -6 -8 -8 *  3  6  7  7  6  4  1 -1 -5 -6 -6 -4 -1
 4727.604 -612.750
-11 -7 -1  5  9 11 10  6  1 -5-10-12-12 *  1  8 14 16 13  8  1 -6-13-16-15-10 -3
 -7 -4 -1  3  5  6  6  4  1 -2 -5 -7 -7 *  1  5  8  8  7  4  0 -4 -7 -9 -8 -6 -2
 4727.605 -556.750
-10 -6  0  5  9 11 10  7  2 -4 -9-11-10 *  1  8 13 15 12  7  0 -7-13-15-14 -9 -2
 -6 -4  0  3  5  6  6  4  1 -2 -4 -6 -6 *  2  5  8  8  7  4  0 -4 -7 -8 -8 -5 -2
 4727.605 -540.750
 -8 -4  1  5  9 10  9  6  1 -4 -7 -9 -8 *  1  8 12 14 11  6 -1 -7-13-15-13 -8 -1
 -5 -3  0  3  5  6  5  4  1 -1 -4 -5 -5 *  2  5  7  7  6  3 -1 -4 -7 -8 -7 -5 -1
 4727.605 -524.750
 -6 -3  1  4  7  8  7  4  1 -3 -6 -6 -6 *  2  7 10 11  9  4 -1 -7-11-12-10 -6 -1
 -3 -2  0  2  4  4  4  2  1 -1 -3 -3 -3 *  2  4  6  6  5  2 -1 -4 -6 -6 -6 -4 -1
 4727.605 -508.749
 -4 -2  1  3  5  6  5  3  0 -2 -4 -5 -4 *  2  7  9  9  7  3 -2 -6 -9-10 -8 -4  1
 -3 -2  0  2  3  3  3  2  1 -1 -2 -3 -3 *  2  4  5  5  4  1 -1 -3 -5 -5 -4 -3  0
 4727.605 -452.749
 -4 -2  0  2  4  5  4  3  1 -2 -3 -4 -4 *  3  6  8  7  5  2 -2 -6 -8 -8 -6 -2  1
 -2 -2  0  1  2  3  3  2  1  0 -1 -2 -2 *  2  4  4  4  3  1 -1 -3 -4 -4 -3 -2  0
 4738.604 -724.752
-13-13-10 -7 -4 -1  0  0  0 -1 -3 -4 -5 * -6  1  8 13 15 14 11  7  3 -1 -3 -3 -1
-11-11 -9 -6 -4 -1  0  1  1  1  0 -1 -2 * -3  3  7 10 11 10  9  7  4  2  0  0  0
 4738.604 -708.752
-15-13 -8 -1  5  8  9  8  5  1 -3 -7 -9 * -4  5 12 16 16 13  7  1 -6-11-13-11 -7
-11 -9 -5 -1  3  6  7  7  5  3  0 -3 -5 *  0  5  9 11 10  8  4  0 -3 -6 -8 -8 -6
 4738.604 -652.751
-13-11 -6  0  5  8 10  9  6  1 -4 -8-10 * -3  5 12 16 17 13  7 -1 -8-14-16-13 -8
 -8 -7 -4  0  3  5  7  6  5  2 -1 -4 -6 *  0  4  8 10 10  7  4 -1 -5 -8 -9 -8 -6
 4738.604 -636.751
-13 -9 -4  3  8 11 11  9  5 -1 -7-10-12 * -3  6 13 18 17 13  6 -2-10-16-17-14 -7
 -8 -6 -2  1  4  6  7  6  4  0 -3 -5 -7 *  0  4  8 10  9  7  3 -2 -6 -9-10 -8 -5
 4738.605 -620.751
-11 -8 -2  6 11 14 13 10  4 -2 -7-11-11 * -1  8 15 18 16 10  2 -6-13-17-17-12 -5
 -7 -5 -1  3  6  8  8  6  3  0 -3 -6 -7 *  1  5  9 10  9  6  1 -3 -7 -9-10 -7 -4
 4738.605 -604.751
-10 -6 -1  5 10 12 11  8  3 -3 -7-10-10 * -1  7 13 16 14  9  2 -6-13-17-16-12 -5
 -6 -4 -1  2  5  6  6  5  3 -1 -3 -5 -6 *  0  5  8  9  8  5  1 -3 -7 -9 -9 -7 -3
 4738.605 -548.750
 -8 -5  0  4  8 10  9  6  2 -2 -6 -8 -8 * -1  6 12 14 13  8  1 -6-12-15-14-10 -4
 -5 -3 -1  2  4  5  5  4  2 -1 -3 -4 -5 *  0  4  7  8  7  4  1 -3 -6 -8 -8 -6 -3
 4738.605 -532.750
 -6 -4  0  3  6  7  7  5  2 -1 -4 -6 -6 * -1  6 11 13 12  7  1 -5-11-14-13 -9 -3
 -4 -2  0  2  3  4  4  3  2  0 -2 -3 -3 *  0  4  6  7  6  4  0 -3 -6 -7 -7 -5 -2
 4738.605 -516.750
 -3 -2  0  2  4  5  5  4  2  0 -2 -3 -3 *  0  6 10 11 10  6  0 -5-10-12-11 -7 -2
 -2 -2  0  1  2  3  3  2  2  0 -1 -2 -2 *  1  4  6  6  5  3  0 -3 -5 -6 -6 -4 -1
 4738.605 -500.749
 -2 -2 -1  1  2  3  4  3  2  1  0 -1 -2 *  2  6  8  9  7  4 -1 -5 -8 -9 -8 -4  0
 -2 -2 -1  0  1  2  2  2  2  1  0 -1 -1 *  2  4  5  5  4  2 -1 -3 -4 -5 -4 -3  0
 4738.606 -444.749
 -3 -3 -2  0  1  3  3  3  2  1 -1 -2 -2 *  3  5  6  6  4  1 -2 -5 -6 -6 -5 -2  1
 -2 -2 -1  0  1  2  2  2  1  1  0 -1 -1 *  2  3  4  3  2  1 -1 -3 -3 -3 -3 -1  0
 4749.604 -716.752
-13-11 -7 -2  4  8  9  8  4  0 -5 -8 -9 * -6  1  8 13 14 12  7  1 -4 -9-10 -9 -4
 -9 -8 -6 -2  1  4  5  5  4  2 -1 -3 -4 * -3  1  5  8  9  8  5  2 -1 -4 -5 -5 -3
 4749.604 -700.752
-12-10 -5  1  7 10 11 10  6  1 -4 -8 -9 * -5  2 10 15 15 13  7  0 -7-12-13-12 -7
 -8 -7 -4  0  3  6  7  7  5  2 -1 -3 -5 * -2  3  7  9  9  8  4  0 -3 -6 -8 -7 -5
 4749.604 -644.752
-11 -9 -4  2  8 11 12 10  6  1 -4 -8 -9 * -4  4 12 16 16 13  6 -1 -8-13-14-12 -7
 -7 -6 -3  1  4  6  7  7  5  2 -1 -4 -5 * -1  4  7  9  9  7  4  0 -4 -7 -8 -7 -5
 4749.605 -628.751
-11 -8 -2  4  9 11 12  9  5 -1 -6 -9-10 * -4  5 12 16 16 12  5 -2 -9-14-15-13 -7
 -6 -5 -2  2  4  6  7  6  4  1 -2 -4 -5 * -1  4  7  9  9  7  3 -1 -5 -7 -8 -7 -5
 4749.605 -612.751
-10 -7 -2  4  9 12 12  9  4 -2 -7-10-10 * -2  5 12 15 14 10  3 -4-11-15-15-12 -6
 -6 -4 -2  2  5  6  7  6  3  0 -3 -5 -6 *  0  4  7  9  8  5  2 -2 -6 -8 -9 -7 -4
 4749.605 -556.751
 -8 -6 -1  4  8 10 10  7  3 -2 -6 -8 -8 * -3  5 11 15 14 10  3 -4-11-15-15-12 -6
 -5 -4 -1  2  4  5  6  4  3  0 -2 -4 -5 * -1  3  7  8  7  5  2 -2 -6 -8 -8 -7 -4
 4749.605 -540.750
 -6 -4 -1  3  6  7  7  6  3 -1 -4 -6 -6 * -3  4 11 15 14 10  3 -4-10-15-15-12 -6
 -4 -3 -1  1  3  4  4  3  2  0 -2 -3 -4 * -1  3  6  8  7  5  2 -2 -5 -8 -8 -7 -4
 4749.605 -524.750
 -4 -3 -2  1  3  4  4  4  2  0 -2 -3 -4 * -3  4 10 14 13  9  3 -4-10-14-15-12 -6
 -3 -2 -1  0  1  2  3  2  2  1 -1 -2 -2 * -1  3  6  7  7  5  1 -2 -5 -8 -8 -7 -4
