Boulogne-sur-Mer         	
 5044.548  130.320
 -6 -5 -1  2  3  5  5  4  2  0 -1 -5 -7 *-20-23-21-15 -4 15 24 24 16  7 -2 -9-15	
 -4 -3  0  1  1  3  3  2  1  0 -1  0 -3 *-11-13-12 -8 -2  9 14 13  9  4 -1  0 -5	
 5048.248  133.003
  3  5  5  5  2 -2 -5 -5 -4 -2 -2 -2  2 *-22-21-17 -8  8 20 23 22 16  7 -3-14-22	
  2  3  3  2  1 -1 -2 -2 -2 -1 -1 -1  1 *-13-13-10 -4  5 10 12 11  8  3 -2 -7-12	
 5045.415  131.353
 -1  0  1  3  2  2  1  0 -1 -2 -2 -2 -2 *-16-19-17-10  3 14 20 20 15  8 -2 -9-15	
 -1  0  1  1  3  1  1  0 -1 -1 -2 -2 -1 *-12-12 -8 -3  3  9 12 12  8  3 -2 -8-11	
