 Calais 	
 5058.282  146.670
-18-19-17 -9 11 23 23 19 12  2 -8-16-17 *-11-12-11 -5  6 11 11 10  8  4 -2 -7-10	
-13-13-10 -3  7 15 17 14  8  1 -6-11-12 * -8 -8 -6 -2  4  7  8  7  5  2 -1 -5 -7	
 5058.699  149.870
-10 -9 -8  0 13 19 18 12  3 -6-14-14-11 * -9 -9 -9 -4  7 15 14  9  4 -1 -6 -9 -9	
 -5 -4 -3  0  5  7  8  6  2 -1 -4 -6 -6 * -5 -4 -3 -1  3  6  6  4  3  0 -2 -4 -5	
 5059.549  145.700
-22-23-19 -7 13 23 23 21 15  6 -5-16-22 *-17-17-14 -5 10 19 20 17 10  2 -6-12-16	
-17-15-10 -3  8 16 16 13  8  2 -3 -9-15 *-13-12 -7 -2  6 13 14 11  5  1 -3 -6-11	
 5057.699  146.670
-15-14-12  2 16 20 18 13  6 -3-10-14-15 * -7 -7 -7  0  8 10  9  7  2 -2 -5 -6 -7	
-12-10 -4  7 13 14 11  7  3 -3 -8-11-12 * -5 -4 -2  1  7  7  6  4  1 -2 -4 -5 -6	
 5056.949  144.120
-12-12-11  2 13 20 17 12  3 -8-12-12-12 * -8 -9 -8 -4  8 14 12  9  3 -5 -7 -8 -8	
 -9 -7 -4  2 11 13 10  7  2 -3 -8 -9 -9 * -6 -5 -3 -3  6  9  7  5  2 -2 -5 -6 -6	
 5059.149  151.920
-11-10 -8  1 12 15 14 10  3 -3 -8-11-11 * -5 -5 -5  0  6  9  7  5  1 -2 -4 -5 -5	
 -8 -6 -3  4  9 10  9  6  2 -2 -6 -9 -9 * -4 -4 -2  0  5  6  5  3  1 -1 -3 -4 -5	
 5100.449  147.520
-17-18-17-10  7 18 20 19 14  5 -4-13-16 *-10-11-11 -6  4 10 12 12  9  4 -2 -7-10	
-13-12 -9 -2  7 12 13 12  8  3 -3 -8-12 * -8 -8 -6 -1  4  7  8  7  5  2 -1 -5 -8	
 5100.066  153.087
-14-14-10  0 13 17 16 12  7  0 -9-13-14 * -6 -6 -6 -2  5  7  7  6  4  1 -3 -5 -6	
-12-10 -6  0  8 12 11  9  6  1 -4 -9-11 * -5 -5 -4 -1  3  5  5  4  3  2 -1 -4 -5	
