Dunkerque                	
 5103.949  215.921
-25-24-19-15  4 23 27 22 12  5 -4 -8-22 * -4 -4 -3 -3  1  5  5  7  4  2  0  1 -2	
-12-12-10 -7  3 12 13 11  7  2 -2 -4-12 * -2 -2 -1 -1  1  3  2  3  2  1  0  0 -1	
 5102.949  207.921
-15-15-11 -4  7 16 17 14 10  3 -5-11-14 * -4 -5 -5 -3  1  4  5  5  5  2 -1 -2 -3	
 -9 -9 -6  0  6 10 10  9  6  2 -2 -7 -9 * -2 -3 -3  0  1  2  3  3  3  1  0 -1 -2	
 5103.549  208.921
-14-12-11 -5  9 19 18 14  8  0 -5-12-14 * -6 -6 -7 -5  2  7  9  7  5  2 -1 -4 -5	
 -9 -8 -5 -1  7 11 11  8  3  0 -6-10-10 * -4 -4 -3 -1  2  5  5  4  2  1 -1 -3 -4	
 5105.449  218.921
 -9 -7 -5 -2  5 18 25 23 16  8 -1 -5 -9 * -5 -6 -7 -5 -2  3  9 10  7  5  2  0 -4	
 -9 -6 -4 -1  3  6 18 17 15  7 -1 -3 -9 * -5 -6 -7 -4 -1  1  6  7  7  4  4  0 -4	
 5104.949  211.921
-15-10 -2  3 18 24 19 17 10  3 -4-15-16 *  0 -2 -2 -3 -1  5  6  8  6  4  2  3  1	
-12 -9 -2  2 13 16 12  8  3  1 -3 -9-11 *  0 -2 -2 -2 -1  3  4  4  2  1  2  2  1	
 5102.949  209.421
 -7-13-11 -4 12 18 16 10  3 -2 -6 -8 -8 * -3 -6 -6 -4  2  7  9  6  3  1 -1 -2 -3	
-10-11 -7  0  8 10  8  5  1 -2 -8-10-10 * -4 -5 -4  0  1  4  4  3  1  1 -1 -3 -4	
 5104.449  208.571
-12-12-13 -7 13 20 15 12  8  3 -2-10-13 * -9-10-16-13  0  7 11 10  9  6  2 -1 -7	
 -9 -8 -7 -3  4  9  9  7  2  1 -2 -7 -9 * -6 -7 -8 -6  0  3  7  6  3  1  2 -1 -5	
 5102.832  205.754
-14-12 -3 10 16 16 14  9  2 -5-12-14-15 * -5 -5 -4  2  6  7  6  3  1 -1 -3 -5 -5	
 -9 -6 -1  8 11 11  9  5  0 -5 -9-10-10 * -3 -3 -1  2  4  4  4  2  0 -1 -2 -3 -3	
 5104.449  225.121
-20-18-17-13  4 21 25 21 15 10 -6-21-22 * -5 -6 -4 -3 -1  2  3  5  4  3  0 -3 -4	
-11-10 -9 -7  2 11 13 11  8  5 -4-11-11 * -3 -3 -2 -2  0  1  2  3  2  1  0 -2 -2	
 5103.949  221.661
-16-18-16-12  3 17 20 16 11  6  1 -5-13 *  0  0 -1  0 -1  0  3  0  0  0  0  1  1	
 -9-10 -9 -6  2  9 11  9  6  3  0 -3 -7 *  0  0  0  0 -1  0  2  0  0  0  0  0  1	
 5104.149  223.321
-16-17-16 -8  8 20 19 16 10  2 -6-12-15 * -3 -3 -3 -2  1  3  3  3  2  1  0 -1 -2	
-10 -9 -7 -2  6 12 12 10  6  0 -4 -8-10 * -2 -2 -1  0  0  2  2  2  1  0  0 -1 -2	
