Calais 	
 5038.569  102.121
-10 -5  2  8 10  9  8  4  0 -6-10-11-11 *-10 -4  5 12 12  9  4 -1 -7-11-13-13-11	
 -6 -3  2  5  6  6  6  5  0 -4 -7 -8 -8 * -6 -2  4  7  8  6  3 -1 -4 -8 -9 -9 -8	
 5041.805  102.033
-11 -7  1  7 10 11  9  6  2 -4 -9-11-12 *-11 -5  4 12 13 10  4  0 -7-11-13-13-12	
 -7 -4  0  4  6  7  8  6  1 -3 -6 -8 -8 * -7 -3  4  7  8  6  4  0 -5 -8 -9 -9 -8	
 5045.040  101.945
-12 -8 -1  5  9 12 11  9  5 -1 -7-11-12 *-12 -6  3 11 13 11  5  0 -6-11-13-14-13	
 -7 -5 -1  3  6  8  8  7  3 -1 -5 -7 -8 * -7 -4  3  7  8  7  4  0 -5 -8 -9 -9 -8	
 5048.275  101.857
-12 -9 -2  3  7 12 12 11  7  2 -4 -9-12 *-12 -7  1  9 12 12  7  2 -4 -9-12-13-13	
 -7 -6 -3  2  4  7  9  9  6  1 -3 -6 -8 * -7 -4  1  6  7  7  5  1 -3 -7 -8 -9 -8	
 5051.510  101.768
-11 -9 -4  0  5 11 12 12  9  4 -2 -8-11 *-12 -8  0  7 11 12  8  3 -2 -7-10-12-13	
 -7 -6 -4  0  3  6  8  9  7  3 -1 -5 -7 * -7 -5  0  4  6  7  5  3 -2 -5 -7 -8 -8	
 5054.745  101.678
-10 -9 -4 -1  3  9 11 10  8  4 -1 -6 -9 *-11 -7 -1  5  9 11  8  5  0 -4 -8-11-11	
 -6 -6 -4 -1  2  5  7  8  7  3 -1 -4 -6 * -7 -5 -1  3  5  6  5  3  0 -3 -5 -6 -7	
 5057.980  101.589
 -7 -7 -5 -3  2  6  8  8  6  3  0 -4 -7 * -8 -5 -1  4  6  8  6  4  1 -2 -5 -7 -8	
 -4 -5 -4 -1  1  3  5  6  5  3  0 -2 -4 * -5 -4 -1  2  3  4  4  3  1 -2 -3 -4 -5	
 5101.215  101.500
 -5 -6 -5 -4  0  4  6  7  5  3  0 -2 -4 * -4 -2  0  2  3  3  2  1  0 -1 -2 -3 -4	
 -3 -4 -4 -2  0  2  4  4  3  2  0 -1 -3 * -2 -2  0  1  1  2  1  1  0 -1 -1 -2 -2	
 5038.623  107.209
 -9 -5  2  7  9  9  7  4  0 -5 -9-10-10 *-11 -6  3 10 12 10  5  1 -5 -9-12-12-11	
 -6 -3  2  4  5  6  6  4  0 -3 -6 -7 -7 * -6 -3  3  6  7  6  4  1 -3 -6 -8 -8 -8	
 5041.859  107.127
-11 -6  0  6  9 10  9  6  2 -3 -8-11-11 *-12 -7  2 10 13 11  6  1 -5 -9-12-13-13	
 -6 -4  0  4  5  6  7  5  1 -2 -5 -7 -7 * -7 -4  2  6  7  7  5  1 -3 -6 -8 -9 -8	
 5045.094  107.045
-11 -8 -1  5  9 11 10  8  4 -1 -6-10-12 *-13 -8  1 10 13 12  7  2 -4 -9-12-13-13	
 -7 -4 -1  3  5  7  8  7  3 -1 -4 -7 -7 * -7 -4  1  6  8  7  5  2 -3 -6 -8 -9 -9	
 5048.329  106.962
-12 -9 -3  2  7 11 12 10  7  2 -4 -9-12 *-13 -9  0  8 13 13  9  4 -2 -7-11-13-14	
 -7 -5 -3  1  4  7  8  8  5  1 -3 -6 -7 * -8 -5  0  5  7  8  6  3 -2 -5 -7 -9 -9	
 5051.564  106.879
-12-10 -5  0  5 11 12 11  8  4 -3 -8-11 *-13-10 -2  6 11 13 10  6  0 -5-10-12-13	
 -7 -6 -4  0  3  6  8  8  7  3 -2 -5 -7 * -8 -6 -2  4  6  8  7  4  0 -4 -6 -8 -8	
 5054.800  106.796
-11-10 -6 -2  4 10 12 11  8  4 -2 -7-10 *-12 -9 -3  4  9 12 10  7  2 -2 -7-11-12	
 -7 -6 -5 -1  2  5  7  8  7  3 -1 -4 -6 * -7 -6 -2  2  5  7  6  5  2 -2 -4 -6 -8	
 5058.034  106.712
-10-10 -7 -3  3  8 10 10  7  3 -1 -6 -9 * -9 -8 -3  3  7  9  8  6  3 -1 -5 -8 -9	
 -6 -6 -5 -2  1  5  6  7  5  3 -1 -4 -6 * -6 -5 -2  1  3  5  5  4  2 -1 -3 -5 -6	
 5101.269  106.629
 -9-10 -8 -4  2  7  9  9  7  3 -1 -4 -7 * -5 -4 -2  2  3  4  4  3  2  0 -1 -3 -5	
 -5 -5 -4 -2  1  4  5  5  4  2  0 -3 -5 * -3 -2 -1  1  2  2  2  2  1  0 -1 -2 -3	
 5038.674  112.297
 -8 -4  2  6  7  7  7  4  0 -4 -7 -9 -9 *-11 -8  0  7 11 11  9  4 -2 -6 -9-11-12	
 -5 -2  1  4  4  4  4  3  0 -3 -5 -6 -6 * -7 -4  0  4  6  7  6  3 -1 -4 -7 -8 -8	
 5041.909  112.221
-10 -7  0  5  8  9  8  6  2 -2 -6-10-10 *-13-10 -2  7 12 12  9  4 -1 -6 -9-12-13	
 -6 -3  0  3  5  5  5  4  1 -2 -4 -6 -6 * -7 -5  0  4  7  7  6  3 -1 -4 -6 -7 -8	
 5045.144  112.144
-11 -8 -2  4  8 10 10  8  4 -1 -6 -9-11 *-14-11 -2  8 13 14 10  5  0 -6-10-13-14	
 -6 -4 -1  2  4  6  6  5  3  0 -3 -6 -7 * -8 -5 -1  5  7  8  7  4  0 -4 -6 -8 -8	
 5048.380  112.068
-12-10 -4  2  7 11 11 10  6  2 -4 -9-11 *-15-11 -3  7 13 15 11  6  1 -5-10-13-15	
 -7 -5 -3  1  4  6  7  7  5  1 -3 -5 -7 * -8 -6 -2  4  7  8  7  5  1 -3 -6 -8 -9	
 5051.615  111.991
-12-11 -6 -1  5 11 12 11  7  3 -3 -8-12 *-14-12 -4  5 11 15 12  8  3 -3 -9-12-14	
 -7 -6 -4  0  3  6  8  8  6  2 -2 -5 -7 * -8 -7 -3  3  6  8  8  6  2 -2 -5 -7 -9	
 5054.850  111.913
-12-12 -9 -3  4 11 13 12  8  4 -2 -8-12 *-13-11 -5  3  9 14 12  9  4 -1 -7-11-13	
 -8 -7 -6 -2  2  6  8  8  7  3 -1 -5 -7 * -8 -7 -3  1  5  7  7  6  3 -1 -4 -6 -8	
 5058.085  111.836
-13-14-11 -4  4 11 14 13  9  4 -2 -8-12 *-11-10 -5  2  7 11 11  8  4  0 -5 -9-11	
 -8 -8 -6 -2  2  6  8  8  7  3 -1 -5 -7 * -7 -6 -3  1  4  6  6  6  3  0 -3 -5 -7	
 5101.320  111.758
-13-15-12 -4  5 12 14 13  9  4 -2 -8-12 * -8 -8 -4  2  6  8  8  6  3  0 -3 -6 -8	
 -8 -8 -5 -2  3  6  8  7  5  2 -2 -5 -8 * -5 -4 -2  1  4  5  4  4  2  0 -2 -4 -5	
 5038.720  117.386
 -6 -4  1  4  5  5  5  3  1 -2 -4 -6 -6 *-12-11 -6  2  8 13 13  9  3 -2 -6-10-12	
 -4 -2  0  3  3  3  3  2  1 -1 -3 -4 -4 * -8 -6 -2  1  5  7  7  5  2 -2 -5 -7 -8	
 5041.956  117.315
 -9 -7 -1  3  6  8  7  5  2 -1 -4 -8 -9 *-14-14 -8  2 10 14 14 10  4 -1 -6-10-14	
 -5 -3  0  2  4  4  4  3  1 -1 -3 -5 -5 * -8 -6 -3  2  5  7  7  5  2 -1 -4 -6 -8	
 5045.191  117.244
-11 -9 -3  3  7  9  9  7  4  0 -4 -8-11 *-16-15 -8  4 12 16 14 10  4 -2 -7-12-16	
 -6 -4 -1  2  4  5  5  4  2  0 -2 -5 -6 * -8 -7 -3  2  6  8  8  6  2 -1 -4 -7 -8	
 5048.427  117.173
-11-10 -5  1  6 10 11  9  6  2 -3 -8-11 *-17-15 -8  3 12 17 15 10  4 -2 -9-13-17	
 -6 -5 -3  0  3  5  6  6  4  1 -2 -5 -6 * -9 -8 -4  2  7  9  9  7  3 -1 -5 -8 -9	
 5051.662  117.102
-12-12 -8 -2  5 11 13 11  7  3 -2 -8-12 *-16-15 -9  1 11 17 16 11  5 -1 -8-13-16	
 -7 -7 -5 -1  3  6  8  8  6  3 -1 -4 -7 *-10 -8 -5  1  6  9  9  8  4 -1 -4 -7 -9	
 5054.897  117.031
-14-15-12 -5  4 12 15 14  9  4 -2 -8-13 *-14-14 -9 -1  8 15 16 12  6  1 -6-11-14	
 -9 -9 -7 -3  2  6  9  9  8  4 -1 -4 -8 * -9 -8 -5  0  4  8  9  8  5  1 -2 -6 -8	
 5058.132  116.959
-16-18-15 -7  5 14 18 16 11  5 -2-10-15 *-12-13 -9 -1  7 14 15 12  6  1 -5-10-12	
-10-10 -8 -3  3  7 10 10  8  4 -1 -5 -9 * -8 -7 -5 -1  4  7  8  7  5  1 -2 -5 -7	
 5101.367  116.887
-18-20-16 -4  8 16 20 17 11  4 -4-12-17 *-12-11 -7  1  8 13 13 10  5  0 -5 -9-12	
-12-10 -6 -1  5  9 10  9  6  2 -3 -8-11 * -7 -6 -3  0  6  7  7  5  3  0 -3 -6 -7	
 5104.603  116.815
-19-20-15  0 10 17 19 17 11  3 -5-12-18 *-11-10 -6  3  9 13 12  9  4 -2 -5 -9-11	
-12-10 -4  0  7 10 10  8  5  1 -4 -9-11 * -7 -5 -2  3  7  8  6  4  1 -1 -4 -6 -7	
 5038.763  122.475
 -4 -3  0  3  2  3  3  2  1  0 -1 -3 -4 *-14-14-10 -1  7 15 19 14  6  0 -5-10-13	
 -3 -2  0  1  2  2  2  1  1  0 -1 -2 -3 * -9 -8 -4  0  5  9 10  8  5  0 -5 -7 -9	
 5041.999  122.410
 -7 -6 -2  2  4  5  5  4  2  0 -2 -5 -7 *-17-17-12 -1  9 17 19 14  8  1 -5-11-15	
 -4 -3 -1  1  2  3  3  2  1  0 -2 -3 -4 *-10 -9 -5  0  5  9 10  8  5  0 -4 -7 -9	
 5045.234  122.345
 -9 -8 -3  2  5  7  7  6  3  0 -3 -6 -9 *-20-20-13  0 12 19 19 14  8  1 -7-13-19	
 -5 -4 -1  1  3  4  4  3  2  0 -2 -3 -5 *-10-10 -6  0  6 10 10  8  5  1 -4 -7-10	
 5048.470  122.279
-10-10 -6  0  5  9 10  8  5  2 -2 -6-10 *-21-22-14 -1 12 20 20 15  9  1 -7-15-20	
 -6 -5 -3  0  3  5  6  5  3  1 -1 -4 -5 *-12-11 -7  0  7 11 12 10  6  1 -4 -8-11	
 5051.705  122.214
-13-14-10 -4  4 10 13 12  8  3 -1 -6-12 *-21-22-16 -4  9 19 21 17 10  2 -6-14-19	
 -8 -8 -6 -2  2  5  7  8  6  3 -1 -4 -7 *-12-12 -9 -2  5 10 12 11  8  2 -3 -7-11	
 5054.940  122.148
-15-18-16 -8  3 13 18 16 11  5  1 -7-14 *-17-20-17 -7  6 17 21 18 11  4 -4-11-17	
 -9-10 -9 -4  1  6  9 10  9  5  0 -3 -8 *-11-11 -9 -4  3  8 11 11  8  4 -2 -5 -9	
 5058.176  122.083
-18-22-20-10  4 16 21 20 13  6 -1-10-17 *-14-17-15 -7  4 15 19 17 10  4 -4-10-14	
-11-12-10 -4  2  7 11 12 10  6  0 -4 -9 * -9 -9 -7 -3  2  7 10 10  7  3 -1 -4 -8	
 5101.411  122.017
-21-23-18 -5  9 19 23 21 14  5 -4-14-20 *-15-16-12 -2  8 16 18 14  7  1 -6-11-15	
-13-11 -6  0  6 10 12 10  7  2 -3 -9-12 * -9 -8 -4  0  6  9  9  7  4  0 -4 -7 -9	
 5104.647  121.951
-23-23-17  1 12 20 23 20 13  4 -6-15-22 *-16-15 -9  2 11 17 17 13  6 -3 -7-12-15	
-14-11 -4  2  9 12 12  9  4  2 -5-11-13 *-10 -7 -2  4  9 10  9  6  2 -1 -6 -9-10	
 5038.803  127.564
 -1  0  1  1  1  1  1  1  0  0 -1 -1 -1 *-16-14 -7  4 12 18 20 14  7 -1 -7-13-16	
  0  0  0  1  1  1  1  0  0  0 -1 -1  0 * -9 -7 -2  3  9 11 11  8  4 -1 -5 -8-10	
 5042.039  127.504
 -4 -3 -1  2  3  4  3  2  1  0 -2 -3 -4 *-19-18-11  1 12 20 21 15  8  0 -7-14-18	
 -2 -2  0  1  2  2  2  1  1  0 -1 -2 -2 *-11 -9 -5  1  8 11 11  9  5  0 -5 -8-11	
 5045.274  127.445
 -7 -6 -3  2  4  6  6  5  2  0 -2 -5 -7 *-23-22-14  0 13 22 22 17 10  1 -7-15-21	
 -4 -3 -1  1  3  3  3  3  2  0 -2 -3 -4 *-13-11 -7  0  8 12 13 10  6  0 -5 -9-12	
 5048.510  127.385
-10-10 -6  0  5  8  9  8  5  2 -2 -6 -9 *-25-27-19 -4 12 23 25 20 13  3 -7-16-23	
 -6 -5 -3  0  3  5  5  5  3  1 -1 -3 -5 *-15-14 -9 -1  7 13 15 13  8  2 -4 -9-14	
 5051.745  127.326
-14-15-11 -4  4 11 13 12  8  4  0 -6-12 *-27-30-24 -9 10 24 28 25 17  6 -4-15-24	
 -8 -8 -6 -1  2  6  8  7  5  2  0 -3 -7 *-16-16-12 -3  6 13 17 15 10  4 -3 -9-14	
 5054.980  127.266
-17-20-17 -8  4 14 18 17 12  6  1 -8-15 *-24-29-25-12  6 21 28 25 18  8 -2-13-22	
-10-11 -9 -4  2  7 10 10  8  4  0 -4 -9 *-15-16-13 -5  3 11 16 15 11  5 -1 -6-12	
 5058.215  127.206
-18-22-20-10  5 16 22 20 14  6 -1-10-17 *-19-23-21-11  4 18 24 22 15  6 -2-11-18	
-11-12-10 -4  3  8 11 12  9  5  0 -5-10 *-12-13-10 -5  2  9 12 12  9  5 -1 -5-10	
 5101.451  127.146
-20-23-19 -7  7 18 22 21 14  6 -3-12-19 *-18-20-17 -8  6 17 20 18 12  4 -3-11-17	
-12-12 -8 -2  5 10 11 11  7  3 -2 -7-11 *-11-10 -7 -2  4  9 10  9  6  2 -2 -6-10	
 5104.686  127.086
-21-23-18 -6  8 17 22 20 14  6 -3-12-19 *-17-18-15 -6  7 16 19 17 10  3 -4-11-16	
-13-12 -7  0  6 10 11 10  7  2 -2 -7-11 *-10 -9 -6  0  5  9 10  8  5  1 -3 -7 -9	
 5107.921  127.025
-18-21-18 -8  5 14 19 18 13  6  0 -8-16 *-17-17-15 -6  6 16 20 17 11  3 -4-10-16	
-12-12 -8 -2  4  9 11 10  8  4  0 -5-10 *-11-10 -7 -2  5 10 11 10  7  2 -2 -6-10	
 5111.156  126.965
-14-17-17 -9  3 11 16 16 12  6  2 -5-12 *-15-17-15 -7  5 15 19 17 11  4 -3-10-14	
-11-12 -9 -4  2  7 10 10  8  5  1 -3 -8 *-11-11 -8 -3  4  9 12 11  8  3 -2 -6-10	
 5038.839  132.654
  2  3  3  2  2  1  0  0 -1 -1 -1  0  1 *-17-13 -1  9 15 19 19 13  6 -2-10-15-17	
  1  1  1  1  1  1  0  0  0 -1 -1  0  1 * -9 -4  0  6 12 13 10  7  2 -1 -5 -9-10	
 5042.074  132.599
 -2 -1  0  2  3  3  3  2  0 -1 -3 -3 -3 *-20-17 -8  6 15 22 21 15  7 -1 -9-16-19	
 -1  0  0  2  2  2  2  1  0 -1 -2 -2 -1 *-11 -8 -3  4 10 13 12  8  4 -1 -6-10-11	
 5051.781  132.438
-15-15-11 -3  7 13 15 13  9  3 -2 -9-13 *-30-33-25 -9 13 28 31 28 19  7 -5-17-27	
 -9 -9 -5  0  4  8  9  8  5  1 -2 -6 -8 *-18-18-12 -2  8 17 20 17 10  3 -4-11-17	
 5055.016  132.384
-18-19-16 -6  7 16 20 18 12  5 -3-12-17 *-29-32-27-12 10 26 31 28 20  8 -3-16-26	
-11-11 -8 -2  5 10 12 11  7  3 -2 -7-11 *-18-18-13 -3  6 15 19 17 11  4 -2 -9-16	
 5058.252  132.330
-18-20-18 -8  7 17 21 20 14  6 -4-13-17 *-23-26-23-11  7 21 25 23 16  7 -2-13-21	
-12-12 -9 -3  5 10 13 12  8  4 -2 -7-11 *-15-15-11 -4  4 12 15 14  9  4 -1 -7-13	
 5101.488  132.275
-18-21-19 -9  5 16 21 20 15  7 -2-11-17 *-18-21-20-11  4 15 20 20 15  7 -1 -9-16	
-11-11 -9 -3  4  9 11 11  8  4 -1 -6-10 *-11-11 -9 -4  3  9 11 10  8  4  0 -5-10	
 5104.722  132.221
-18-22-20-11  3 14 20 20 15  8  1 -8-16 *-17-19-19-11  2 13 18 19 14  8  0 -7-15	
-10-11 -9 -4  3  8 10 10  8  4  0 -4 -9 * -9-10 -8 -4  2  7 10 10  8  4  0 -4 -8	
 5107.957  132.166
-17-21-20-13  1 12 18 18 15  9  2 -5-14 *-17-20-19-11  2 14 20 19 15  7  0 -8-15	
-11-13-11 -5  1  7 11 11  9  6  3 -3 -8 *-11-12-10 -5  2  8 12 12  9  5  0 -5 -9	
 5111.192  132.112
-14-19-20-13  0 11 17 17 14  8  3 -4-12 *-17-20-19-11  3 15 21 19 14  6  0 -9-15	
-11-13-11 -6  0  7 10 11 10  7  3 -2 -8 *-12-13-11 -5  3  9 13 13 10  5  0 -5-10	
 5055.049  137.502
-18-16-15 -5 12 19 21 19 13  3 -9-18-18 *-28-27-22 -7 14 28 29 24 15  3 -7-18-26	
-12-10 -7  0  8 12 15 12  7  1 -6-12-13 *-19-17-10  0  9 18 20 15  7  1 -5-12-19	
 5058.285  137.453
-18-18-18 -7 10 20 22 20 15  4 -7-16-18 *-22-23-20 -8  9 22 24 20 14  5 -4-14-20	
-13-12 -8 -1  7 12 15 13  8  2 -4-11-13 *-16-14 -9 -1  6 14 16 13  7  3 -3 -9-15	
 5101.520  137.405
-18-20-19-10  6 17 20 19 15  7 -2-11-16 *-17-19-18-10  4 15 18 18 14  7  0 -8-15	
-11-12 -9 -3  4 10 12 11  8  4 -2 -7-10 *-11-11 -9 -3  3  9 11 10  8  4  0 -5-10	
 5104.755  137.356
-17-20-20-13  1 13 19 19 15  9  2 -7-14 *-15-18-18-12  1 11 16 17 15  9  2 -5-13	
-10-11-10 -5  2  7 10 11  9  5  1 -4 -8 * -9-10 -9 -5  1  6  9 10  8  5  1 -3 -7	
 5107.990  137.308
-16-20-21-15 -1 12 18 18 15 10  3 -4-13 *-16-20-20-13  1 12 18 18 15  9  2 -6-13	
-10-12-11 -7 -1  7 10 11 10  6  2 -3 -8 *-10-12-11 -6  1  7 11 11 10  6  1 -4 -8	
 5111.225  137.259
-14-19-21-16 -2 10 17 17 15 10  4 -3-11 *-16-20-21-13  2 14 20 19 15  8  1 -7-14	
-10-13-12 -8 -2  6 10 11 10  7  4 -2 -8 *-12-13-12 -7  2  8 12 12 11  6  1 -5-10	
 5058.314  142.577
-18-17-16 -6 12 21 21 18 13  3 -9-17-18 *-18-17-15 -5 10 20 19 15 10  2 -5-12-17	
-13-12 -8 -1  8 14 16 13  8  2 -6-12-14 *-14-12 -8 -1  6 13 15 11  6  1 -3 -9-13	
 5101.549  142.534
-17-18-17 -9  7 18 19 17 14  6 -3-11-16 *-14-15-15 -8  4 13 16 14 11  5 -1 -7-12	
-12-12 -9 -3  5 11 13 12  8  3 -3 -9-12 *-10-10 -8 -3  3  8 11 10  7  3 -1 -5 -9	
 5104.784  142.492
-15-19-19-13  2 14 17 16 15 10  2 -6-13 *-12-16-16-12  1 10 15 15 13  8  3 -4-10	
-10-12-10 -6  2  8 11 11  9  5  0 -5 -9 * -8-10 -9 -5  0  6 10 10  8  4  1 -3 -7	
 5108.019  142.449
-15-19-21-16 -2 11 17 17 15 11  4 -4-12 *-13-18-19-13  1 11 16 16 14  9  2 -5-11	
-10-12-12 -8 -2  7 10 11 10  7  2 -3 -8 * -9-11-11 -6  1  6 10 11  9  5  1 -4 -8	
 5111.253  142.406
-14-20-22-18 -4 10 18 18 16 11  4 -3-11 *-15-19-21-14  1 13 18 17 15  9  1 -6-13	
-11-13-13 -9 -3  6 11 12 11  8  4 -3 -8 *-11-13-12 -7  1  8 11 12 10  6  1 -5 -9	
 5101.574  147.664
-16-17-16 -8  8 19 18 15 13  6 -4-11-15 *-10-11-11 -6  4 11 12 10  8  3 -1 -6 -9	
-12-12 -9 -3  5 12 14 12  9  3 -3 -9-12 * -8 -8 -6 -2  2  7  9  8  5  2 -1 -4 -7	
 5104.809  147.627
-15-17-17-12  3 14 15 14 15 10  2 -5-12 * -9-12-13-11 -1  8 12 11 11  6  3 -3 -8	
-10-11-10 -5  1  8 11 11  9  5  0 -5 -9 * -7 -8 -8 -5  0  5  9  9  6  3  1 -3 -6	
 5108.044  147.590
-14-19-20-16 -2 11 17 17 16 11  4 -4-12 *-11-15-17-13 -1  9 14 14 12  8  2 -4 -9	
-10-12-12 -8 -1  6 11 12 10  7  2 -4 -8 * -8-10-10 -6  0  5  9 10  8  5  1 -3 -7	
 5111.279  147.553
-14-19-22-18 -4 10 18 19 17 11  4 -3-11 *-13-18-20-15  0 11 17 16 13  8  1 -5-11	
-11-13-13 -9 -4  6 11 12 11  8  4 -3 -8 *-10-12-12 -8  0  7 10 10  9  6  1 -5 -8	
 5101.595  152.794
-16-17-15 -7  9 20 20 16 12  4 -5-12-15 * -8 -8 -8 -4  3  9 10  8  5  2 -2 -5 -7	
-13-12 -9 -3  6 12 14 12  9  3 -4 -9-12 * -6 -6 -5 -2  2  5  7  6  4  2 -1 -4 -6	
 5104.830  152.763
-16-18-18-11  4 16 18 16 14  8 -1 -8-14 * -8-10-10 -8  0  7 10 10  8  5  1 -3 -7	
-11-12-10 -5  2  9 12 12  9  5 -1 -6-10 * -5 -6 -6 -4  0  4  7  7  5  3  1 -2 -5	
 5108.065  152.732
-15-19-20-15 -1 12 18 18 16 10  2 -6-13 * -9-12-14-11 -2  7 12 12 11  7  2 -3 -8	
-10-12-11 -7  0  6 11 12 10  6  1 -4 -8 * -6 -8 -8 -5 -1  4  7  8  6  4  1 -2 -5	
 5111.300  152.701
-14-19-21-17 -5  9 19 20 18 11  4 -4-12 *-11-15-17-14 -2  9 15 15 13  8  2 -4 -9	
-10-12-12 -8 -3  5 10 12 11  8  4 -2 -8 * -8-10-10 -7 -1  5  8  9  8  5  2 -3 -6	
 5101.613  157.924
-15-16-15 -6 10 20 21 16 11  3 -7-13-15 * -6 -6 -6 -3  3  7  8  6  4  1 -2 -4 -6	
-12-12 -9 -3  6 12 14 12  9  3 -4 -9-12 * -5 -5 -4 -1  2  4  5  5  3  1 -1 -3 -4	
 5104.848  157.899
-16-17-17-10  5 17 20 18 13  6 -3-10-15 * -7 -8 -9 -7  0  6  9  9  7  4  0 -3 -6	
-11-11-10 -5  3  9 12 12  9  5 -1 -6-10 * -5 -5 -5 -3  0  3  5  6  5  3  0 -2 -4	
 5108.083  157.873
-15-18-19-13  0 12 19 20 16  9  1 -8-14 * -8-10-12-10 -3  5 10 11 10  7  2 -3 -6	
 -9-10-10 -6  0  6 10 11  9  5  1 -3 -8 * -5 -6 -6 -4 -1  3  6  6  6  4  2 -1 -4	
 5111.318  157.848
-14-18-20-15 -4  9 19 21 18 11  3 -5-12 * -9-13-16-13 -4  7 13 14 13  8  3 -3 -8	
 -9-11-11 -8 -2  5 10 12 10  7  3 -2 -7 * -6 -8 -9 -7 -2  3  7  8  8  6  3 -1 -4	
 5101.627  203.055
-15-15-13 -6 10 20 21 16 10  2 -7-13-14 * -5 -5 -5 -2  3  7  7  6  3  1 -2 -4 -5	
-12-11 -9 -3  6 12 13 12  8  4 -4 -9-11 * -4 -4 -3 -1  2  4  5  4  3  1 -1 -3 -4	
 5104.862  203.035
-15-16-15 -8  6 18 21 18 13  5 -4-11-15 * -6 -8 -8 -6  0  6  9  8  6  4  1 -3 -6	
-11-11 -9 -4  3  9 12 12  9  5 -2 -7-10 * -4 -5 -5 -3  0  3  5  5  5  3  0 -2 -4	
 5108.097  203.015
-15-17-17-11  2 14 20 19 15  8  0 -8-14 * -8-10-12-10 -3  6 11 12 10  6  2 -3 -6	
-10-10-10 -6  1  7 11 11 10  6  0 -4 -8 * -5 -7 -7 -5 -2  3  6  7  6  5  2 -1 -4	
 5111.332  202.995
-14-17-17-13 -2 11 19 20 17 10  3 -6-12 * -9-13-16-14 -5  6 13 15 13  9  3 -3 -8	
 -9-10-10 -7 -1  5 10 11 10  8  3 -2 -7 * -6 -8 -9 -7 -3  3  6  8  8  7  4 -1 -4	
 5108.108  208.157
-15-17-16-10  3 15 20 19 14  7  0 -9-14 * -8-11-12-10 -2  6 11 12 10  6  2 -3 -6	
-10-11-10 -5  2  8 11 12 10  6  0 -5 -9 * -5 -7 -7 -5 -1  3  6  7  6  5  3 -1 -4	
 5111.342  208.143
-14-16-16-11  0 13 19 20 15  9  2 -6-13 * -9-13-16-14 -5  6 13 15 13  8  3 -2 -8	
 -9-10-10 -6  0  6 10 11 10  7  3 -3 -7 * -6 -9-10 -8 -3  3  7  8  8  7  4 -1 -4	
 5108.114  213.299
-16-18-17-10  4 16 21 19 15  7 -1 -9-15 * -8-11-11 -8 -1  7 11 11  9  5  1 -3 -7	
-11-11-10 -5  2  9 12 12 10  5 -1 -7-10 * -6 -7 -7 -4  0  4  7  7  6  4  2 -2 -5	
 5111.349  213.291
-15-17-16-11  1 14 20 19 15  8  1 -7-13 *-10-14-15-13 -3  7 13 14 12  8  3 -2 -8	
-10-11-10 -6  1  7 11 12 10  6  1 -5 -9 * -7 -9 -9 -7 -2  3  7  9  8  6  3 -2 -5	
 5108.117  218.441
-17-19-19-12  4 17 21 20 16  7 -1 -9-15 * -8-10-10 -6  2  8 11 10  7  3  0 -4 -7	
-12-12-11 -5  3 10 14 13  9  5 -3 -9-12 * -6 -6 -6 -3  1  5  7  7  4  2  0 -3 -5	
 5111.352  218.439
-16-18-18-12  2 15 20 20 16  9  0 -7-14 *-10-13-14-10 -1  8 12 13 11  6  2 -3 -8	
-11-11-10 -6  1  8 12 13 10  6  0 -6-10 * -7 -8 -8 -5 -1  4  7  8  6  4  2 -3 -6	
 5108.117  223.583
-14-16-16-10  4 16 20 18 14  7 -1 -8-13 * -7 -8 -8 -5  1  7  9  8  6  3  0 -3 -6	
-11-10 -9 -5  3  9 13 12  9  5 -1 -7-10 * -5 -5 -5 -2  1  4  6  5  4  2  0 -3 -5	
 5111.352  223.587
-13-15-15-10  2 14 19 18 14  8  1 -6-12 * -8-11-12 -9 -2  6 10 10  9  5  2 -3 -7	
-10-10 -9 -5  1  8 11 12  9  5  1 -5 -9 * -6 -7 -7 -5 -1  3  6  7  5  4  1 -2 -5	
