Concarneau               	
 4700.755 -438.874
 -4 -1  3  5  7  6  4  1 -2 -5 -6 -6 -4 *  4  6  7  6  3  0 -3 -6 -7 -6 -4 -1  3
 -2 -1  1  3  4  3  2  1 -1 -2 -3 -3 -2 *  3  4  4  3  2  0 -2 -3 -4 -3 -2 -1  1
 4700.755 -435.254
 -4 -1  3  5  6  6  4  1 -2 -5 -6 -6 -4 *  4  6  7  6  3  0 -3 -6 -7 -6 -4  0  3
 -2 -1  1  3  3  3  2  1 -1 -2 -3 -3 -2 *  3  3  4  3  2  0 -2 -3 -3 -3 -2 -1  1
 4700.755 -431.634
 -4 -1  3  5  7  6  4  1 -2 -5 -6 -6 -4 *  4  6  6  5  3  0 -3 -6 -6 -6 -3  0  3
 -2  0  1  3  4  3  2  1 -1 -2 -3 -3 -2 *  3  3  4  3  2  0 -2 -3 -3 -3 -2  0  1
 4700.755 -428.014
 -3 -1  3  5  6  6  4  1 -2 -5 -6 -6 -4 *  4  6  6  5  3  0 -3 -6 -6 -6 -4  0  3
 -2  0  1  3  3  3  2  1 -1 -2 -3 -3 -2 *  2  3  3  3  1  0 -2 -3 -3 -3 -2 -1  1
 4700.755 -424.394
 -3  0  3  5  6  6  4  1 -2 -4 -6 -5 -4 *  3  5  6  5  3  0 -3 -5 -6 -6 -3  0  2
 -2  0  1  3  3  3  2  1 -1 -2 -2 -3 -2 *  2  3  3  3  1  0 -2 -3 -3 -3 -2 -1  1
 4700.755 -420.774
 -3  0  3  5  6  6  4  1 -2 -4 -5 -5 -3 *  3  5  6  5  3  0 -3 -5 -6 -5 -3  0  2
 -2  0  1  3  3  3  2  1 -1 -2 -2 -3 -2 *  2  3  3  2  1  0 -2 -3 -3 -3 -2  0  1
 4700.755 -417.154
 -3  0  3  5  6  5  4  1 -2 -4 -5 -5 -3 *  3  5  5  5  3  0 -3 -5 -6 -5 -3  0  2
 -2  0  1  3  3  3  2  1 -1 -2 -2 -2 -2 *  2  3  3  2  1  0 -2 -3 -3 -3 -2  0  1
 4700.755 -413.534
 -3  0  2  5  6  5  4  1 -2 -4 -5 -5 -3 *  3  5  5  4  2  0 -3 -5 -6 -5 -3  0  2
 -2  0  1  2  3  3  2  1 -1 -2 -2 -2 -2 *  2  3  3  2  1  0 -2 -3 -3 -3 -2  0  1
 4700.755 -409.914
 -3  0  2  5  6  5  4  1 -2 -4 -5 -5 -3 *  3  5  5  4  2  0 -3 -5 -5 -5 -3  0  2
 -2  0  1  2  3  3  2  1 -1 -2 -2 -3 -2 *  2  3  3  2  1  0 -2 -3 -3 -3 -2  0  1
 4700.755 -406.293
 -3  0  2  5  6  5  3  1 -2 -4 -5 -5 -3 *  3  5  5  4  2  0 -3 -5 -5 -5 -3  0  2
 -2  0  1  2  3  3  2  1 -1 -2 -2 -2 -2 *  2  3  3  2  1  0 -2 -3 -3 -2 -2  0  1
 4700.755 -402.673
 -3  0  2  5  6  5  3  1 -2 -4 -5 -5 -3 *  3  4  5  4  2  0 -3 -4 -5 -5 -3  0  2
 -1  0  1  2  3  3  2  1 -1 -2 -2 -2 -2 *  2  2  2  2  1  0 -2 -2 -3 -2 -2  0  1
 4700.755 -359.053
 -3  0  2  4  5  5  3  1 -2 -4 -5 -4 -3 *  3  4  5  4  2  0 -3 -4 -5 -5 -3  0  2
 -1  0  1  2  3  3  2  1 -1 -1 -2 -2 -2 *  2  2  2  2  1  0 -2 -2 -3 -2 -1  0  1
 4700.755 -355.433
 -3  0  2  4  5  5  3  1 -2 -4 -5 -4 -3 *  3  4  5  4  2  0 -3 -4 -5 -4 -3  0  2
 -1  0  1  2  3  3  2  1 -1 -1 -2 -2 -2 *  2  2  2  2  1  0 -1 -2 -3 -2 -1  0  1
 4700.755 -351.813
 -3  0  2  4  5  5  3  1 -2 -4 -5 -4 -3 *  3  4  5  4  2  0 -3 -4 -5 -4 -3  0  2
 -1  0  1  2  3  3  2  0 -1 -2 -2 -2 -2 *  2  2  2  2  1  0 -1 -2 -2 -2 -1  0  1
 4700.755 -348.193
 -3  0  2  4  5  5  3  1 -2 -4 -5 -4 -3 *  3  4  4  3  2  0 -3 -4 -5 -4 -3  0  2
 -1  0  1  2  3  3  2  0 -1 -1 -2 -2 -2 *  2  2  2  2  1  0 -2 -2 -2 -2 -1  0  1
 4700.755 -344.573
 -2  0  2  4  5  5  3  1 -2 -4 -5 -4 -3 *  3  4  4  3  2  0 -3 -4 -5 -4 -2  0  2
 -1  0  1  2  3  3  2  0 -1 -2 -2 -2 -2 *  2  2  2  2  1  0 -1 -2 -2 -2 -1  0  1
 4700.756 -340.953
 -2  0  2  4  5  5  3  0 -2 -4 -5 -4 -3 *  3  4  4  3  2  0 -2 -4 -4 -4 -2  0  2
 -1  0  1  2  3  2  2  0 -1 -1 -2 -2 -2 *  2  2  2  2  1  0 -1 -2 -2 -2 -1  0  1
 4700.756 -337.333
 -2  0  2  4  5  5  3  0 -2 -4 -5 -4 -3 *  2  4  4  3  2  0 -2 -4 -4 -4 -2  0  2
 -1  0  1  2  3  2  1  0 -1 -1 -2 -2 -2 *  1  2  2  2  1  0 -1 -2 -2 -2 -1  0  1
 4700.756 -333.713
 -2  0  2  4  5  4  3  0 -2 -4 -4 -4 -2 *  2  3  4  3  2  0 -2 -4 -4 -4 -2  0  2
 -1  0  1  2  3  2  1  0 -1 -1 -2 -2 -2 *  1  2  2  1  1  0 -1 -2 -2 -2 -1  0  1
 4700.756 -330.093
 -2  0  2  4  5  4  3  0 -2 -4 -5 -4 -2 *  2  3  3  3  1  0 -2 -4 -4 -4 -2  0  1
 -1  0  1  2  3  2  1  0 -1 -1 -2 -2 -2 *  1  2  2  1  1  0 -1 -2 -2 -2 -1  0  1
 4700.756 -326.473
 -2  0  2  4  5  4  3  0 -2 -4 -4 -4 -2 *  2  3  3  3  1  0 -2 -3 -4 -3 -2  0  1
 -1  0  1  2  3  2  1  0 -1 -1 -2 -2 -2 *  1  2  2  1  1  0 -1 -2 -2 -2 -1  0  1
 4700.756 -322.853
 -2  0  2  4  5  4  3  0 -2 -4 -5 -4 -2 *  2  3  3  3  2  0 -2 -3 -4 -3 -2  0  2
 -1  0  1  2  3  2  1  0 -1 -1 -2 -2 -2 *  1  2  2  1  1  0 -1 -2 -2 -2 -1  0  1
 4700.756 -319.233
 -2  0  3  4  5  4  3  0 -2 -4 -5 -4 -2 *  2  3  3  3  2  0 -2 -3 -3 -3 -2  0  2
 -1  0  1  2  3  2  1  0 -1 -2 -2 -2 -2 *  1  2  2  1  1  0 -1 -2 -2 -1 -1  0  1
 4700.756 -315.613
 -2  0  3  5  5  5  3  0 -3 -4 -5 -4 -2 *  2  3  4  3  2  0 -2 -3 -3 -3 -2  0  2
 -1  0  1  3  3  2  1  0 -1 -2 -2 -2 -2 *  1  2  2  2  1  0 -1 -2 -2 -1 -1  0  1
 4700.756 -311.992
 -2  0  3  5  5  5  3  0 -3 -5 -5 -5 -3 *  2  4  4  3  2  1 -1 -3 -3 -3 -2  0  2
 -1  0  1  3  3  3  1  0 -1 -2 -2 -2 -2 *  1  2  2  2  1  0 -1 -1 -2 -1 -1  0  1
 4700.756 -308.372
 -2  0  3  5  6  5  3  0 -3 -5 -6 -5 -3 *  3  4  4  4  2  1 -1 -3 -3 -3 -2  0  2
 -1  0  1  3  3  3  1  0 -1 -2 -2 -2 -2 *  2  2  2  2  1  0 -1 -1 -2 -1 -1  0  1
 4700.756 -304.752
 -2  0  3  6  6  5  3 -1 -3 -5 -6 -5 -3 *  3  4  4  4  3  1 -1 -3 -4 -4 -2  0  2
 -1  0  1  3  3  3  1  0 -1 -2 -3 -3 -2 *  2  2  2  2  1  0 -1 -2 -2 -2 -1  0  1
 4700.756 -301.132
 -2  1  4  6  6  5  3 -1 -4 -6 -6 -5 -3 *  3  4  5  4  3  1 -2 -3 -4 -4 -3  0  2
 -1  0  2  3  4  3  1  0 -1 -2 -3 -3 -2 *  2  2  2  2  1  0 -1 -2 -2 -2 -1  0  1
 4700.756 -257.512
 -2  1  4  6  7  5  3 -1 -4 -6 -6 -5 -3 *  3  4  5  4  3  1 -2 -4 -5 -5 -3 -1  2
 -1  0  2  3  4  3  1  0 -1 -2 -3 -3 -2 *  2  2  2  2  1  0 -1 -2 -2 -2 -1  0  1
 4700.756 -253.892
 -2  1  4  6  6  5  3 -1 -4 -5 -6 -5 -3 *  3  4  5  4  3  1 -2 -4 -5 -5 -3 -1  2
 -1  0  2  3  4  3  1  0 -1 -2 -3 -3 -2 *  1  2  2  2  1  0 -1 -2 -3 -2 -1 -1  0
 4703.205 -437.064
 -4 -1  2  5  6  6  4  1 -2 -5 -6 -6 -4 *  4  6  7  6  3  0 -3 -6 -7 -6 -4 -1  3
 -2 -1  1  3  3  3  2  1 -1 -2 -3 -3 -2 *  3  3  4  3  2  0 -2 -3 -4 -3 -2 -1  1
 4703.205 -433.444
 -4 -1  2  5  6  6  4  1 -2 -5 -6 -6 -4 *  4  6  7  6  3  0 -3 -6 -7 -6 -4  0  3
 -2 -1  1  3  3  3  2  1 -1 -2 -3 -3 -2 *  3  3  4  3  2  0 -2 -3 -3 -3 -2 -1  1
 4703.205 -429.824
 -4 -1  2  5  6  6  4  1 -2 -5 -6 -6 -4 *  4  6  6  5  3  0 -3 -6 -7 -6 -4  0  3
 -2 -1  1  3  3  3  2  1 -1 -2 -3 -3 -2 *  2  3  3  3  2  0 -2 -3 -3 -3 -2 -1  1
 4703.205 -426.204
 -3 -1  2  5  6  6  4  1 -2 -4 -6 -5 -4 *  3  5  6  5  3  0 -3 -5 -6 -6 -4 -1  2
 -2 -1  1  3  3  3  2  1 -1 -2 -2 -3 -2 *  2  3  3  3  1  0 -2 -3 -3 -3 -2 -1  1
 4703.205 -422.584
 -3 -1  2  5  6  6  4  1 -2 -4 -5 -5 -3 *  3  5  5  5  3  0 -3 -5 -6 -5 -3 -1  2
 -2 -1  1  2  3  3  2  1 -1 -2 -2 -3 -2 *  2  3  3  2  1  0 -2 -3 -3 -3 -2 -1  1
 4703.205 -418.964
 -3 -1  2  5  6  5  4  1 -2 -4 -5 -5 -3 *  3  5  5  4  3  0 -3 -5 -6 -5 -3  0  2
 -2 -1  1  2  3  3  2  1 -1 -2 -2 -2 -2 *  2  3  3  2  1  0 -2 -3 -3 -3 -2  0  1
 4703.205 -415.344
 -3  0  2  5  6  5  4  1 -2 -4 -5 -5 -3 *  3  5  5  4  3  0 -3 -5 -5 -5 -3  0  2
 -2  0  1  2  3  3  2  1 -1 -2 -2 -2 -2 *  2  3  3  2  1  0 -2 -3 -3 -3 -2  0  1
 4703.205 -411.724
 -3  0  2  5  6  5  4  1 -2 -4 -5 -5 -3 *  3  5  5  4  2  0 -3 -5 -5 -5 -3  0  2
 -2 -1  1  2  3  3  2  1 -1 -2 -2 -2 -2 *  2  3  3  2  1  0 -2 -2 -3 -2 -2  0  1
 4703.205 -408.104
 -3  0  2  5  6  5  3  1 -2 -4 -5 -5 -3 *  3  4  5  4  2  0 -3 -5 -5 -5 -3  0  2
 -2  0  1  2  3  3  2  1 -1 -2 -2 -2 -2 *  2  3  3  2  1  0 -2 -2 -3 -2 -2  0  1
 4703.205 -404.483
 -3  0  2  4  5  5  3  1 -2 -4 -5 -5 -3 *  3  4  5  4  2  0 -3 -5 -5 -5 -3  0  2
 -2  0  1  2  3  3  2  1 -1 -1 -2 -2 -2 *  2  2  3  2  1  0 -2 -2 -3 -2 -2  0  1
 4703.205 -400.863
 -3  0  2  4  5  5  3  1 -2 -4 -5 -4 -3 *  3  4  5  4  2  0 -3 -4 -5 -5 -3  0  2
 -2  0  1  2  3  3  2  1 -1 -1 -2 -2 -2 *  2  2  2  2  1  0 -2 -2 -3 -2 -2  0  1
 4703.205 -357.243
 -3  0  2  4  5  5  3  1 -2 -4 -5 -4 -3 *  3  4  5  4  2  0 -3 -4 -5 -4 -3  0  2
 -2  0  1  2  3  3  2  1 -1 -1 -2 -2 -2 *  2  2  2  2  1  0 -1 -2 -3 -2 -1  0  1
 4703.205 -353.623
 -3  0  2  4  5  5  3  1 -2 -4 -5 -4 -3 *  3  4  4  4  2  0 -3 -4 -5 -4 -3  0  2
 -1  0  1  2  3  3  2  1 -1 -1 -2 -2 -2 *  2  2  2  2  1  0 -1 -2 -2 -2 -1  0  1
 4703.205 -350.003
 -3  0  2  4  5  5  3  1 -2 -4 -5 -4 -3 *  3  4  4  4  2  0 -3 -4 -5 -4 -2  0  2
 -1  0  1  2  3  3  2  1 -1 -1 -2 -2 -2 *  2  2  2  2  1  0 -1 -2 -2 -2 -1  0  1
 4703.205 -346.383
 -2  0  2  4  5  5  3  1 -2 -4 -5 -4 -3 *  3  4  4  3  2  0 -2 -4 -4 -4 -2  0  2
 -1  0  1  2  3  3  2  0 -1 -1 -2 -2 -2 *  2  2  2  2  1  0 -1 -2 -2 -2 -1  0  1
 4703.206 -342.763
 -2  0  2  4  5  5  3  1 -2 -4 -5 -4 -3 *  3  4  4  3  2  0 -2 -4 -4 -4 -2  0  2
 -1  0  1  2  3  2  2  0 -1 -1 -2 -2 -2 *  2  2  2  2  1  0 -1 -2 -2 -2 -1  0  1
 4703.206 -339.143
 -2  0  2  4  5  4  3  0 -2 -4 -4 -4 -3 *  2  3  4  3  2  0 -2 -4 -4 -4 -2  0  2
 -1  0  1  2  3  2  1  0 -1 -1 -2 -2 -2 *  1  2  2  2  1  0 -1 -2 -2 -2 -1  0  1
 4703.206 -335.523
 -2  0  2  4  5  4  3  0 -2 -4 -4 -4 -2 *  2  3  4  3  1  0 -2 -4 -4 -4 -2  0  2
 -1  0  1  2  3  2  1  0 -1 -1 -2 -2 -2 *  1  2  2  1  1  0 -1 -2 -2 -2 -1  0  1
 4703.206 -331.903
 -2  0  2  4  5  4  3  0 -2 -4 -4 -4 -2 *  2  3  3  3  1  0 -2 -3 -4 -4 -2  0  1
 -1  0  1  2  3  2  1  0 -1 -1 -2 -2 -2 *  1  2  2  1  1  0 -1 -2 -2 -2 -1  0  1
 4703.206 -328.283
 -2  0  2  4  5  4  3  0 -2 -4 -4 -4 -2 *  2  3  3  3  1  0 -2 -3 -4 -3 -2  0  1
 -1  0  1  2  3  2  1  0 -1 -1 -2 -2 -2 *  1  2  2  1  1  0 -1 -2 -2 -2 -1  0  1
 4703.206 -324.663
 -2  0  2  4  5  4  3  0 -2 -4 -4 -4 -2 *  2  3  3  3  1  0 -2 -3 -4 -3 -2  0  1
 -1  0  1  2  3  2  1  0 -1 -1 -2 -2 -2 *  1  1  2  1  1  0 -1 -2 -2 -2 -1  0  1
 4703.206 -321.043
 -2  0  2  4  5  4  2  0 -2 -4 -5 -4 -3 *  2  3  3  3  2  0 -2 -3 -3 -3 -2  0  2
 -1  0  1  2  3  2  1  0 -1 -2 -2 -2 -2 *  1  2  2  1  1  0 -1 -2 -2 -1 -1  0  1
 4703.206 -317.423
 -2  0  2  4  5  4  3  0 -3 -4 -5 -4 -3 *  2  3  3  3  2  0 -2 -3 -3 -3 -2  0  2
 -1  0  1  2  3  2  1  0 -1 -2 -2 -2 -2 *  1  2  2  1  1  0 -1 -1 -2 -1 -1  0  1
 4703.206 -313.803
 -2  0  3  5  5  5  3  0 -3 -5 -5 -5 -3 *  2  3  4  3  2  0 -1 -3 -3 -3 -2  0  2
 -1  0  1  2  3  2  1  0 -1 -2 -2 -2 -2 *  1  2  2  2  1  0 -1 -1 -2 -1 -1  0  1
 4703.206 -310.182
 -2  0  3  5  6  5  3  0 -3 -5 -6 -5 -3 *  2  3  4  3  2  1 -1 -3 -3 -3 -2  0  2
 -1  0  1  3  3  3  1  0 -1 -2 -2 -2 -2 *  1  2  2  2  1  0 -1 -1 -2 -1 -1  0  1
 4703.206 -306.562
 -3  0  3  5  6  5  3 -1 -4 -6 -6 -6 -3 *  3  4  4  4  3  1 -1 -3 -3 -3 -2  0  2
 -1  0  1  3  3  3  1  0 -1 -2 -3 -3 -2 *  2  2  2  2  1  0 -1 -1 -2 -1 -1  0  1
 4703.206 -302.942
 -3  0  3  6  6  5  3 -1 -4 -6 -7 -6 -3 *  3  4  4  4  3  1 -1 -3 -4 -4 -3  0  2
 -1  0  1  3  4  3  1  0 -2 -2 -3 -3 -2 *  1  2  2  2  1  0 -1 -2 -2 -2 -1  0  1
 4703.206 -259.322
 -2  1  4  6  7  5  3 -1 -4 -6 -6 -6 -3 *  2  4  5  4  3  1 -2 -4 -4 -4 -3 -1  2
 -1  0  2  3  4  3  1  0 -2 -2 -3 -3 -2 *  1  2  2  2  1  0 -1 -2 -2 -2 -1 -1  0
 4703.206 -255.702
 -2  1  4  6  6  5  3 -1 -4 -6 -6 -5 -3 *  2  4  5  4  3  1 -2 -4 -4 -4 -3 -1  1
 -1  0  2  3  4  3  1  0 -2 -2 -3 -3 -2 *  1  2  2  2  1  0 -1 -2 -2 -2 -1 -1  0
 4703.206 -252.082
 -2  1  4  6  6  5  2 -1 -4 -6 -6 -5 -3 *  3  4  5  5  3  1 -1 -4 -4 -4 -3 -1  2
 -1  0  2  3  3  3  1 -1 -2 -2 -3 -3 -2 *  1  2  2  2  2  1 -1 -2 -2 -2 -1  0  1
 4705.655 -438.874
 -4 -1  2  5  6  6  4  1 -2 -4 -6 -6 -4 *  4  6  7  6  4  0 -3 -6 -7 -6 -4 -1  3
 -2 -1  1  2  3  3  2  1  0 -2 -3 -3 -2 *  2  3  4  3  2  0 -2 -3 -4 -3 -2 -1  1
 4705.655 -435.254
 -4 -1  2  5  6  6  4  1 -2 -4 -6 -6 -4 *  4  6  7  6  3  0 -3 -6 -7 -6 -4 -1  3
 -2 -1  1  2  3  3  2  1  0 -2 -3 -3 -2 *  3  3  4  3  2  0 -2 -3 -4 -3 -2 -1  1
 4705.655 -431.634
 -4 -1  2  5  6  6  4  1 -2 -4 -6 -6 -4 *  4  6  6  6  3  0 -3 -6 -7 -6 -4 -1  3
 -2 -1  1  2  3  3  2  1  0 -2 -3 -3 -2 *  2  3  4  3  2  0 -2 -3 -3 -3 -2 -1  1
 4705.655 -428.014
 -4 -1  2  5  6  6  4  1 -2 -4 -6 -5 -4 *  4  5  6  5  3  0 -3 -6 -6 -6 -4 -1  2
 -2 -1  1  2  3  3  2  1  0 -2 -2 -3 -2 *  2  3  3  3  1  0 -2 -3 -3 -3 -2 -1  1
 4705.655 -424.394
 -3 -1  2  5  6  6  4  1 -2 -4 -5 -5 -4 *  3  5  6  5  3  0 -3 -5 -6 -6 -4 -1  2
 -2 -1  1  2  3  3  2  1 -1 -2 -2 -3 -2 *  2  3  3  2  1  0 -2 -3 -3 -3 -2 -1  1
 4705.655 -420.774
 -3 -1  2  4  6  5  4  1 -2 -4 -5 -5 -3 *  3  5  5  5  3  0 -3 -5 -6 -5 -3 -1  2
 -2 -1  1  2  3  3  2  1 -1 -2 -2 -3 -2 *  2  3  3  2  1  0 -2 -3 -3 -3 -2 -1  1
 4705.655 -417.154
 -3 -1  2  4  5  5  3  1 -2 -4 -5 -5 -3 *  3  5  5  4  3  0 -3 -5 -5 -5 -3 -1  2
 -2 -1  1  2  3  3  2  1  0 -1 -2 -2 -2 *  2  3  3  2  1  0 -2 -2 -3 -3 -2  0  1
 4705.655 -413.534
 -3 -1  2  4  5  5  3  1 -2 -4 -5 -5 -3 *  3  5  5  4  3  0 -3 -4 -5 -5 -3  0  2
 -2 -1  1  2  3  3  2  1  0 -1 -2 -2 -2 *  2  3  3  2  1  0 -1 -2 -3 -2 -2  0  1
 4705.655 -409.914
 -3  0  2  4  6  5  4  1 -2 -4 -5 -5 -3 *  3  5  5  4  2  0 -3 -4 -5 -5 -3  0  2
 -2 -1  1  2  3  3  2  1  0 -1 -2 -2 -2 *  2  3  3  2  1  0 -2 -2 -3 -2 -2  0  1
 4705.655 -406.294
 -3 -1  2  4  5  5  4  1 -1 -4 -5 -5 -3 *  3  5  5  4  2  0 -3 -5 -5 -5 -3  0  2
 -2 -1  1  2  3  3  2  1  0 -1 -2 -2 -2 *  2  3  3  2  1  0 -2 -2 -3 -2 -2  0  1
 4705.655 -402.674
 -3 -1  2  4  5  5  3  1 -2 -4 -5 -4 -3 *  3  4  5  4  2  0 -3 -4 -5 -5 -3  0  2
 -2 -1  1  2  3  3  2  1 -1 -1 -2 -2 -2 *  2  2  2  2  1  0 -2 -2 -3 -2 -2  0  1
 4705.655 -359.053
 -3 -1  2  4  5  5  3  1 -2 -4 -5 -4 -3 *  3  4  5  4  2  0 -3 -4 -5 -4 -3  0  2
 -2 -1  1  2  3  3  2  1 -1 -1 -2 -2 -2 *  2  2  2  2  1  0 -1 -2 -3 -2 -1  0  1
 4705.655 -355.433
 -3  0  2  4  5  5  3  1 -2 -4 -5 -4 -3 *  3  4  4  4  2  0 -2 -4 -5 -4 -3  0  2
 -2 -1  1  2  3  3  2  1 -1 -1 -2 -2 -2 *  2  2  2  2  1  0 -1 -2 -2 -2 -1  0  1
 4705.655 -351.813
 -3  0  2  4  5  5  3  1 -2 -4 -5 -4 -3 *  3  4  4  4  2  0 -2 -4 -5 -4 -2  0  2
 -2 -1  1  2  3  3  2  0 -1 -1 -2 -2 -2 *  2  2  2  2  1  0 -1 -2 -2 -2 -1  0  1
 4705.655 -348.193
 -3  0  2  4  5  5  3  1 -2 -4 -5 -4 -3 *  3  4  4  3  2  0 -2 -4 -4 -4 -2  0  2
 -1 -1  1  2  3  2  2  0 -1 -1 -2 -2 -2 *  2  2  2  2  1  0 -1 -2 -2 -2 -1  0  1
 4705.656 -344.573
 -2  0  2  4  5  5  3  1 -2 -4 -5 -4 -3 *  3  4  4  3  2  0 -2 -4 -4 -4 -2  0  2
 -1  0  1  2  3  2  2  0 -1 -1 -2 -2 -2 *  2  2  2  2  1  0 -1 -2 -2 -2 -1  0  1
 4705.656 -340.953
 -2  0  2  4  5  4  3  0 -2 -4 -4 -4 -3 *  2  3  4  3  2  0 -2 -4 -4 -4 -2  0  2
 -1  0  1  2  3  2  1  0 -1 -1 -2 -2 -2 *  1  2  2  2  1  0 -1 -2 -2 -2 -1  0  1
 4705.656 -337.333
 -2  0  2  4  5  4  3  0 -2 -4 -4 -4 -3 *  2  3  4  3  1  0 -2 -4 -4 -4 -2  0  2
 -1  0  1  2  3  2  1  0 -1 -1 -2 -2 -2 *  1  2  2  1  1  0 -1 -2 -2 -2 -1  0  1
 4705.656 -333.713
 -2  0  2  4  5  4  3  0 -2 -4 -4 -4 -2 *  2  3  3  3  1  0 -2 -3 -4 -3 -2  0  1
 -1  0  1  2  3  2  1  0 -1 -1 -2 -2 -2 *  1  2  2  1  1  0 -1 -2 -2 -2 -1  0  1
 4705.656 -330.093
 -2  0  2  4  4  4  2  0 -2 -4 -4 -4 -2 *  2  3  3  3  1  0 -2 -3 -4 -3 -2  0  1
 -1  0  1  2  3  2  1  0 -1 -1 -2 -2 -2 *  1  2  2  1  1  0 -1 -2 -2 -2 -1  0  1
 4705.656 -326.473
 -2  0  2  4  4  4  2  0 -2 -4 -4 -4 -3 *  2  3  3  2  1  0 -2 -3 -3 -3 -2  0  1
 -1  0  1  2  3  2  1  0 -1 -1 -2 -2 -2 *  1  2  2  1  1  0 -1 -2 -2 -2 -1  0  1
 4705.656 -322.853
 -2  0  2  4  5  4  2  0 -2 -4 -5 -4 -3 *  2  3  3  2  1  0 -2 -3 -3 -3 -2  0  2
 -1  0  1  2  3  2  1  0 -1 -2 -2 -2 -2 *  1  1  1  1  1  0 -1 -2 -2 -1 -1  0  1
 4705.656 -319.233
 -2  0  2  4  5  4  2  0 -3 -4 -5 -4 -3 *  2  3  3  3  1  0 -2 -3 -3 -3 -1  0  2
 -1  0  1  2  3  2  1  0 -1 -2 -2 -2 -2 *  1  1  2  1  1  0 -1 -1 -2 -1 -1  0  1
 4705.656 -315.613
 -3  0  2  4  5  4  2  0 -3 -5 -5 -5 -3 *  2  3  3  3  2  0 -1 -2 -3 -3 -1  0  2
 -1 -1  1  2  3  2  1  0 -1 -2 -2 -2 -2 *  1  2  2  1  1  0 -1 -1 -2 -1 -1  0  1
 4705.656 -311.993
 -3  0  3  5  5  5  2 -1 -3 -5 -6 -5 -3 *  2  3  3  3  2  0 -1 -2 -3 -3 -2  0  2
 -1  0  1  3  3  2  1  0 -1 -2 -2 -3 -2 *  1  2  2  2  1  0 -1 -1 -1 -1 -1  0  1
 4705.656 -308.373
 -3  0  3  5  6  5  2 -1 -4 -6 -6 -6 -3 *  2  3  4  3  2  1 -1 -2 -3 -3 -2  0  2
 -2  0  1  3  3  3  1  0 -2 -2 -3 -3 -2 *  1  2  2  2  1  0 -1 -1 -2 -1 -1  0  1
 4705.656 -304.752
 -3  0  3  6  6  5  3 -1 -4 -6 -7 -6 -3 *  2  4  4  4  3  1 -1 -3 -4 -4 -2  0  2
 -2  0  1  3  4  3  1  0 -2 -2 -3 -3 -2 *  1  2  2  2  1  0 -1 -2 -2 -2 -1  0  1
 4705.656 -301.132
 -3  0  4  6  7  6  3 -1 -4 -6 -7 -6 -3 *  2  3  4  4  3  1 -1 -3 -4 -4 -3 -1  1
 -1  0  2  3  4  3  1  0 -2 -2 -3 -3 -2 *  1  2  2  2  1  0 -1 -2 -2 -2 -1 -1  0
 4705.656 -257.512
 -2  0  4  6  6  5  3 -1 -4 -6 -7 -6 -3 *  2  3  4  4  3  1 -1 -3 -4 -4 -3 -1  1
 -1  0  2  3  4  3  1  0 -2 -2 -3 -3 -2 *  1  2  2  2  2  0 -1 -2 -2 -2 -1 -1  0
 4705.656 -253.892
 -2  1  4  6  6  5  2 -1 -4 -6 -7 -6 -3 *  2  4  5  5  3  1 -1 -3 -4 -5 -3 -1  1
 -1  0  1  3  4  3  1 -1 -2 -2 -3 -3 -2 *  1  2  2  2  2  1 -1 -2 -2 -2 -1 -1  0
 4708.105 -437.064
 -4 -1  2  4  6  6  4  1 -2 -4 -6 -5 -4 *  4  6  7  6  4  0 -3 -6 -7 -6 -4 -1  2
 -2 -1  1  2  3  3  2  1  0 -2 -2 -3 -2 *  2  3  4  3  2  0 -2 -3 -4 -3 -2 -1  1
 4708.105 -433.444
 -4 -1  2  4  6  6  4  2 -2 -4 -6 -5 -4 *  4  6  7  6  3  0 -3 -5 -7 -6 -4 -1  3
 -2 -1  1  2  3  3  2  1  0 -2 -2 -3 -2 *  2  3  4  3  2  0 -2 -3 -3 -3 -2 -1  1
 4708.105 -429.824
 -4 -1  2  5  6  6  4  1 -2 -4 -6 -5 -4 *  4  6  6  5  3  0 -3 -5 -6 -6 -4 -1  2
 -2 -1  1  2  3  3  2  1  0 -2 -2 -3 -2 *  2  3  3  3  2  0 -2 -3 -3 -3 -2 -1  1
 4708.105 -426.204
 -4 -1  2  4  6  6  4  1 -2 -4 -6 -5 -4 *  4  5  6  5  3  0 -3 -5 -6 -6 -4 -1  2
 -2 -1  1  2  3  3  2  1  0 -2 -2 -3 -2 *  2  3  3  3  1  0 -2 -3 -3 -3 -2 -1  1
 4708.105 -422.584
 -3 -1  2  4  6  5  4  1 -2 -4 -5 -5 -4 *  3  5  6  5  3  0 -3 -5 -6 -6 -4 -1  2
 -2 -1  1  2  3  3  2  1  0 -2 -2 -3 -2 *  2  3  3  2  1  0 -2 -3 -3 -3 -2 -1  1
 4708.105 -418.964
 -3 -1  2  4  5  5  4  1 -2 -4 -5 -5 -3 *  3  5  5  4  3  0 -3 -5 -6 -5 -3 -1  2
 -2 -1  1  2  3  3  2  1 -1 -2 -2 -3 -2 *  2  3  3  2  1  0 -2 -3 -3 -3 -2 -1  1
 4708.105 -415.344
 -3 -1  2  4  5  5  3  1 -2 -4 -5 -5 -3 *  3  4  5  4  2  0 -3 -5 -5 -5 -3 -1  2
 -2 -1  1  2  3  3  2  1  0 -1 -2 -2 -2 *  2  2  3  2  1  0 -2 -2 -3 -3 -2 -1  1
 4708.105 -411.724
 -3 -1  2  4  5  5  4  1 -1 -3 -5 -4 -3 *  3  4  5  4  2  0 -3 -4 -5 -5 -3  0  2
 -2 -1  1  2  3  3  2  1  0 -1 -2 -2 -2 *  2  3  3  2  1  0 -1 -2 -3 -2 -2  0  1
 4708.105 -408.104
 -3 -1  2  4  5  5  4  1 -1 -3 -5 -4 -3 *  3  4  5  4  2  0 -3 -4 -5 -5 -3  0  2
 -2 -1  1  2  3  3  2  1  0 -1 -2 -2 -2 *  2  3  3  2  1  0 -1 -2 -3 -2 -2  0  1
 4708.105 -404.484
 -3 -1  2  4  5  5  3  1 -1 -3 -5 -4 -3 *  3  4  5  4  2  0 -3 -4 -5 -5 -3  0  2
 -2 -1  1  2  3  3  2  1  0 -1 -2 -2 -2 *  2  2  3  2  1  0 -1 -2 -3 -2 -2  0  1
 4708.105 -400.864
 -3 -1  2  4  5  5  3  1 -2 -4 -5 -4 -3 *  3  4  5  4  2  0 -3 -4 -5 -4 -3  0  2
 -2 -1  1  2  3  3  2  1  0 -1 -2 -2 -2 *  2  2  2  2  1  0 -1 -2 -3 -2 -1  0  1
 4708.105 -357.244
 -3 -1  2  4  5  5  3  1 -2 -4 -5 -4 -3 *  3  4  4  4  2  0 -2 -4 -5 -4 -3  0  2
 -2 -1  1  2  3  3  2  1 -1 -1 -2 -2 -2 *  2  2  2  2  1  0 -1 -2 -2 -2 -1  0  1
 4708.106 -353.623
 -3  0  2  4  5  5  3  1 -2 -3 -4 -4 -3 *  3  4  4  3  2  0 -2 -4 -4 -4 -2  0  2
 -2 -1  1  2  3  2  2  1 -1 -1 -2 -2 -2 *  2  2  2  2  1  0 -1 -2 -2 -2 -1  0  1
 4708.106 -350.003
 -3  0  2  4  5  4  3  1 -2 -4 -4 -4 -3 *  3  4  4  3  2  0 -2 -4 -4 -4 -2  0  2
 -1 -1  1  2  3  2  2  0 -1 -1 -2 -2 -2 *  2  2  2  2  1  0 -1 -2 -2 -2 -1  0  1
 4708.106 -346.383
 -2  0  2  4  5  4  3  1 -2 -3 -4 -4 -3 *  2  4  4  3  2  0 -2 -4 -4 -4 -2  0  2
 -1  0  1  2  3  2  2  0 -1 -1 -2 -2 -2 *  1  2  2  2  1  0 -1 -2 -2 -2 -1  0  1
 4708.106 -342.763
 -2  0  2  4  5  4  3  1 -2 -3 -4 -4 -3 *  2  3  4  3  2  0 -2 -4 -4 -4 -2  0  2
 -1  0  1  2  3  2  2  0 -1 -1 -2 -2 -2 *  1  2  2  2  1  0 -1 -2 -2 -2 -1  0  1
 4708.106 -339.143
 -2  0  2  4  5  4  3  1 -2 -3 -4 -4 -2 *  2  3  4  3  1  0 -2 -3 -4 -4 -2  0  2
 -1  0  1  2  3  2  1  0 -1 -1 -2 -2 -2 *  1  2  2  1  1  0 -1 -2 -2 -2 -1  0  1
 4708.106 -335.523
 -2  0  2  4  4  4  3  0 -2 -3 -4 -4 -2 *  2  3  3  3  1  0 -2 -3 -4 -3 -2  0  1
 -1  0  1  2  3  2  1  0 -1 -1 -2 -2 -2 *  1  2  2  1  1  0 -1 -2 -2 -2 -1  0  1
 4708.106 -331.903
 -2  0  2  4  4  4  2  0 -2 -3 -4 -4 -2 *  2  3  3  2  1  0 -2 -3 -4 -3 -2  0  1
 -1  0  1  2  2  2  1  0 -1 -1 -2 -2 -2 *  1  2  2  1  0  0 -1 -2 -2 -2 -1  0  1
 4708.106 -328.283
 -2  0  2  4  4  4  2  0 -2 -4 -4 -4 -3 *  2  3  3  2  1  0 -2 -3 -3 -3 -2  0  2
 -1 -1  1  2  2  2  1  0 -1 -1 -2 -2 -2 *  1  2  2  1  1  0 -1 -2 -2 -1 -1  0  1
 4708.106 -324.663
 -2 -1  2  4  4  4  2  0 -2 -4 -5 -4 -3 *  2  3  3  2  1  0 -2 -3 -3 -3 -1  0  2
 -1 -1  1  2  2  2  1  0 -1 -1 -2 -2 -2 *  1  2  2  1  0  0 -1 -1 -2 -1 -1  0  1
 4708.106 -321.043
 -3 -1  2  4  4  4  2  0 -3 -4 -5 -5 -3 *  2  3  3  2  1  0 -2 -3 -3 -2 -1  0  2
 -2 -1  1  2  2  2  1  0 -1 -2 -2 -2 -2 *  1  2  1  1  0  0 -1 -1 -2 -1 -1  0  1
 4708.106 -317.423
 -3 -1  2  4  5  4  2  0 -3 -5 -6 -5 -3 *  2  3  3  2  1  0 -2 -2 -3 -2 -1  0  2
 -2 -1  1  2  3  2  1  0 -1 -2 -2 -3 -2 *  1  1  1  1  1  0 -1 -1 -1 -1 -1  0  1
 4708.106 -313.803
 -3 -1  2  4  5  4  2 -1 -3 -5 -6 -5 -3 *  2  3  3  3  2  0 -1 -2 -3 -2 -1  0  2
 -2 -1  1  2  3  2  1  0 -1 -2 -2 -3 -2 *  1  2  2  1  1  0 -1 -1 -1 -1 -1  0  1
 4708.106 -310.183
 -3 -1  2  5  5  5  2 -1 -4 -6 -7 -6 -4 *  2  3  4  3  2  1 -1 -2 -3 -2 -1  0  2
 -2 -1  1  2  3  2  1 -1 -2 -2 -3 -3 -3 *  1  2  2  2  1  0  0 -1 -1 -1  0  0  1
 4708.106 -306.563
 -3  0  3  6  6  5  3 -1 -4 -7 -7 -7 -4 *  2  3  4  4  2  1 -1 -3 -3 -3 -2  0  1
 -2 -1  1  3  4  3  1 -1 -2 -3 -3 -3 -3 *  1  2  2  2  1  0 -1 -1 -2 -1 -1  0  1
 4708.106 -302.942
 -3  0  4  6  7  6  3 -1 -4 -6 -7 -6 -3 *  2  3  4  4  3  1 -1 -3 -4 -4 -3 -1  1
 -2  0  2  3  4  3  1  0 -2 -2 -3 -3 -2 *  1  1  2  2  1  0 -1 -2 -2 -2 -1 -1  0
 4708.106 -259.322
 -3  0  3  6  6  5  3 -1 -4 -6 -7 -6 -3 *  2  3  4  4  3  1 -1 -3 -4 -4 -3 -1  1
 -1  0  1  3  4  3  1 -1 -2 -2 -3 -3 -2 *  1  2  2  2  2  1 -1 -2 -2 -2 -1 -1  0
 4708.106 -255.702
 -3  0  4  6  6  5  2 -1 -4 -6 -7 -6 -3 *  2  3  4  4  3  2 -1 -3 -4 -5 -4 -2  1
 -1  0  1  3  4  3  1 -1 -2 -2 -3 -3 -2 *  1  2  2  2  2  1 -1 -2 -2 -2 -1 -1  0
 4708.106 -252.082
 -2  1  4  6  6  5  2 -1 -4 -6 -7 -6 -3 *  2  3  5  5  4  2 -1 -3 -5 -5 -4 -2  1
 -1  0  1  3  3  3  1 -1 -2 -2 -3 -3 -2 *  1  2  2  2  2  1  0 -2 -2 -2 -2 -1  0
 4710.555 -438.874
 -4 -1  2  4  6  6  4  2 -1 -4 -5 -5 -4 *  3  6  7  6  4  0 -3 -6 -7 -7 -5 -1  2
 -2 -1  1  2  3  3  2  1  0 -2 -2 -3 -2 *  2  3  4  3  2  0 -2 -3 -4 -4 -3 -1  1
 4710.555 -435.254
 -4 -1  2  4  6  6  4  2 -1 -4 -5 -5 -4 *  3  6  7  6  4  0 -3 -5 -7 -6 -4 -1  2
 -2 -1  1  2  3  3  2  1  0 -1 -2 -3 -2 *  2  3  4  3  2  0 -2 -3 -3 -3 -2 -1  1
 4710.555 -431.634
 -4 -1  2  4  6  6  4  2 -1 -4 -5 -5 -4 *  4  6  6  5  3  0 -3 -5 -6 -6 -4 -1  2
 -2 -1  1  2  3  3  2  1  0 -1 -2 -3 -2 *  2  3  4  3  2  0 -2 -3 -3 -3 -2 -1  1
 4710.555 -428.014
 -4 -1  2  4  6  6  4  2 -1 -4 -5 -5 -4 *  3  5  6  5  3  0 -3 -5 -6 -6 -4 -1  2
 -2 -1  1  2  3  3  2  1  0 -1 -2 -3 -2 *  2  3  3  3  2  0 -2 -3 -3 -3 -2 -1  1
 4710.555 -424.394
 -4 -1  2  4  6  5  4  2 -1 -4 -5 -5 -4 *  3  5  6  5  3  0 -3 -5 -6 -6 -4 -1  2
 -2 -1  1  2  3  3  2  1  0 -1 -2 -3 -2 *  2  3  3  3  2  0 -2 -3 -3 -3 -2 -1  1
 4710.555 -420.774
 -3 -1  2  4  5  5  4  1 -1 -4 -5 -5 -4 *  3  5  6  5  3  0 -3 -5 -6 -5 -4 -1  2
 -2 -1  1  2  3  3  2  1  0 -1 -2 -3 -2 *  2  3  3  2  1  0 -2 -3 -3 -3 -2 -1  1
 4710.555 -417.154
 -3 -1  2  4  5  5  4  1 -1 -4 -5 -5 -3 *  3  4  5  4  2  0 -3 -5 -6 -5 -3 -1  2
 -2 -1  1  2  3  3  2  1  0 -1 -2 -3 -2 *  2  3  3  2  1  0 -2 -3 -3 -3 -2 -1  1
 4710.555 -413.534
 -3 -1  2  4  5  5  3  1 -1 -4 -5 -4 -3 *  3  4  5  4  2  0 -3 -5 -6 -5 -3 -1  2
 -2 -1  1  2  3  3  2  1  0 -1 -2 -2 -2 *  2  2  3  2  1  0 -2 -2 -3 -3 -2 -1  1
 4710.555 -409.914
 -3 -1  2  4  5  5  3  1 -1 -3 -5 -4 -3 *  3  4  5  4  2  0 -2 -4 -5 -5 -3 -1  2
 -2 -1  1  2  3  3  2  1  0 -1 -2 -2 -2 *  2  2  3  2  1  0 -1 -2 -3 -2 -2  0  1
 4710.555 -406.294
 -3 -1  2  4  5  5  3  1 -1 -3 -4 -4 -3 *  3  4  5  4  2  0 -2 -4 -5 -4 -3  0  2
 -2 -1  1  2  3  3  2  1  0 -1 -2 -2 -2 *  2  2  3  2  1  0 -1 -2 -3 -2 -1  0  1
 4710.555 -402.674
 -3 -1  2  4  5  5  3  1 -1 -3 -4 -4 -3 *  3  4  5  4  2  0 -2 -4 -5 -4 -3  0  2
 -2 -1  1  2  3  3  2  1  0 -1 -2 -2 -2 *  2  2  2  2  1  0 -1 -2 -2 -2 -1  0  1
 4710.556 -359.054
 -3 -1  2  4  5  5  3  1 -1 -3 -4 -4 -3 *  3  4  4  4  2  0 -2 -4 -5 -4 -3  0  2
 -2 -1  1  2  3  3  2  1  0 -1 -2 -2 -2 *  2  2  2  2  1  0 -1 -2 -2 -2 -1  0  1
 4710.556 -355.434
 -3 -1  2  4  5  4  3  1 -2 -3 -4 -4 -3 *  3  4  4  3  2  0 -2 -4 -4 -4 -3  0  2
 -2 -1  1  2  3  2  2  1  0 -1 -2 -2 -2 *  2  2  2  2  1  0 -1 -2 -2 -2 -1  0  1
 4710.556 -351.813
 -3 -1  2  4  5  4  3  1 -2 -3 -4 -4 -3 *  3  4  4  3  2  0 -2 -4 -4 -4 -2  0  2
 -2 -1  1  2  3  2  2  1  0 -1 -2 -2 -2 *  2  2  2  2  1  0 -1 -2 -2 -2 -1  0  1
 4710.556 -348.193
 -2  0  2  4  5  4  3  1 -2 -3 -4 -4 -3 *  2  4  4  3  2  0 -2 -4 -4 -4 -2  0  2
 -1 -1  1  2  3  2  2  1 -1 -1 -2 -2 -2 *  1  2  2  2  1  0 -1 -2 -2 -2 -1  0  1
 4710.556 -344.573
 -2  0  2  4  5  4  3  1 -2 -3 -4 -4 -3 *  2  3  4  3  2  0 -2 -3 -4 -4 -2  0  2
 -1 -1  1  2  3  2  2  0 -1 -1 -2 -2 -2 *  1  2  2  1  1  0 -1 -2 -2 -2 -1  0  1
 4710.556 -340.953
 -2  0  2  4  4  4  3  1 -2 -3 -4 -4 -2 *  2  3  3  3  1  0 -2 -3 -4 -3 -2  0  1
 -1  0  1  2  3  2  1  0 -1 -1 -2 -2 -2 *  1  2  2  1  1  0 -1 -2 -2 -2 -1  0  1
 4710.556 -337.333
 -2  0  2  3  4  4  2  0 -2 -3 -4 -4 -3 *  2  3  3  3  1  0 -2 -3 -4 -3 -2  0  1
 -1 -1  1  2  2  2  1  0 -1 -1 -2 -2 -2 *  1  2  2  1  1  0 -1 -2 -2 -2 -1  0  1
 4710.556 -333.713
 -2  0  2  3  4  4  2  0 -2 -3 -4 -4 -3 *  2  3  3  2  1  0 -2 -3 -3 -3 -2  0  1
 -1 -1  1  2  2  2  1  0 -1 -1 -2 -2 -2 *  1  2  2  1  1  0 -1 -2 -2 -2 -1  0  1
 4710.556 -330.093
 -2 -1  2  3  4  4  2  0 -2 -3 -4 -4 -3 *  2  3  3  2  1  0 -2 -3 -3 -3 -2  0  1
 -1 -1  1  2  2  2  1  0 -1 -1 -2 -2 -2 *  1  1  1  1  0  0 -1 -2 -2 -2 -1  0  1
 4710.556 -326.473
 -2  0  2  3  4  4  2  0 -2 -3 -4 -4 -2 *  2  3  3  2  1  0 -2 -3 -3 -3 -1  0  2
 -1 -1  1  2  2  2  1  0 -1 -1 -2 -2 -2 *  1  2  2  1  0  0 -1 -1 -2 -1 -1  0  1
 4710.556 -322.853
 -3 -1  1  3  4  4  2  0 -2 -4 -5 -5 -3 *  3  3  3  2  1  0 -2 -2 -3 -2 -1  1  2
 -2 -1  0  2  2  2  1  0 -1 -2 -2 -2 -2 *  2  2  2  1  1  0 -1 -1 -1 -1  0  0  1
 4710.556 -319.233
 -3 -1  2  4  5  4  2  0 -3 -4 -5 -5 -3 *  2  3  3  2  1  0 -2 -3 -3 -2 -1  1  2
 -2 -1  1  2  3  2  1  0 -1 -2 -2 -3 -2 *  1  1  1  1  0  0 -1 -1 -1 -1 -1  0  1
 4710.556 -315.613
 -3 -1  2  4  5  4  2  0 -3 -5 -6 -6 -4 *  2  3  3  2  1  0 -2 -2 -2 -2 -1  1  2
 -2 -1  0  2  3  2  1  0 -1 -2 -3 -3 -3 *  1  1  1  1  0  0 -1 -1 -1 -1  0  0  1
 4710.556 -311.993
 -3 -1  2  5  5  5  3 -1 -4 -6 -7 -6 -4 *  2  3  3  3  2  0 -1 -2 -2 -2 -1  1  2
 -2 -1  1  2  3  3  1  0 -2 -2 -3 -3 -3 *  1  2  2  1  1  0 -1 -1 -1 -1  0  0  1
 4710.556 -308.373
 -4  0  3  6  7  6  3 -1 -4 -7 -8 -7 -4 *  2  3  3  3  2  1 -1 -2 -3 -2 -1  0  2
 -2 -1  1  3  4  3  1  0 -2 -3 -3 -3 -3 *  1  2  2  2  1  0  0 -1 -1 -1 -1  0  1
 4710.556 -304.753
 -3  0  4  6  7  6  3 -1 -4 -7 -8 -7 -4 *  2  3  4  3  2  1 -1 -3 -3 -3 -3 -1  1
 -2  0  2  3  4  3  1  0 -2 -3 -3 -3 -3 *  1  1  2  2  1  0 -1 -1 -2 -2 -1 -1  0
 4710.556 -301.132
 -3  0  4  6  7  6  3 -1 -4 -6 -7 -6 -3 *  1  3  4  4  3  1 -1 -3 -4 -4 -3 -1  1
 -1  0  2  3  4  3  1 -1 -2 -2 -3 -3 -2 *  1  1  2  2  2  1 -1 -2 -2 -2 -1 -1  0
 4710.556 -257.512
 -3  0  4  6  7  5  3 -1 -4 -7 -7 -6 -3 *  2  3  4  4  3  2 -1 -3 -4 -4 -3 -1  1
 -2  0  1  3  4  3  1 -1 -2 -3 -3 -3 -2 *  1  2  2  2  2  1 -1 -2 -2 -2 -1 -1  0
 4710.556 -253.892
 -3  0  4  6  7  5  2 -1 -4 -6 -7 -6 -3 *  1  3  4  5  4  2 -1 -3 -4 -5 -4 -2  0
 -2  0  1  3  4  3  1 -1 -2 -3 -3 -3 -2 *  1  1  2  2  2  1  0 -2 -2 -2 -2 -1  0
 4713.005 -437.064
 -4 -1  2  4  6  6  4  2 -1 -4 -5 -5 -4 *  3  6  6  6  4  0 -3 -5 -7 -6 -4 -1  2
 -2 -1  1  2  3  3  2  1  0 -1 -2 -3 -2 *  2  3  4  3  2  0 -2 -3 -4 -3 -2 -1  1
 4713.005 -433.444
 -4 -1  2  4  6  6  4  2 -1 -4 -5 -5 -4 *  3  6  6  6  4  0 -3 -5 -6 -6 -4 -1  2
 -2 -1  1  2  3  3  2  1  0 -1 -2 -3 -2 *  2  3  4  3  2  0 -2 -3 -3 -3 -2 -1  1
 4713.005 -429.824
 -4 -1  2  4  6  5  4  2 -1 -3 -5 -5 -4 *  3  5  6  5  3  0 -3 -5 -6 -6 -4 -1  2
 -2 -1  1  2  3  3  2  1  0 -1 -2 -3 -2 *  2  3  3  3  2  0 -2 -3 -3 -3 -2 -1  1
 4713.005 -426.204
 -4 -1  2  4  5  5  4  2 -1 -3 -5 -5 -4 *  3  5  6  5  3  0 -3 -5 -6 -6 -4 -1  2
 -2 -1  1  2  3  3  2  1  0 -1 -2 -3 -2 *  2  3  3  3  2  0 -2 -3 -3 -3 -2 -1  1
 4713.005 -422.584
 -3 -1  2  4  5  5  4  2 -1 -3 -5 -5 -4 *  3  5  6  5  3  0 -3 -5 -6 -6 -4 -1  2
 -2 -1  1  2  3  3  2  1  0 -1 -2 -3 -2 *  2  3  3  3  1  0 -2 -3 -3 -3 -2 -1  1
 4713.005 -418.964
 -3 -1  2  4  5  5  4  2 -1 -3 -5 -5 -4 *  3  5  6  5  3  0 -3 -5 -6 -5 -4 -1  2
 -2 -1  1  2  3  3  2  1  0 -1 -2 -2 -2 *  2  3  3  3  1  0 -2 -3 -3 -3 -2 -1  1
 4713.005 -415.344
 -3 -1  1  4  5  5  4  1 -1 -3 -5 -5 -3 *  3  4  5  4  2  0 -3 -5 -6 -5 -3 -1  2
 -2 -1  0  2  3  3  2  1  0 -1 -2 -2 -2 *  2  3  3  2  1  0 -2 -3 -3 -3 -2 -1  1
 4713.005 -411.724
 -3 -1  2  4  5  5  3  1 -1 -3 -4 -4 -3 *  3  4  5  4  2  0 -3 -4 -5 -5 -3 -1  2
 -2 -1  1  2  3  3  2  1  0 -1 -2 -2 -2 *  2  2  3  2  1  0 -2 -2 -3 -3 -2 -1  1
 4713.005 -408.104
 -3 -1  1  3  5  5  3  1 -1 -3 -4 -4 -3 *  3  4  5  4  2  0 -2 -4 -5 -5 -3 -1  2
 -2 -1  1  2  3  3  2  1  0 -1 -2 -2 -2 *  2  2  2  2  1  0 -1 -2 -3 -2 -2  0  1
 4713.005 -404.484
 -3 -1  2  4  5  5  3  1 -1 -3 -4 -4 -3 *  3  4  4  4  2  0 -2 -4 -5 -4 -3  0  2
 -2 -1  1  2  3  2  2  1  0 -1 -2 -2 -2 *  2  2  2  2  1  0 -1 -2 -2 -2 -1  0  1
 4713.006 -400.864
 -3 -1  2  4  5  5  3  1 -1 -3 -4 -4 -3 *  3  4  4  4  2  0 -2 -4 -5 -4 -3  0  2
 -2 -1  1  2  3  3  2  1  0 -1 -2 -2 -2 *  2  2  2  2  1  0 -1 -2 -2 -2 -1  0  1
 4713.006 -357.244
 -3 -1  2  4  5  4  3  1 -1 -3 -4 -4 -3 *  2  4  4  3  2  0 -2 -4 -4 -4 -2  0  2
 -2 -1  1  2  3  2  2  1  0 -1 -2 -2 -2 *  2  2  2  2  1  0 -1 -2 -2 -2 -1  0  1
 4713.006 -353.624
 -3 -1  2  4  4  4  3  1 -1 -3 -4 -4 -3 *  2  4  4  3  2  0 -2 -3 -4 -4 -2  0  2
 -2 -1  1  2  2  2  2  1  0 -1 -2 -2 -2 *  1  2  2  2  1  0 -1 -2 -2 -2 -1  0  1
 4713.006 -350.003
 -2 -1  2  4  4  4  3  1 -1 -3 -4 -4 -3 *  2  3  4  3  2  0 -2 -3 -4 -4 -2  0  2
 -1 -1  1  2  3  2  2  1  0 -1 -2 -2 -2 *  1  2  2  2  1  0 -1 -2 -2 -2 -1  0  1
 4713.006 -346.383
 -2  0  2  4  4  4  3  1 -2 -3 -4 -4 -3 *  2  3  4  3  2  0 -2 -3 -4 -3 -2  0  1
 -1 -1  1  2  2  2  2  0  0 -1 -2 -2 -2 *  1  2  2  1  1  0 -1 -2 -2 -2 -1  0  1
 4713.006 -342.763
 -2  0  2  4  4  4  3  1 -2 -3 -4 -4 -2 *  2  3  3  3  2  0 -2 -3 -4 -3 -2  0  1
 -1 -1  1  2  2  2  1  0 -1 -1 -2 -2 -2 *  1  2  2  1  1  0 -1 -2 -2 -2 -1  0  1
 4713.006 -339.143
 -2  0  2  3  4  4  2  0 -2 -3 -4 -4 -2 *  2  3  3  3  1  0 -2 -3 -3 -3 -2  0  1
 -1 -1  1  2  2  2  1  0 -1 -1 -2 -2 -2 *  1  2  2  1  1  0 -1 -2 -2 -2 -1  0  1
 4713.006 -335.523
 -2  0  2  3  4  4  2  0 -2 -3 -4 -4 -2 *  2  3  3  3  1  0 -2 -3 -3 -3 -2  0  2
 -1 -1  1  2  2  2  1  0 -1 -1 -2 -2 -2 *  1  2  2  1  1  0 -1 -2 -2 -1 -1  0  1
 4713.006 -331.903
 -2 -1  1  3  4  3  2  0 -2 -4 -4 -4 -3 *  2  3  3  2  1  0 -2 -3 -3 -3 -2  0  2
 -2 -1  0  2  2  2  1  0 -1 -1 -2 -2 -2 *  1  2  2  1  0  0 -1 -2 -2 -1 -1  0  1
 4713.006 -328.283
 -2 -1  1  3  4  3  2  0 -2 -3 -4 -4 -3 *  2  3  3  2  1  0 -2 -3 -3 -3 -2  0  1
 -1 -1  0  2  2  2  1  0 -1 -1 -2 -2 -2 *  1  1  1  1  0  0 -1 -2 -2 -1 -1  0  1
 4713.006 -324.663
 -2 -1  1  3  4  3  2  0 -2 -3 -4 -4 -3 *  2  3  3  2  1  0 -2 -2 -3 -2 -1  1  2
 -1 -1  0  2  2  2  1  0 -1 -1 -2 -2 -2 *  1  2  2  1  0  0 -1 -1 -1 -1 -1  0  1
 4713.006 -321.043
 -3 -1  1  3  4  4  2  0 -2 -4 -5 -5 -3 *  3  3  3  2  1  0 -2 -2 -2 -2  0  1  3
 -2 -1  1  2  3  2  1  0 -1 -1 -2 -2 -2 *  2  2  2  1  1  0 -1 -1 -1 -1  0  1  1
 4713.006 -317.423
 -3 -1  1  3  4  4  2  0 -3 -4 -5 -5 -4 *  3  3  3  2  1 -1 -2 -2 -2 -1  0  1  2
 -2 -1  0  2  2  2  1  0 -1 -2 -2 -3 -3 *  2  2  1  1  0  0 -1 -1 -1 -1  0  1  1
 4713.006 -313.803
 -4 -2  1  4  5  5  3 -1 -3 -6 -7 -7 -4 *  2  3  2  2  1  0 -1 -2 -2 -1  0  1  2
 -2 -1  0  2  3  3  1  0 -1 -2 -3 -3 -3 *  1  1  1  1  0  0 -1 -1 -1 -1  0  0  1
 4713.006 -310.183
 -4 -1  2  5  6  5  3 -1 -4 -6 -7 -7 -4 *  2  2  2  2  1  0 -1 -2 -2 -1  0  1  1
 -2 -1  1  3  4  3  1  0 -2 -2 -3 -3 -3 *  1  1  1  1  0  0 -1 -1 -1 -1  0  0  1
 4713.006 -306.563
 -4  0  4  7  8  6  3 -2 -5 -8 -9 -8 -5 *  1  2  2  2  1  0 -1 -2 -3 -2 -2 -1  1
 -2 -1  2  4  4  3  1 -1 -2 -3 -4 -4 -3 *  1  1  1  1  1  0 -1 -1 -1 -1 -1  0  0
 4713.006 -302.943
 -3  0  4  7  7  6  3 -1 -5 -7 -8 -7 -4 *  1  2  3  3  3  1 -1 -2 -3 -4 -3 -2  0
 -2  0  2  3  4  3  1 -1 -2 -3 -3 -3 -3 *  1  1  2  2  2  1  0 -1 -2 -2 -1 -1  0
 4713.006 -259.323
 -3  0  4  6  7  6  3 -1 -5 -7 -8 -7 -3 *  1  3  4  4  4  2 -1 -3 -4 -4 -4 -2  1
 -2  0  1  3  4  3  1 -1 -2 -3 -3 -3 -3 *  1  1  2  2  2  1  0 -1 -2 -2 -1 -1  0
 4713.006 -255.702
 -3  0  4  6  7  6  3 -1 -5 -7 -8 -7 -4 *  1  3  4  5  4  2 -1 -3 -4 -5 -4 -2  1
 -2 -1  1  3  4  3  1 -1 -2 -3 -3 -3 -3 *  1  1  2  2  2  1  0 -2 -2 -2 -2 -1  0
 4713.006 -252.082
 -3  0  4  6  7  5  3 -1 -4 -7 -8 -7 -4 *  1  2  4  5  4  2  0 -3 -4 -5 -5 -3  0
 -2  0  1  3  4  3  1 -1 -2 -3 -3 -3 -2 *  1  1  2  2  2  1  0 -2 -2 -2 -2 -1  0
 4715.455 -438.874
 -4 -2  1  4  5  6  4  2 -1 -3 -5 -5 -4 *  3  5  6  6  4  0 -3 -6 -7 -7 -5 -1  2
 -2 -1  0  2  3  3  2  1  0 -1 -2 -3 -2 *  2  3  4  3  2  0 -2 -3 -4 -4 -3 -1  1
 4715.455 -435.254
 -4 -1  1  4  5  5  4  2 -1 -3 -5 -5 -4 *  3  5  6  5  4  1 -3 -5 -6 -6 -4 -1  2
 -2 -1  0  2  3  3  2  1  0 -1 -2 -2 -2 *  2  3  3  3  2  0 -2 -3 -3 -3 -2 -1  1
 4715.455 -431.634
 -4 -1  1  4  5  5  4  2 -1 -3 -5 -5 -4 *  3  5  6  5  3  0 -3 -5 -6 -6 -4 -1  2
 -2 -1  0  2  3  3  2  1  0 -1 -2 -2 -2 *  2  3  3  3  2  0 -2 -3 -3 -3 -2 -1  1
 4715.455 -428.014
 -3 -1  2  4  5  5  4  2 -1 -3 -5 -5 -4 *  3  5  6  5  3  0 -3 -5 -6 -6 -4 -1  2
 -2 -1  1  2  3  3  2  1  0 -1 -2 -2 -2 *  2  3  3  3  2  0 -2 -3 -3 -3 -2 -1  1
 4715.455 -424.394
 -3 -1  1  4  5  5  4  2 -1 -3 -4 -4 -3 *  3  5  6  5  3  0 -3 -5 -6 -6 -4 -1  2
 -2 -1  1  2  3  3  2  1  0 -1 -2 -2 -2 *  2  3  3  3  1  0 -2 -3 -3 -3 -2 -1  1
 4715.455 -420.774
 -3 -1  1  4  5  5  4  2 -1 -3 -4 -5 -4 *  3  5  5  5  3  0 -3 -5 -6 -5 -4 -1  2
 -2 -1  0  2  3  3  2  1  0 -1 -2 -2 -2 *  2  3  3  3  1  0 -2 -3 -3 -3 -2 -1  1
 4715.455 -417.154
 -3 -1  1  4  5  5  4  2 -1 -3 -4 -5 -3 *  3  5  5  4  3  0 -3 -5 -6 -5 -3 -1  2
 -2 -1  0  2  3  3  2  1  0 -1 -2 -2 -2 *  2  3  3  2  1  0 -2 -3 -3 -3 -2 -1  1
 4715.455 -413.534
 -3 -1  1  3  5  5  4  2 -1 -3 -4 -4 -3 *  3  4  5  4  2  0 -3 -5 -5 -5 -3 -1  2
 -2 -1  0  2  3  3  2  1  0 -1 -2 -2 -2 *  2  2  3  2  1  0 -2 -2 -3 -3 -2 -1  1
 4715.456 -409.914
 -3 -1  1  3  5  5  3  1 -1 -3 -4 -4 -3 *  2  4  4  4  2  0 -2 -4 -5 -5 -3 -1  2
 -2 -1  0  2  2  2  2  1  0 -1 -2 -2 -2 *  2  2  2  2  1  0 -1 -2 -3 -2 -2 -1  1
 4715.456 -406.294
 -3 -1  1  3  4  4  3  1 -1 -3 -4 -4 -3 *  3  4  4  4  2  0 -2 -4 -5 -4 -3  0  2
 -2 -1  0  2  2  2  2  1  0 -1 -2 -2 -2 *  2  2  2  2  1  0 -1 -2 -2 -2 -1  0  1
 4715.456 -402.674
 -3 -1  1  3  4  4  3  1 -1 -3 -4 -4 -3 *  2  4  4  4  2  0 -2 -4 -4 -4 -3  0  2
 -2 -1  0  2  2  2  2  1  0 -1 -2 -2 -2 *  2  2  2  2  1  0 -1 -2 -2 -2 -1  0  1
 4715.456 -359.054
 -3 -1  1  3  4  4  3  1 -1 -3 -4 -4 -3 *  2  4  4  3  2  0 -2 -4 -4 -4 -2  0  2
 -2 -1  0  2  2  2  2  1  0 -1 -2 -2 -2 *  2  2  2  2  1  0 -1 -2 -2 -2 -1  0  1
 4715.456 -355.434
 -3 -1  1  3  4  4  3  1 -1 -3 -4 -4 -3 *  2  3  4  3  2  0 -2 -4 -4 -4 -2  0  2
 -2 -1  1  2  2  2  2  1  0 -1 -2 -2 -2 *  1  2  2  2  1  0 -1 -2 -2 -2 -1  0  1
 4715.456 -351.814
 -3 -1  2  3  4  4  3  1 -1 -3 -4 -4 -3 *  2  3  4  3  2  0 -2 -3 -4 -4 -2  0  1
 -2 -1  1  2  2  2  1  1  0 -1 -2 -2 -2 *  1  2  2  2  1  0 -1 -2 -2 -2 -1  0  1
 4715.456 -348.193
 -2 -1  2  3  4  4  3  1 -1 -3 -4 -4 -3 *  2  3  3  3  2  0 -2 -3 -4 -3 -2  0  1
 -2 -1  1  2  2  2  1  0  0 -1 -2 -2 -2 *  1  2  2  1  1  0 -1 -2 -2 -2 -1  0  1
 4715.456 -344.573
 -2 -1  2  3  4  4  2  1 -2 -3 -4 -4 -3 *  2  3  3  3  2  0 -2 -3 -4 -3 -2  0  1
 -1 -1  1  2  2  2  1  0 -1 -1 -2 -2 -2 *  1  2  2  1  1  0 -1 -2 -2 -2 -1  0  1
 4715.456 -340.953
 -2 -1  2  3  4  4  2  0 -2 -3 -4 -4 -2 *  2  3  3  3  1  0 -2 -3 -3 -3 -2  0  1
 -1 -1  1  2  2  2  1  0 -1 -1 -2 -2 -2 *  1  2  2  1  1  0 -1 -2 -2 -2 -1  0  1
 4715.456 -337.333
 -2  0  2  3  4  4  2  0 -2 -3 -4 -4 -2 *  2  3  3  3  1  0 -2 -3 -3 -3 -2  0  1
 -1 -1  1  2  2  2  1  0 -1 -1 -2 -2 -2 *  1  2  2  1  1  0 -1 -1 -2 -1 -1  0  1
 4715.456 -333.713
 -2 -1  1  3  4  3  2  0 -2 -3 -4 -4 -3 *  2  3  3  3  1  0 -2 -3 -3 -3 -2  0  2
 -1 -1  1  2  2  2  1  0 -1 -1 -2 -2 -2 *  2  2  2  1  1  0 -1 -1 -2 -1 -1  0  1
 4715.456 -330.093
 -2 -1  1  3  4  3  2  0 -2 -3 -4 -4 -2 *  2  3  3  2  1  0 -2 -3 -3 -3 -2  0  1
 -1 -1  1  2  2  2  1  0 -1 -1 -2 -2 -2 *  1  1  1  1  0  0 -1 -2 -2 -1 -1  0  1
 4715.456 -326.473
 -2 -1  1  3  3  3  2  0 -2 -3 -4 -4 -2 *  2  3  3  2  1  0 -2 -3 -3 -2 -1  0  2
 -1 -1  0  1  2  2  1  0 -1 -1 -2 -2 -2 *  1  1  1  1  0  0 -1 -1 -2 -1 -1  0  1
 4715.456 -322.853
 -3 -1  1  2  3  3  2  0 -2 -4 -4 -4 -3 *  3  3  3  2  1  0 -2 -2 -2 -2 -1  1  2
 -2 -1  0  1  2  2  1  0 -1 -1 -2 -2 -2 *  2  2  2  1  0  0 -1 -1 -1 -1  0  1  1
 4715.456 -319.233
 -3 -2  1  3  3  3  2  0 -2 -3 -4 -4 -3 *  3  3  3  2  0 -1 -2 -2 -2 -1  0  2  3
 -2 -1  0  1  2  2  1  0 -1 -1 -2 -2 -2 *  2  2  2  1  0 -1 -1 -1 -1 -1  0  1  1
 4715.456 -315.613
 -5 -2  0  3  4  4  3  0 -3 -5 -6 -7 -5 *  3  3  2  1  0 -1 -2 -2 -1  0  1  2  3
 -3 -2  0  1  2  2  1  0 -1 -2 -3 -3 -3 *  2  2  1  1  0 -1 -1 -1 -1  0  0  1  2
 4715.456 -311.993
 -5 -2  1  4  6  5  3  0 -4 -6 -7 -7 -5 *  2  2  1  0  0 -1 -1 -1 -1  0  1  2  2
 -3 -2  0  2  3  3  1  0 -2 -2 -3 -4 -4 *  1  1  1  0  0 -1 -1 -1  0  0  0  1  1
 4715.456 -308.373
 -4  0  3  6  7  6  3 -2 -5 -8 -9 -8 -5 *  1  1  1  1  0  0 -1 -1 -1  0  1  1  1
 -3 -1  1  3  4  3  1 -1 -3 -3 -4 -4 -4 *  1  1  1  0  0  0  0  0  0  0  0  0  1
 4715.456 -304.753
 -3  1  6  9  9  7  3 -3 -9-11-11 -9 -4 *  0  1  3  3  2  0 -2 -4 -4 -4 -4 -3 -1
 -2 -1  2  5  5  4  1 -2 -4 -5 -5 -5 -4 *  0  0  1  2  1  0 -1 -2 -2 -2 -2 -1 -1
 4715.456 -301.133
 -2  1  4  7  7  6  3 -2 -6 -8 -8 -7 -3 *  1  3  5  6  5  3 -1 -4 -6 -7 -6 -4  0
 -2  0  2  3  4  3  1 -1 -3 -3 -4 -4 -3 *  1  1  3  3  3  2  0 -2 -3 -3 -3 -2 -1
 4715.456 -257.513
 -2  0  4  6  7  6  3 -1 -5 -7 -8 -6 -3 *  2  4  5  5  4  2  0 -3 -5 -5 -4 -2  1
 -2  0  1  3  4  3  1 -1 -2 -3 -3 -3 -3 *  1  2  3  3  2  1  0 -2 -2 -2 -2 -1  0
 4715.456 -253.892
 -3  0  4  6  7  6  3 -1 -4 -7 -8 -7 -4 *  1  3  4  5  4  2 -1 -3 -4 -4 -3 -1  1
 -2 -1  1  3  4  3  1 -1 -2 -3 -3 -3 -2 *  1  1  2  2  2  1  0 -2 -2 -2 -1 -1  0
 4717.905 -437.064
 -4 -2  1  3  5  5  4  2 -1 -3 -5 -5 -4 *  3  5  6  6  3  0 -3 -6 -7 -7 -5 -1  2
 -2 -1  0  2  3  3  2  1  0 -1 -2 -3 -2 *  2  3  3  3  2  0 -2 -3 -4 -4 -3 -1  1
 4717.905 -433.444
 -4 -1  1  3  5  5  4  2 -1 -3 -5 -5 -4 *  3  5  6  5  3  0 -3 -5 -6 -6 -4 -1  2
 -2 -1  0  2  3  3  2  1  0 -1 -2 -2 -2 *  2  3  3  3  2  0 -2 -3 -3 -3 -2 -1  1
 4717.905 -429.824
 -3 -1  1  3  5  5  4  2 -1 -3 -4 -4 -4 *  3  5  6  5  3  0 -3 -5 -6 -6 -4 -1  2
 -2 -1  0  2  3  3  2  1  0 -1 -2 -2 -2 *  2  3  3  3  2  0 -1 -3 -3 -3 -2 -1  1
 4717.905 -426.204
 -3 -1  1  3  5  5  4  2  0 -3 -4 -4 -3 *  3  5  6  5  3  0 -3 -5 -6 -6 -4 -1  2
 -2 -1  0  2  3  3  2  1  0 -1 -2 -2 -2 *  2  3  3  3  2  0 -1 -3 -3 -3 -2 -1  1
 4717.905 -422.584
 -3 -1  1  3  5  5  4  2 -1 -3 -4 -4 -3 *  3  5  6  5  3  0 -3 -5 -6 -5 -3 -1  2
 -2 -1  0  2  3  3  2  1  0 -1 -2 -2 -2 *  2  3  3  3  1  0 -1 -3 -3 -3 -2 -1  1
 4717.905 -418.964
 -3 -1  1  3  5  5  4  2 -1 -3 -4 -4 -3 *  3  5  5  5  3  0 -3 -5 -5 -5 -3 -1  2
 -2 -1  0  2  3  3  2  1  0 -1 -2 -2 -2 *  2  3  3  2  1  0 -1 -2 -3 -3 -2 -1  1
 4717.905 -415.344
 -3 -1  1  3  5  5  4  2 -1 -3 -4 -4 -3 *  3  4  5  4  3  0 -3 -4 -5 -5 -3 -1  2
 -2 -1  0  2  3  3  2  1  0 -1 -2 -2 -2 *  2  3  3  2  1  0 -1 -2 -3 -3 -2 -1  1
 4717.906 -411.724
 -3 -1  1  3  4  5  3  1 -1 -3 -4 -4 -3 *  3  4  5  4  2  0 -2 -4 -5 -5 -3 -1  2
 -2 -1  0  2  2  3  2  1  0 -1 -2 -2 -2 *  2  2  2  2  1  0 -1 -2 -3 -2 -2 -1  1
 4717.906 -408.104
 -3 -1  1  3  4  4  3  1 -1 -3 -4 -4 -3 *  2  4  4  4  2  0 -2 -4 -5 -4 -3 -1  2
 -2 -1  0  2  2  2  2  1  0 -1 -2 -2 -2 *  2  2  2  2  1  0 -1 -2 -3 -2 -2 -1  1
 4717.906 -404.484
 -3 -1  1  3  4  4  3  1 -1 -3 -4 -4 -3 *  2  4  4  4  2  0 -2 -4 -4 -4 -3  0  2
 -2 -1  0  2  2  2  2  1  0 -1 -2 -2 -2 *  2  2  2  2  1  0 -1 -2 -2 -2 -1  0  1
 4717.906 -400.864
 -3 -1  1  3  4  4  3  1 -1 -3 -4 -4 -3 *  2  4  4  3  2  0 -2 -3 -4 -4 -2  0  2
 -2 -1  0  2  2  2  2  1  0 -1 -2 -2 -2 *  2  2  2  2  1  0 -1 -2 -2 -2 -1  0  1
 4717.906 -357.244
 -3 -1  1  3  4  4  3  1 -1 -3 -4 -4 -3 *  2  3  4  3  2  0 -2 -3 -4 -4 -2  0  2
 -2 -1  1  2  2  2  2  1  0 -1 -2 -2 -2 *  1  2  2  2  1  0 -1 -2 -2 -2 -1  0  1
 4717.906 -353.624
 -3 -1  1  3  4  4  3  1 -1 -3 -4 -4 -3 *  2  3  4  3  2  0 -2 -3 -4 -4 -2  0  1
 -2 -1  1  2  2  2  2  1  0 -1 -2 -2 -2 *  1  2  2  2  1  0 -1 -2 -2 -2 -1  0  1
 4717.906 -350.004
 -2 -1  1  3  4  4  3  1 -1 -3 -4 -4 -3 *  2  3  3  3  2  0 -2 -3 -4 -3 -2  0  1
 -2 -1  1  2  2  2  1  1  0 -1 -2 -2 -2 *  1  2  2  1  1  0 -1 -2 -2 -2 -1  0  1
 4717.906 -346.384
 -2 -1  1  3  4  4  3  1 -1 -3 -4 -4 -2 *  2  3  3  3  2  0 -2 -3 -4 -3 -2  0  1
 -1 -1  1  2  2  2  1  0  0 -1 -2 -2 -2 *  1  2  2  1  1  0 -1 -2 -2 -2 -1  0  1
 4717.906 -342.763
 -2 -1  1  3  4  4  2  0 -2 -3 -4 -4 -3 *  2  3  3  3  2  0 -2 -3 -3 -3 -2  0  1
 -1 -1  0  2  2  2  1  0 -1 -1 -2 -2 -2 *  1  2  2  1  1  0 -1 -2 -2 -2 -1  0  1
 4717.906 -339.143
 -2 -1  1  3  4  3  2  0 -2 -3 -4 -4 -2 *  2  3  3  3  1  0 -2 -3 -3 -3 -2  0  1
 -1 -1  0  2  2  2  1  0 -1 -1 -2 -2 -2 *  1  2  2  1  1  0 -1 -1 -2 -1 -1  0  1
 4717.906 -335.523
 -2 -1  1  3  4  3  2  0 -2 -3 -4 -4 -2 *  2  3  3  3  2  0 -2 -3 -3 -3 -2  0  1
 -1 -1  0  2  2  2  1  0 -1 -1 -2 -2 -2 *  1  2  2  1  1  0 -1 -1 -2 -1 -1  0  1
 4717.906 -331.903
 -2  0  2  3  4  4  2  0 -2 -3 -4 -4 -2 *  2  3  3  3  1  0 -2 -3 -3 -3 -2  0  2
 -1 -1  1  2  2  2  1  0 -1 -1 -2 -2 -2 *  1  2  2  1  1  0 -1 -1 -2 -1 -1  0  1
 4717.906 -328.283
 -2  0  1  3  3  3  2  0 -2 -3 -4 -3 -2 *  2  3  3  2  1  0 -2 -3 -3 -3 -1  0  2
 -1 -1  0  1  2  2  1  0 -1 -1 -2 -2 -2 *  1  2  1  1  0  0 -1 -1 -2 -1 -1  0  1
 4717.906 -324.663
 -2 -1  1  2  3  3  2  0 -2 -3 -4 -3 -2 *  3  3  3  3  1  0 -2 -2 -3 -2 -1  1  2
 -1 -1  0  1  2  1  1  0 -1 -1 -2 -2 -2 *  2  2  2  1  1  0 -1 -1 -1 -1 -1  0  1
 4717.906 -321.043
 -3 -1  0  1  2  2  1  0 -2 -3 -4 -4 -3 *  4  4  4  2  1  0 -2 -2 -2 -1  0  2  3
 -2 -1  0  1  1  1  1  0 -1 -1 -2 -2 -2 *  2  2  2  1  0  0 -1 -1 -1 -1  0  1  2
 4717.906 -317.423
 -3 -2  0  2  3  3  2  0 -2 -3 -4 -4 -3 *  5  5  4  2  0 -2 -3 -3 -3 -1  1  4  5
 -2 -1  0  1  2  2  1  0 -1 -1 -2 -2 -2 *  3  3  2  1  0 -1 -2 -2 -1 -1  0  2  2
 4720.355 -438.875
 -4 -2  1  3  5  5  4  2  0 -3 -4 -5 -4 *  3  6  7  6  4  1 -3 -6 -7 -7 -5 -1  2
 -2 -1  0  2  3  3  2  1  0 -1 -2 -3 -3 *  2  3  4  3  2  0 -2 -3 -4 -4 -3 -1  1
 4720.355 -435.255
 -4 -2  1  3  5  5  4  2  0 -3 -4 -5 -4 *  3  5  6  5  4  0 -3 -5 -7 -6 -4 -1  2
 -2 -1  0  2  3  3  2  1  0 -1 -2 -2 -2 *  2  3  3  3  2  0 -2 -3 -4 -3 -3 -1  1
 4720.355 -431.634
 -3 -1  1  3  5  5  4  2  0 -3 -4 -4 -3 *  3  5  6  5  3  0 -3 -5 -6 -6 -4 -1  2
 -2 -1  0  2  3  3  2  1  0 -1 -2 -2 -2 *  2  3  3  3  2  0 -2 -3 -3 -3 -2 -1  1
 4720.355 -428.014
 -3 -2  1  3  4  5  4  2  0 -2 -4 -4 -3 *  3  5  6  5  3  0 -2 -5 -6 -6 -4 -1  2
 -2 -1  0  1  2  3  2  1  0 -1 -2 -2 -2 *  2  3  3  3  2  0 -1 -3 -3 -3 -2 -1  1
 4720.355 -424.394
 -3 -1  1  3  5  5  4  2  0 -2 -4 -4 -3 *  3  5  5  5  3  0 -2 -5 -6 -5 -4 -1  2
 -2 -1  0  2  3  3  2  1  0 -1 -2 -2 -2 *  2  3  3  3  2  0 -1 -2 -3 -3 -2 -1  1
 4720.355 -420.774
 -3 -1  1  3  5  5  4  2  0 -2 -4 -4 -3 *  3  5  5  5  3  0 -2 -4 -5 -5 -3 -1  2
 -2 -1  0  2  3  3  2  1  0 -1 -2 -2 -2 *  2  3  3  2  1  0 -1 -2 -3 -3 -2 -1  1
 4720.356 -417.154
 -3 -2  1  3  4  5  4  2 -1 -3 -4 -4 -3 *  3  4  5  4  3  0 -2 -4 -5 -5 -3 -1  2
 -2 -1  0  2  2  3  2  1  0 -1 -2 -2 -2 *  2  3  3  2  1  0 -1 -2 -3 -3 -2 -1  1
 4720.356 -413.534
 -3 -1  1  3  4  5  3  2 -1 -3 -4 -4 -3 *  3  4  5  4  2  0 -2 -4 -5 -5 -3 -1  2
 -2 -1  0  2  2  3  2  1  0 -1 -2 -2 -2 *  2  2  3  2  1  0 -1 -2 -3 -2 -2 -1  1
 4720.356 -409.914
 -3 -1  1  3  4  4  3  2 -1 -3 -4 -4 -3 *  2  4  4  4  2  0 -2 -4 -5 -4 -3 -1  2
 -2 -1  0  2  2  2  2  1  0 -1 -2 -2 -2 *  2  2  2  2  1  0 -1 -2 -3 -2 -2 -1  1
 4720.356 -406.294
 -3 -1  1  3  4  4  3  1 -1 -3 -4 -4 -3 *  2  4  4  3  2  0 -2 -4 -4 -4 -3 -1  1
 -2 -1  0  1  2  2  2  1  0 -1 -2 -2 -2 *  1  2  2  2  1  0 -1 -2 -2 -2 -1  0  1
 4720.356 -402.674
 -3 -1  1  3  4  4  3  1 -1 -3 -4 -4 -3 *  2  3  4  3  2  0 -2 -3 -4 -4 -3  0  1
 -2 -1  0  1  2  2  2  1  0 -1 -2 -2 -2 *  1  2  2  2  1  0 -1 -2 -2 -2 -1  0  1
 4720.356 -359.054
 -3 -1  1  3  4  4  3  1 -1 -3 -4 -4 -3 *  2  3  4  3  2  0 -2 -3 -4 -4 -2  0  1
 -2 -1  0  2  2  2  2  1  0 -1 -2 -2 -2 *  1  2  2  2  1  0 -1 -2 -2 -2 -1  0  1
 4720.356 -355.434
 -3 -1  1  3  4  4  3  1 -1 -3 -4 -4 -3 *  2  3  4  3  2  0 -2 -3 -4 -3 -2  0  1
 -2 -1  0  2  2  2  2  1  0 -1 -2 -2 -2 *  1  2  2  2  1  0 -1 -2 -2 -2 -1  0  1
 4720.356 -351.814
 -2 -1  1  3  4  4  3  1 -1 -3 -4 -4 -3 *  2  3  3  3  2  0 -2 -3 -4 -3 -2  0  1
 -2 -1  0  2  2  2  2  1  0 -1 -2 -2 -2 *  1  2  2  1  1  0 -1 -2 -2 -2 -1  0  1
 4720.356 -348.194
 -2 -1  1  3  4  4  2  1 -1 -3 -4 -4 -3 *  2  3  3  3  2  0 -2 -3 -3 -3 -2  0  1
 -2 -1  0  2  2  2  1  0  0 -1 -2 -2 -2 *  1  2  2  1  1  0 -1 -2 -2 -2 -1  0  0
 4720.356 -344.574
 -2 -1  1  3  4  4  2  1 -1 -3 -4 -4 -2 *  2  3  3  3  2  0 -2 -3 -3 -3 -2  0  1
 -1 -1  0  2  2  2  1  0  0 -1 -2 -2 -2 *  1  2  2  1  1  0 -1 -1 -2 -1 -1  0  1
 4720.356 -340.954
 -2 -1  1  3  4  4  2  0 -2 -3 -4 -4 -2 *  2  3  3  3  2  0 -1 -2 -3 -3 -2  0  2
 -1 -1  0  2  2  2  1  0 -1 -1 -2 -2 -2 *  1  2  2  1  1  0 -1 -1 -2 -1 -1  0  1
 4720.356 -337.333
 -2  0  2  3  4  4  2  0 -2 -3 -4 -4 -2 *  2  3  3  3  1  0 -2 -3 -3 -3 -2  0  1
 -1 -1  1  2  2  2  1  0 -1 -1 -2 -2 -2 *  1  2  2  1  1  0 -1 -1 -2 -1 -1  0  1
 4720.356 -333.713
 -2  0  2  3  4  4  2  0 -2 -3 -4 -3 -2 *  2  3  3  2  1  0 -2 -3 -3 -3 -2  0  1
 -1 -1  1  2  2  2  1  0 -1 -1 -2 -2 -2 *  1  1  2  1  1  0 -1 -1 -2 -1 -1  0  1
 4720.356 -330.093
 -2  0  2  3  4  3  2  0 -2 -3 -3 -3 -2 *  2  3  3  2  1  0 -2 -2 -3 -3 -2  0  1
 -1  0  1  2  2  2  1  0 -1 -1 -1 -2 -1 *  1  1  1  1  1  0 -1 -1 -1 -1 -1  0  1
 4720.356 -326.473
 -1  0  1  3  3  3  2  0 -2 -3 -3 -3 -2 *  2  3  3  3  2  0 -1 -2 -2 -2 -1  1  2
 -1  0  1  1  2  2  1  0 -1 -1 -2 -2 -1 *  1  2  2  1  1  0 -1 -1 -1 -1 -1  0  1
 4720.356 -322.853
 -1  0  1  2  3  2  1 -1 -2 -3 -3 -3 -2 *  3  4  4  4  2  0 -1 -2 -3 -3 -1  1  3
 -1 -1  0  1  2  1  1  0 -1 -1 -2 -2 -2 *  2  2  2  2  1  0 -1 -1 -1 -1  0  1  1
 4720.356 -319.233
 -1  0  1  2  3  2  1 -1 -2 -3 -3 -2 -1 *  6  6  6  4  2 -1 -3 -4 -5 -4 -1  3  5
 -1 -1  0  1  2  1  1  0 -1 -1 -2 -2 -1 *  3  3  3  2  1  0 -2 -2 -3 -2 -1  1  2
 4720.356 -315.613
 -1  0  0  1  1  2  2  2  1  0 -1 -1 -1 *  6  5  3  1 -1 -4 -6 -6 -4 -1  3  5  6
 -1  0  0  0  1  1  1  1  1  0  0 -1 -1 *  3  3  2  1 -1 -2 -3 -3 -3 -1  0  2  3
 4722.805 -437.065
 -4 -2  1  3  5  5  4  3  0 -2 -4 -4 -4 *  3  5  6  6  4  1 -3 -6 -7 -7 -5 -2  2
 -2 -1  0  1  3  3  2  2  0 -1 -2 -2 -2 *  2  3  4  3  2  0 -2 -3 -4 -4 -3 -1  1
 4722.805 -433.445
 -4 -2  0  3  4  5  4  2  0 -2 -4 -4 -4 *  3  5  6  5  3  0 -3 -5 -7 -6 -4 -2  2
 -2 -1  0  1  2  3  2  1  0 -1 -2 -2 -2 *  2  3  3  3  2  0 -2 -3 -4 -3 -3 -1  1
 4722.805 -429.824
 -3 -2  1  3  4  5  4  2  0 -2 -4 -4 -3 *  3  5  6  5  3  0 -3 -5 -6 -6 -4 -1  2
 -2 -1  0  1  2  3  2  1  0 -1 -2 -2 -2 *  2  3  3  3  2  0 -2 -3 -3 -3 -2 -1  1
 4722.806 -426.204
 -3 -2  1  3  4  5  4  2  0 -2 -4 -4 -3 *  3  5  5  5  3  0 -2 -5 -6 -5 -4 -1  2
 -2 -1  0  1  2  3  2  1  0 -1 -1 -2 -2 *  2  3  3  3  1  0 -1 -2 -3 -3 -2 -1  1
 4722.806 -422.584
 -3 -2  1  3  4  4  4  2  0 -2 -4 -4 -3 *  3  5  5  4  3  0 -2 -4 -5 -5 -3 -1  2
 -2 -1  0  1  2  3  2  1  0 -1 -2 -2 -2 *  2  3  3  2  1  0 -1 -2 -3 -3 -2 -1  1
 4722.806 -418.964
 -3 -2  1  3  4  4  4  2  0 -2 -4 -4 -3 *  3  4  5  4  3  0 -2 -4 -5 -5 -3 -1  2
 -2 -1  0  1  2  3  2  1  0 -1 -1 -2 -2 *  2  3  3  2  1  0 -1 -2 -3 -2 -2  0  1
 4722.806 -415.344
 -3 -2  1  3  4  5  4  2  0 -2 -4 -4 -3 *  3  4  5  4  2  0 -2 -4 -5 -4 -3 -1  2
 -2 -1  0  2  2  3  2  1  0 -1 -1 -2 -2 *  2  2  3  2  1  0 -1 -2 -3 -2 -2  0  1
 4722.806 -411.724
 -3 -1  1  3  4  4  3  2  0 -2 -4 -4 -3 *  2  4  4  4  2  0 -2 -4 -5 -4 -3 -1  2
 -2 -1  0  1  2  3  2  1  0 -1 -2 -2 -2 *  2  2  2  2  1  0 -1 -2 -2 -2 -2 -1  1
 4722.806 -408.104
 -3 -1  1  3  4  4  3  2 -1 -3 -4 -4 -3 *  2  4  4  3  2  0 -2 -4 -4 -4 -3  0  1
 -2 -1  0  1  2  2  2  1  0 -1 -2 -2 -2 *  2  2  2  2  1  0 -1 -2 -2 -2 -1  0  1
 4722.806 -404.484
 -3 -1  1  3  4  4  3  1 -1 -3 -4 -4 -3 *  2  3  4  3  2  0 -2 -3 -4 -4 -2  0  1
 -2 -1  0  1  2  2  2  1  0 -1 -2 -2 -2 *  1  2  2  2  1  0 -1 -2 -2 -2 -1  0  1
 4722.806 -400.864
 -3 -1  1  3  4  4  3  1 -1 -3 -4 -4 -3 *  2  3  3  3  2  0 -2 -3 -4 -4 -2  0  1
 -2 -1  0  1  2  2  2  1  0 -1 -2 -2 -2 *  1  2  2  2  1  0 -1 -2 -2 -2 -1  0  0
 4722.806 -357.244
 -3 -1  1  3  4  4  3  1 -1 -3 -4 -4 -3 *  2  3  3  3  2  0 -2 -3 -4 -3 -2  0  1
 -2 -1  0  1  2  2  2  1  0 -1 -2 -2 -2 *  1  2  2  1  1  0 -1 -2 -2 -2 -1  0  1
 4722.806 -353.624
 -3 -1  1  3  4  4  3  1 -1 -3 -4 -4 -3 *  2  3  3  3  2  0 -2 -3 -3 -3 -2  0  1
 -2 -1  0  1  2  2  1  1  0 -1 -2 -2 -2 *  1  2  2  1  1  0 -1 -1 -2 -2 -1  0  1
 4722.806 -350.004
 -2 -1  1  3  4  4  3  1 -1 -3 -4 -3 -3 *  2  3  3  3  2  0 -2 -3 -3 -3 -2  0  1
 -2 -1  0  1  2  2  1  1  0 -1 -2 -2 -2 *  1  2  2  1  1  0 -1 -1 -2 -2 -1  0  1
 4722.806 -346.384
 -2 -1  1  3  4  4  2  1 -1 -3 -4 -3 -2 *  2  3  3  2  1  0 -2 -3 -3 -3 -2  0  1
 -1 -1  0  1  2  2  1  0  0 -1 -2 -2 -2 *  1  1  2  1  1  0 -1 -1 -2 -1 -1  0  0
 4722.806 -342.764
 -2 -1  1  3  4  3  2  0 -1 -3 -4 -3 -2 *  2  3  3  2  2  0 -1 -2 -3 -3 -2  0  1
 -1 -1  0  1  2  2  1  0  0 -1 -2 -2 -2 *  1  1  2  1  1  0 -1 -1 -2 -1 -1  0  1
 4722.806 -339.144
 -2  0  2  3  4  4  2  1 -1 -3 -3 -3 -2 *  2  3  3  2  1  0 -1 -2 -3 -3 -2  0  1
 -1 -1  1  2  2  2  1  0  0 -1 -1 -2 -2 *  1  1  2  1  1  0 -1 -1 -1 -1 -1  0  1
 4722.806 -335.523
 -2  0  2  3  4  3  2  0 -2 -3 -4 -3 -2 *  2  3  3  2  1  0 -1 -2 -3 -3 -2  0  1
 -1 -1  1  2  2  2  1  0 -1 -1 -2 -2 -2 *  1  1  2  1  1  0 -1 -1 -1 -1 -1  0  1
 4722.806 -331.903
 -2  0  2  3  4  3  2  0 -2 -3 -3 -3 -2 *  2  2  3  2  1  0 -2 -2 -3 -3 -2  0  1
 -1  0  1  2  2  2  1  0 -1 -1 -2 -2 -1 *  1  1  1  1  0  0 -1 -1 -2 -1 -1  0  0
 4722.806 -328.283
 -1  0  2  3  3  3  2  0 -2 -3 -3 -3 -2 *  2  3  3  2  2  0 -1 -2 -2 -2 -1  0  1
 -1  0  1  2  2  2  1  0 -1 -1 -1 -2 -1 *  1  1  1  1  1  0 -1 -1 -1 -1 -1  0  1
 4722.806 -324.663
 -1  1  2  4  4  3  2  0 -2 -3 -4 -3 -2 *  2  3  4  3  2  1 -1 -2 -3 -3 -2  0  2
 -1  0  1  2  2  2  1  0 -1 -1 -2 -2 -1 *  2  2  2  2  1  0  0 -1 -1 -1 -1  0  1
 4722.806 -321.043
  0  2  4  5  5  4  2 -1 -3 -4 -5 -3 -1 *  3  4  5  4  3  1 -2 -3 -4 -4 -3  0  2
  0  0  2  3  3  2  1  0 -1 -2 -2 -2 -1 *  2  2  2  2  1  0 -1 -2 -2 -2 -1  0  1
 4722.806 -317.423
  2  3  4  5  5  3  1 -2 -4 -5 -5 -2  1 *  8  9  8  7  4  1 -3 -5 -7 -6 -3  3  7
  1  1  2  3  3  2  0 -1 -2 -2 -2 -2  0 *  3  4  4  4  2  1 -1 -3 -4 -3 -2 -1  1
 4722.806 -310.183
 -4  1  7 10 10  7  3 -3 -8-11-12-10 -5 *  2  0 -2 -4 -4 -4 -2  0  2  3  4  4  2
 -3 -1  3  5  6  5  2 -1 -3 -4 -5 -5 -4 *  1  0 -1 -2 -2 -2 -1  0  1  1  1  2  1
 4725.255 -438.875
 -4 -2  0  3  5  5  4  3  1 -2 -3 -4 -3 *  3  5  6  6  4  1 -3 -5 -7 -7 -5 -2  2
 -2 -1  0  1  2  3  3  2  1  0 -1 -2 -2 *  2  3  4  3  2  0 -1 -3 -4 -4 -3 -1  1
 4725.255 -435.255
 -4 -2  0  2  4  5  4  3  1 -2 -3 -4 -3 *  3  5  6  6  4  1 -3 -5 -6 -6 -4 -1  2
 -2 -2  0  1  2  3  2  2  1  0 -1 -2 -2 *  2  3  4  3  2  0 -1 -3 -3 -3 -2 -1  1
 4725.255 -431.635
 -3 -2  0  2  4  5  4  2  0 -2 -3 -4 -3 *  3  5  6  5  3  0 -3 -5 -6 -6 -4 -1  2
 -2 -2  0  1  2  3  2  2  1  0 -1 -2 -2 *  2  3  3  3  2  0 -2 -3 -3 -3 -2 -1  1
 4725.256 -428.014
 -3 -2  0  2  4  4  4  2  0 -2 -3 -4 -3 *  3  5  5  5  3  0 -2 -5 -6 -5 -4 -1  2
 -2 -1  0  1  2  2  2  1  0  0 -1 -2 -2 *  2  3  3  3  1  0 -1 -3 -3 -3 -2 -1  1
 4725.256 -424.394
 -3 -2  0  2  4  4  4  2  0 -2 -3 -4 -3 *  3  4  5  4  3  0 -2 -4 -5 -5 -3 -1  2
 -2 -1  0  1  2  2  2  1  0 -1 -1 -2 -2 *  2  3  3  2  1  0 -1 -2 -3 -3 -2 -1  1
 4725.256 -420.774
 -3 -2  0  2  4  4  4  2  0 -2 -3 -4 -3 *  3  4  5  4  3  0 -2 -4 -5 -5 -3 -1  2
 -2 -1  0  1  2  2  2  1  0 -1 -1 -2 -2 *  2  3  3  2  1  0 -1 -2 -3 -2 -2  0  1
 4725.256 -417.154
 -3 -2  0  2  4  4  3  2  0 -2 -3 -4 -3 *  3  4  4  4  2  0 -2 -4 -5 -4 -3 -1  2
 -2 -1  0  1  2  2  2  1  0 -1 -1 -2 -2 *  2  2  3  2  1  0 -1 -2 -3 -2 -2  0  1
 4725.256 -413.534
 -3 -2  1  3  4  4  3  2  0 -2 -4 -4 -3 *  2  4  4  4  2  0 -2 -4 -4 -4 -3  0  2
 -2 -1  0  1  2  2  2  1  0 -1 -1 -2 -2 *  2  2  2  2  1  0 -1 -2 -2 -2 -2  0  1
 4725.256 -409.914
 -3 -2  1  3  4  4  3  2  0 -2 -4 -4 -3 *  2  4  4  3  2  0 -2 -4 -4 -4 -3  0  1
 -2 -1  0  1  2  2  2  1  0 -1 -1 -2 -2 *  2  2  2  2  1  0 -1 -2 -2 -2 -1  0  1
 4725.256 -406.294
 -3 -1  1  3  4  4  3  2  0 -2 -4 -4 -3 *  2  3  4  3  2  0 -2 -3 -4 -4 -2  0  1
 -2 -1  0  1  2  2  2  1  0 -1 -1 -2 -2 *  1  2  2  2  1  0 -1 -2 -2 -2 -1  0  1
 4725.256 -402.674
 -3 -1  1  3  4  4  3  1 -1 -2 -4 -4 -3 *  2  3  3  3  2  0 -2 -3 -4 -3 -2  0  1
 -2 -1  0  1  2  2  2  1  0 -1 -1 -2 -2 *  1  2  2  1  1  0 -1 -2 -2 -2 -1  0  0
 4725.256 -359.054
 -3 -1  1  3  4  4  3  1 -1 -2 -4 -4 -3 *  2  3  3  3  2  0 -2 -3 -3 -3 -2  0  1
 -2 -1  0  1  2  2  2  1  0 -1 -1 -2 -2 *  1  2  2  1  1  0 -1 -2 -2 -2 -1  0  0
 4725.256 -355.434
 -3 -1  1  3  4  4  3  1 -1 -3 -4 -3 -3 *  2  3  3  3  2  0 -2 -3 -3 -3 -2  0  1
 -2 -1  0  1  2  2  1  1  0 -1 -1 -2 -2 *  1  2  2  1  1  0 -1 -1 -2 -2 -1  0  0
 4725.256 -351.814
 -2 -1  1  3  4  4  2  1 -1 -3 -3 -3 -2 *  2  3  3  2  2  0 -1 -2 -3 -3 -2  0  1
 -2 -1  0  1  2  2  1  1  0 -1 -1 -2 -2 *  1  1  2  1  1  0 -1 -1 -2 -1 -1  0  0
 4725.256 -348.194
 -2 -1  1  3  4  3  2  1 -1 -3 -4 -3 -2 *  2  3  3  2  2  0 -1 -2 -3 -3 -2  0  1
 -2 -1  0  1  2  2  1  1  0 -1 -1 -2 -2 *  1  1  2  1  1  0 -1 -1 -1 -1 -1  0  0
 4725.256 -344.574
 -2 -1  1  3  4  3  2  1 -1 -3 -3 -3 -2 *  1  2  3  2  1  0 -1 -2 -3 -3 -2  0  1
 -1 -1  0  1  2  2  1  0  0 -1 -1 -2 -2 *  1  1  1  1  1  0 -1 -1 -1 -1 -1  0  0
 4725.256 -340.954
 -2  0  1  3  3  3  2  1 -1 -3 -3 -3 -2 *  1  2  3  2  1  0 -1 -2 -3 -2 -2  0  1
 -1 -1  0  1  2  2  1  0  0 -1 -1 -2 -1 *  1  1  1  1  1  0 -1 -1 -1 -1 -1  0  0
 4725.256 -337.334
 -2  0  1  3  3  3  2  0 -1 -3 -3 -3 -2 *  1  2  2  2  1  0 -1 -2 -2 -2 -2  0  1
 -1 -1  1  1  2  2  1  0  0 -1 -1 -2 -1 *  1  1  1  1  1  0 -1 -1 -1 -1 -1  0  1
 4725.256 -333.713
 -2  0  2  3  4  3  2  0 -1 -3 -3 -3 -2 *  2  2  2  2  1  0 -1 -2 -2 -2 -1  0  1
 -1  0  1  2  2  2  1  0  0 -1 -1 -2 -1 *  1  1  1  1  0  0 -1 -1 -1 -1 -1  0  0
 4725.256 -330.093
 -1  0  2  3  3  3  2  0 -2 -3 -3 -3 -2 *  1  2  2  2  1  0 -1 -2 -2 -2 -1  0  1
 -1  0  1  2  2  2  1  0 -1 -1 -1 -2 -1 *  1  1  1  1  0  0 -1 -1 -1 -1 -1  0  0
 4725.256 -326.473
 -2  0  2  3  3  3  2  0 -2 -3 -4 -3 -2 *  2  3  3  3  2  1 -1 -1 -2 -2 -1  0  2
 -1  0  1  2  2  2  1  0 -1 -1 -2 -2 -1 *  1  2  2  1  1  0  0 -1 -1 -1  0  0  1
 4725.256 -322.853
 -2  0  3  4  5  4  2 -1 -4 -5 -6 -5 -3 *  2  3  3  3  2  1 -1 -2 -3 -3 -2  0  2
 -1 -1  1  2  3  2  1 -1 -2 -2 -3 -3 -2 *  1  2  2  1  1  0 -1 -1 -2 -1 -1  0  1
 4725.256 -319.233
 -3  0  4  7  7  5  2 -2 -5 -8 -8 -7 -4 *  3  4  4  4  2  1 -1 -3 -3 -3 -2  0  2
 -2 -1  1  3  4  3  1 -1 -2 -3 -4 -4 -3 *  1  2  2  2  1  0 -1 -1 -2 -1 -1  0  1
 4725.256 -315.613
 -2  3  9 11 10  8  3 -2 -7-10-11 -8 -4 *  3  3  3  2  2  1 -1 -1 -1 -1  0  2  3
 -2  0  3  5  5  4  1 -1 -3 -4 -4 -4 -3 *  1  1  1  1  1  0  0 -1 -1 -1  0  0  1
 4725.256 -311.993
 -3  2  6 10 10  8  4 -2 -8-11-11 -9 -4 *  3  2 -1 -3 -4 -3 -2  0  2  4  5  5  4
 -2  0  3  5  6  4  2 -1 -3 -4 -5 -5 -4 *  2  2  0 -1 -2 -2 -1  0  1  1  2  2  2
 4727.705 -437.065
 -3 -2  0  2  4  5  4  3  1 -1 -3 -3 -3 *  3  5  6  6  4  1 -2 -5 -6 -6 -4 -1  2
 -2 -2  0  1  2  3  2  2  1  0 -1 -2 -2 *  2  3  4  3  2  0 -1 -3 -3 -3 -2 -1  1
 4727.706 -433.445
 -3 -2  0  2  4  4  4  3  1 -1 -3 -3 -3 *  3  5  6  5  3  1 -2 -5 -6 -6 -4 -1  2
 -2 -2  0  1  2  3  2  2  1  0 -1 -2 -2 *  2  3  3  3  2  0 -1 -3 -3 -3 -2 -1  1
 4727.706 -429.825
 -3 -2  0  2  4  4  4  2  1 -1 -3 -3 -3 *  3  5  5  5  3  0 -2 -5 -6 -5 -4 -1  2
 -2 -2  0  1  2  2  2  2  1  0 -1 -2 -2 *  2  3  3  3  1  0 -1 -3 -3 -3 -2 -1  1
 4727.706 -426.204
 -3 -2  0  2  3  4  3  2  0 -2 -3 -3 -3 *  3  4  5  4  3  0 -2 -4 -5 -5 -3 -1  2
 -2 -2  0  1  2  2  2  1  1  0 -1 -2 -2 *  2  3  3  2  1  0 -1 -2 -3 -3 -2 -1  1
 4727.706 -422.584
 -3 -2  0  2  3  4  3  2  0 -2 -3 -3 -3 *  3  4  5  4  3  0 -2 -4 -5 -4 -3 -1  2
 -2 -2  0  1  2  2  2  1  1  0 -1 -2 -2 *  2  2  3  2  1  0 -1 -2 -3 -2 -2 -1  1
 4727.706 -418.964
 -3 -2  0  2  4  4  3  2  0 -2 -3 -3 -3 *  3  4  4  4  2  0 -2 -4 -4 -4 -3  0  2
 -2 -1  0  1  2  2  2  1  0  0 -1 -2 -2 *  2  2  3  2  1  0 -1 -2 -2 -2 -1  0  1
 4727.706 -415.344
 -3 -2  0  2  4  4  3  2  0 -2 -3 -4 -3 *  2  4  4  4  2  0 -2 -4 -4 -4 -2  0  2
 -2 -1  0  1  2  2  2  1  0  0 -1 -2 -2 *  2  2  2  2  1  0 -1 -2 -2 -2 -1  0  1
 4727.706 -411.724
 -3 -2  0  2  4  4  3  2  0 -2 -3 -4 -3 *  2  3  4  3  2  0 -2 -3 -4 -4 -2  0  1
 -2 -1  0  1  2  2  2  1  0  0 -1 -2 -2 *  2  2  2  2  1  0 -1 -2 -2 -2 -1  0  1
 4727.706 -408.104
 -3 -2  0  2  4  4  3  2  0 -2 -3 -4 -3 *  2  3  4  3  2  0 -2 -3 -4 -3 -2  0  1
 -2 -1  0  1  2  2  2  1  0 -1 -1 -2 -2 *  1  2  2  2  1  0 -1 -2 -2 -2 -1  0  1
 4727.706 -404.484
 -3 -1  1  2  4  4  3  2  0 -2 -3 -4 -3 *  2  3  3  3  2  0 -2 -3 -3 -3 -2  0  1
 -2 -1  0  1  2  2  2  1  0 -1 -1 -2 -2 *  1  2  2  1  1  0 -1 -2 -2 -2 -1  0  1
 4727.706 -400.864
 -3 -1  1  2  4  4  3  1 -1 -2 -4 -4 -3 *  2  3  3  3  2  0 -2 -3 -3 -3 -2  0  1
 -2 -1  0  1  2  2  2  1  0 -1 -1 -2 -2 *  1  2  2  1  1  0 -1 -2 -2 -2 -1  0  0
 4727.706 -357.244
 -3 -1  1  2  3  4  3  1 -1 -2 -3 -3 -3 *  1  2  3  2  1  0 -2 -3 -3 -3 -2 -1  1
 -2 -1  0  1  2  2  1  1  0 -1 -1 -2 -2 *  1  1  1  1  1  0 -1 -1 -2 -2 -1  0  0
 4727.706 -353.624
 -2 -1  1  3  3  4  2  1 -1 -2 -3 -3 -3 *  1  2  3  2  1  0 -1 -2 -3 -3 -2  0  1
 -2 -1  0  1  2  2  1  1  0 -1 -1 -2 -2 *  1  1  1  1  1  0 -1 -1 -2 -1 -1  0  0
 4727.706 -350.004
 -2 -1  1  3  3  3  2  1 -1 -2 -3 -3 -2 *  2  2  3  2  2  0 -1 -2 -3 -2 -2  0  1
 -2 -1  0  1  2  2  1  1  0 -1 -1 -2 -2 *  1  1  1  1  1  0 -1 -1 -1 -1 -1  0  0
 4727.706 -346.384
 -2 -1  1  3  3  3  2  1 -1 -3 -4 -3 -2 *  1  2  3  2  1  0 -1 -2 -3 -2 -2  0  1
 -2 -1  0  1  2  2  1  0  0 -1 -2 -2 -2 *  1  1  1  1  1  0 -1 -1 -1 -1 -1  0  0
 4727.706 -342.764
 -2 -1  1  3  3  3  2  0 -1 -3 -3 -3 -2 *  1  2  2  2  1  0 -1 -2 -2 -2 -2  0  1
 -1 -1  0  1  2  2  1  0  0 -1 -1 -2 -2 *  1  1  1  1  0  0 -1 -1 -1 -1 -1  0  0
 4727.706 -339.144
 -2  0  1  3  3  3  2  0 -1 -3 -3 -3 -2 *  1  2  2  2  1  0 -1 -2 -2 -2 -1  0  1
 -1 -1  0  1  2  2  1  0  0 -1 -1 -2 -1 *  1  1  1  1  0  0 -1 -1 -1 -1 -1  0  0
 4727.706 -335.524
 -2  0  1  3  3  3  2  0 -1 -3 -3 -3 -2 *  1  2  2  2  1  0 -1 -2 -2 -2 -1  0  1
 -1 -1  0  1  2  2  1  0  0 -1 -1 -2 -1 *  1  1  1  1  0  0 -1 -1 -1 -1 -1  0  0
 4727.706 -331.903
 -2  0  1  3  3  3  2  0 -2 -3 -3 -3 -2 *  1  2  2  2  1  0 -1 -2 -2 -2 -1  0  1
 -1 -1  0  1  2  2  1  0 -1 -1 -1 -2 -1 *  1  1  1  1  0  0 -1 -1 -1 -1 -1  0  0
 4727.706 -328.283
 -2  0  1  3  3  3  1  0 -2 -3 -4 -3 -2 *  2  2  3  2  1  1 -1 -1 -2 -1 -1  1  1
 -1 -1  0  1  2  1  1  0 -1 -1 -2 -2 -2 *  1  1  1  1  1  0  0 -1 -1 -1  0  0  1
 4727.706 -324.663
 -2  0  3  4  4  4  2  0 -3 -4 -5 -4 -2 *  2  3  3  3  2  1 -1 -1 -2 -2 -1  1  2
 -1  0  1  2  2  2  1  0 -1 -2 -2 -2 -2 *  1  2  2  1  1  0  0 -1 -1 -1  0  0  1
 4727.706 -321.043
 -3  0  3  4  4  4  1 -1 -4 -6 -7 -6 -3 *  4  4  4  3  2  0 -1 -1 -2 -1  0  3  4
 -2 -1  1  2  3  2  1  0 -2 -2 -3 -3 -3 *  2  2  2  2  1  0  0 -1 -1 -1  0  1  2
 4727.706 -317.423
 -3  1  5  8  8  6  2 -3 -7 -9 -9 -7 -4 *  3  3  3  1  0 -1 -2 -3 -2 -1  0  2  2
 -2 -1  2  4  4  3  1 -1 -3 -4 -4 -4 -3 *  1  2  1  1  0 -1 -1 -2 -2 -1  0  0  1
 4727.706 -313.803
 -2  2  5  8  8  6  2 -2 -6 -7 -7 -6 -3 *  3  3  2  0 -1 -1 -2 -1 -1  0  1  3  3
 -1  0  2  4  4  3  1 -1 -2 -3 -3 -3 -3 *  1  1  1  0  0 -1 -1 -1 -1  0  0  1  1
 4727.706 -310.183
  0  3  6  8  9  7  3 -1 -5 -7 -7 -5 -1 *  1  0 -2 -4 -4 -4 -2  0  2  4  4  4  2
 -1  0  2  4  5  4  2 -1 -2 -3 -3 -3 -3 *  2  1  0 -2 -2 -2 -1  0  1  1  2  2  2
 4730.156 -438.875
 -3 -2  0  2  3  4  4  3  1 -1 -2 -3 -3 *  3  5  6  6  4  1 -2 -5 -6 -6 -4 -2  2
 -2 -2 -1  1  2  2  2  2  1  0 -1 -2 -2 *  2  3  4  3  2  0 -1 -3 -3 -3 -3 -1  1
 4730.156 -435.255
 -3 -2  0  2  3  4  4  3  1 -1 -2 -3 -3 *  3  5  6  5  4  1 -2 -5 -6 -6 -4 -1  2
 -2 -2 -1  1  2  2  2  2  1  0 -1 -2 -2 *  2  3  3  3  2  0 -1 -3 -3 -3 -2 -1  1
 4730.156 -431.635
 -3 -2  0  2  3  4  4  3  1 -1 -2 -3 -3 *  3  5  5  5  3  1 -2 -4 -5 -5 -4 -1  2
 -2 -2 -1  1  2  2  2  2  1  0 -1 -2 -2 *  2  3  3  3  2  0 -1 -2 -3 -3 -2 -1  1
 4730.156 -428.015
 -3 -2  0  2  3  4  4  2  1 -1 -3 -3 -3 *  3  4  5  4  3  0 -2 -4 -5 -5 -3 -1  2
 -2 -2 -1  1  2  2  2  2  1  0 -1 -2 -2 *  2  3  3  2  1  0 -1 -2 -3 -3 -2 -1  1
 4730.156 -424.395
 -3 -2  0  2  3  4  3  2  1 -1 -3 -3 -3 *  3  4  5  4  3  0 -2 -4 -5 -4 -3 -1  2
 -2 -2 -1  1  2  2  2  1  1  0 -1 -2 -2 *  2  2  3  2  1  0 -1 -2 -3 -2 -2 -1  1
 4730.156 -420.774
 -3 -2  0  2  3  4  3  2  0 -1 -3 -3 -3 *  2  4  4  4  2  0 -2 -4 -4 -4 -3  0  2
 -2 -2  0  1  2  2  2  1  1  0 -1 -2 -2 *  2  2  2  2  1  0 -1 -2 -2 -2 -1  0  1
 4730.156 -417.154
 -3 -2  0  2  3  4  3  2  0 -1 -3 -3 -3 *  2  4  4  3  2  0 -2 -3 -4 -4 -2  0  2
 -2 -2  0  1  2  2  2  1  1  0 -1 -2 -2 *  2  2  2  2  1  0 -1 -2 -2 -2 -1  0  1
 4730.156 -413.534
 -3 -2  0  2  3  4  3  2  0 -2 -3 -3 -3 *  2  3  4  3  2  0 -2 -3 -4 -3 -2  0  1
 -2 -1  0  1  2  2  2  1  1  0 -1 -2 -2 *  1  2  2  2  1  0 -1 -2 -2 -2 -1  0  1
 4730.156 -409.914
 -3 -2  0  2  3  4  3  2  0 -2 -3 -3 -3 *  2  3  4  3  2  0 -2 -3 -3 -3 -2  0  1
 -2 -1  0  1  2  2  2  1  0  0 -1 -2 -2 *  1  2  2  2  1  0 -1 -2 -2 -2 -1  0  1
 4730.156 -406.294
 -3 -2  0  2  3  4  3  2  0 -2 -3 -3 -3 *  2  3  3  3  2  0 -2 -3 -3 -3 -2  0  1
 -2 -1  0  1  2  2  2  1  0  0 -1 -2 -2 *  1  2  2  1  1  0 -1 -2 -2 -2 -1  0  1
 4730.156 -402.674
 -3 -2  0  2  3  4  3  2  0 -2 -3 -4 -3 *  2  3  3  3  2  0 -1 -3 -3 -3 -2  0  1
 -2 -1  0  1  2  2  2  1  0 -1 -1 -2 -2 *  1  2  2  1  1  0 -1 -1 -2 -1 -1  0  0
 4730.156 -359.054
 -3 -1  1  2  3  4  3  1 -1 -2 -3 -3 -3 *  1  2  3  2  1  0 -1 -2 -3 -3 -2  0  1
 -2 -1  0  1  2  2  2  1  0 -1 -1 -2 -2 *  1  1  1  1  1  0 -1 -1 -2 -1 -1  0  0
 4730.156 -355.434
 -3 -1  1  2  3  3  2  1 -1 -2 -3 -3 -3 *  1  2  2  2  1  0 -1 -2 -3 -3 -2  0  1
 -2 -1  0  1  2  2  1  1  0 -1 -1 -2 -2 *  1  1  1  1  1  0 -1 -1 -1 -1 -1  0  0
 4730.156 -351.814
 -2 -1  1  2  3  3  2  1 -1 -2 -3 -3 -2 *  1  2  2  2  1  0 -1 -2 -2 -2 -2 -1  1
 -1 -1  0  1  2  2  1  1  0 -1 -1 -2 -2 *  1  1  1  1  1  0 -1 -1 -1 -1 -1  0  0
 4730.156 -348.194
 -2 -1  1  2  3  3  2  1 -1 -2 -3 -3 -2 *  1  2  2  2  2  0 -1 -2 -2 -2 -1  0  1
 -1 -1  0  1  2  2  1  1  0 -1 -1 -2 -2 *  1  1  1  1  1  0  0 -1 -1 -1 -1  0  0
 4730.156 -344.574
 -2 -1  1  2  3  3  2  1 -1 -3 -3 -3 -2 *  1  2  2  2  1  0 -1 -2 -2 -2 -2  0  1
 -1 -1  0  1  2  2  1  0  0 -1 -1 -2 -2 *  1  1  1  1  0  0 -1 -1 -1 -1 -1  0  0
 4730.156 -340.954
 -2 -1  1  2  3  3  2  0 -1 -3 -3 -3 -2 *  1  2  2  2  1  0 -1 -2 -2 -2 -2  0  1
 -1 -1  0  1  2  2  1  0  0 -1 -1 -2 -1 *  1  1  1  1  0  0 -1 -1 -1 -1 -1  0  0
 4730.156 -337.334
 -2 -1  1  2  3  3  2  0 -1 -3 -3 -3 -2 *  1  2  2  2  1  0 -1 -2 -2 -2 -1  0  1
 -1 -1  0  1  2  2  1  0 -1 -1 -1 -2 -1 *  1  1  1  1  0  0 -1 -1 -1 -1 -1  0  0
 4730.156 -333.714
 -2 -1  1  2  3  3  1  0 -2 -3 -3 -3 -2 *  1  2  2  2  1  0 -1 -1 -2 -2 -1  0  1
 -1 -1  0  1  2  1  1  0 -1 -1 -1 -2 -1 *  1  1  1  1  0  0  0 -1 -1 -1  0  0  0
 4730.156 -330.094
 -2 -1  1  2  3  3  1  0 -2 -3 -4 -3 -2 *  1  2  2  2  1  0 -1 -1 -1 -1 -1  0  1
 -1 -1  0  1  2  1  1  0 -1 -1 -2 -2 -2 *  1  1  1  1  0  0  0 -1 -1 -1  0  0  1
 4730.156 -326.473
 -2  0  2  3  4  3  2  0 -3 -4 -5 -4 -3 *  2  2  3  2  1  1 -1 -1 -1 -1  0  1  2
 -1 -1  1  2  2  2  1  0 -1 -1 -2 -2 -2 *  1  1  1  1  1  0  0 -1 -1 -1  0  0  1
 4730.156 -322.853
 -3 -1  2  3  4  3  1 -1 -4 -5 -6 -5 -3 *  2  3  3  2  2  1  0 -1 -1 -1  0  1  2
 -2 -1  1  2  2  2  1  0 -2 -2 -3 -3 -2 *  1  2  1  1  1  0  0  0 -1  0  0  1  1
 4730.156 -319.233
 -1  2  4  6  6  5  2 -1 -5 -7 -8 -6 -2 *  4  4  4  3  2  1  0 -1 -2 -1  0  2  3
 -1  0  2  3  3  3  1  0 -2 -3 -3 -3 -2 *  2  3  2  2  1  1  0  0 -1  0  0  1  2
 4730.157 -315.613
 -1  2  5  7  7  5  2 -1 -4 -5 -5 -4 -2 *  4  3  1  0 -2 -2 -3 -2 -1  0  2  3  3
 -1  0  2  4  4  3  2  0 -1 -2 -2 -2 -2 *  2  2  1  0 -1 -1 -1 -1 -1  0  0  1  2
 4730.157 -311.993
  0  2  4  5  5  4  2 -1 -3 -3 -3 -2  0 *  2  0 -1 -3 -4 -4 -3 -1  0  2  3  3  2
  0  0  2  3  3  2  1  0 -1 -1 -1 -2 -1 *  1  1  0 -2 -2 -2 -2 -1  0  0  1  1  1
 4732.606 -437.065
 -3 -2 -1  1  3  4  4  3  1  0 -2 -3 -3 *  3  5  6  5  4  1 -2 -4 -6 -6 -4 -1  2
 -2 -2 -1  1  2  2  2  2  1  0 -1 -1 -2 *  2  3  3  3  2  0 -1 -2 -3 -3 -2 -1  1
 4732.606 -433.445
 -3 -2 -1  1  3  4  4  3  1  0 -2 -3 -3 *  3  5  5  5  3  1 -2 -4 -5 -5 -3 -1  2
 -2 -2 -1  1  2  2  2  2  1  0 -1 -1 -2 *  2  3  3  3  2  0 -1 -2 -3 -3 -2 -1  1
 4732.606 -429.825
 -3 -2 -1  1  3  4  4  3  1 -1 -2 -3 -3 *  3  4  5  4  3  0 -2 -4 -5 -5 -3 -1  2
 -2 -2 -1  1  2  2  2  2  1  0 -1 -1 -2 *  2  3  3  2  1  0 -1 -2 -3 -3 -2 -1  1
 4732.606 -426.205
 -3 -2 -1  1  3  4  4  3  1 -1 -2 -3 -3 *  3  4  5  4  3  0 -2 -4 -5 -4 -3 -1  2
 -2 -2 -1  1  2  2  2  2  1  0 -1 -1 -2 *  2  3  3  2  1  0 -1 -2 -3 -2 -2 -1  1
 4732.606 -422.585
 -3 -2 -1  1  3  4  3  2  1 -1 -2 -3 -3 *  2  4  4  4  2  0 -2 -3 -4 -4 -2  0  2
 -2 -2 -1  1  2  2  2  2  1  0 -1 -1 -2 *  2  2  2  2  1  0 -1 -2 -2 -2 -1  0  1
 4732.606 -418.965
 -3 -2  0  1  3  4  3  2  1 -1 -2 -3 -3 *  2  3  4  3  2  0 -2 -3 -4 -4 -2  0  2
 -2 -2 -1  1  2  2  2  1  1  0 -1 -2 -2 *  2  2  2  2  1  0 -1 -2 -2 -2 -1  0  1
 4732.606 -415.344
 -3 -2  0  2  3  4  3  2  0 -1 -3 -3 -3 *  2  3  4  3  2  0 -2 -3 -4 -3 -2  0  1
 -2 -2 -1  1  2  2  2  1  1  0 -1 -2 -2 *  1  2  2  2  1  0 -1 -2 -2 -2 -1  0  1
 4732.606 -411.724
 -3 -2  0  2  3  4  3  2  0 -1 -3 -3 -3 *  2  3  3  3  2  0 -2 -3 -3 -3 -2  0  1
 -2 -2  0  1  2  2  2  1  1  0 -1 -2 -2 *  1  2  2  1  1  0 -1 -1 -2 -2 -1  0  1
 4732.606 -408.104
 -3 -2  0  2  3  4  3  2  0 -2 -3 -3 -3 *  2  3  3  3  1  0 -2 -3 -3 -3 -2  0  1
 -2 -1  0  1  2  2  2  1  0  0 -1 -2 -2 *  1  2  2  1  1  0 -1 -1 -2 -1 -1  0  1
 4732.606 -404.484
 -3 -2  0  2  3  4  3  2  0 -2 -3 -3 -3 *  2  3  3  2  1  0 -1 -2 -3 -2 -1  0  1
 -2 -1  0  1  2  2  2  1  0  0 -1 -2 -2 *  1  1  2  1  1  0 -1 -1 -2 -1 -1  0  1
 4732.606 -400.864
 -3 -2  0  2  3  4  3  2  0 -2 -3 -3 -3 *  1  2  2  2  1  0 -1 -2 -2 -2 -1  0  1
 -2 -1  0  1  2  2  2  1  0  0 -1 -2 -2 *  1  1  1  1  1  0 -1 -1 -1 -1 -1  0  0
 4732.606 -357.244
 -3 -2  0  2  3  3  3  1 -1 -2 -3 -4 -3 *  1  2  2  2  1  0 -1 -2 -2 -2 -2  0  1
 -2 -1  0  1  2  2  1  1  0 -1 -1 -2 -2 *  1  1  1  1  1  0 -1 -1 -1 -1 -1  0  0
 4732.606 -353.624
 -3 -1  1  2  3  3  2  1 -1 -2 -3 -3 -3 *  1  2  2  2  1  0 -1 -2 -2 -2 -2 -1  0
 -2 -1  0  1  2  2  1  1  0 -1 -1 -2 -2 *  1  1  1  1  1  0 -1 -1 -1 -1 -1  0  0
 4732.606 -350.004
 -2 -1  1  2  3  3  2  1 -1 -2 -3 -3 -2 *  1  2  2  2  1  0 -1 -2 -2 -2 -2 -1  0
 -2 -1  0  1  2  2  1  0  0 -1 -1 -2 -2 *  1  1  1  1  1  0  0 -1 -1 -1 -1  0  0
 4735.056 -438.875
 -3 -2 -1  1  2  3  3  3  1  0 -1 -2 -3 *  3  5  6  5  4  1 -2 -4 -6 -6 -4 -1  2
 -2 -2 -1  0  1  2  2  2  1  0  0 -1 -2 *  2  3  3  3  2  0 -1 -2 -3 -3 -2 -1  1
 4735.056 -435.255
 -3 -2 -1  1  2  3  3  3  1  0 -2 -2 -3 *  3  5  5  5  3  1 -2 -4 -5 -5 -3 -1  2
 -2 -2 -1  0  1  2  2  2  1  0  0 -1 -2 *  2  3  3  3  2  0 -1 -2 -3 -3 -2 -1  1
 4735.056 -431.635
 -3 -2 -1  1  2  3  3  3  1  0 -2 -2 -3 *  3  4  5  4  3  1 -2 -4 -5 -5 -3 -1  2
 -2 -2 -1  0  1  2  2  2  1  0  0 -1 -2 *  2  3  3  2  1  0 -1 -2 -3 -3 -2 -1  1
 4735.056 -428.015
 -3 -3 -1  1  2  3  3  3  1  0 -2 -3 -3 *  3  4  5  4  2  0 -2 -4 -5 -4 -3  0  2
 -2 -2 -1  0  1  2  2  2  1  0  0 -1 -2 *  2  3  3  2  1  0 -1 -2 -2 -2 -2  0  1
 4735.056 -424.395
 -3 -2 -1  1  2  3  3  3  1  0 -2 -3 -3 *  2  4  4  3  2  0 -2 -3 -4 -4 -2  0  2
 -2 -2 -1  0  1  2  2  2  1  0 -1 -1 -2 *  2  2  2  2  1  0 -1 -2 -2 -2 -1  0  1
 4735.056 -420.775
 -3 -2 -1  1  2  3  3  2  1 -1 -2 -3 -3 *  2  3  4  3  2  0 -2 -3 -4 -3 -2  0  2
 -2 -2 -1  0  1  2  2  2  1  0 -1 -1 -2 *  2  2  2  2  1  0 -1 -2 -2 -2 -1  0  1
 4735.056 -417.155
 -3 -2 -1  1  2  3  3  2  1 -1 -2 -3 -3 *  2  3  3  3  2  0 -2 -3 -3 -3 -2  0  1
 -2 -2 -1  0  1  2  2  1  1  0 -1 -2 -2 *  1  2  2  1  1  0 -1 -2 -2 -2 -1  0  1
 4735.056 -413.534
 -3 -2  0  1  3  3  3  2  0 -1 -2 -3 -3 *  2  3  3  2  1  0 -2 -3 -3 -3 -2  0  1
 -2 -2 -1  1  2  2  2  1  1  0 -1 -2 -2 *  1  2  2  1  1  0 -1 -1 -2 -2 -1  0  1
 4735.056 -409.914
 -3 -2 -1  1  2  3  3  2  0 -1 -3 -3 -3 *  2  3  3  2  1  0 -1 -2 -3 -2 -1  0  1
 -2 -2 -1  1  1  2  2  1  0  0 -1 -2 -2 *  1  2  2  1  1  0 -1 -1 -1 -1 -1  0  1
 4735.056 -406.294
 -3 -2  0  1  3  3  3  2  0 -1 -3 -3 -3 *  2  2  3  2  1  0 -1 -2 -3 -2 -1  0  1
 -2 -2 -1  1  2  2  2  1  0  0 -1 -2 -2 *  1  1  1  1  0  0 -1 -1 -1 -1 -1  0  1
 4735.056 -402.674
 -3 -2  0  2  3  4  3  2  0 -1 -3 -3 -3 *  2  2  2  2  1  0 -1 -1 -2 -2 -1  1  2
 -2 -1  0  1  2  2  2  1  1  0 -1 -1 -2 *  1  2  2  1  1  0  0 -1 -1 -1  0  0  1
 4735.056 -359.054
 -3 -2  0  2  3  3  3  1 -1 -2 -4 -4 -3 *  1  2  2  2  1  0 -1 -1 -2 -2 -1  0  1
 -2 -2  0  1  2  2  2  1  0 -1 -1 -2 -2 *  1  1  1  1  0  0  0 -1 -1 -1 -1  0  0
 4735.056 -355.434
 -3 -1  1  2  3  4  3  1 -1 -2 -4 -4 -3 *  1  1  2  2  1  1  0 -1 -2 -2 -2 -1  0
 -2 -1  0  1  2  2  2  1  0 -1 -1 -2 -2 *  1  1  1  1  1  0  0 -1 -1 -1 -1  0  0
 4735.056 -351.814
 -2 -1  1  2  3  3  2  1 -1 -2 -3 -3 -3 *  1  1  2  2  2  1  0 -1 -2 -2 -2 -1  0
 -2 -1  0  1  2  2  1  1  0 -1 -1 -2 -2 *  0  1  1  1  1  0  0 -1 -1 -1 -1  0  0
 4735.056 -348.194
 -2 -1  1  2  2  3  2  0 -1 -2 -3 -3 -2 *  0  1  2  2  1  0 -1 -1 -2 -2 -2 -1  0
 -1 -1  0  1  1  1  1  0  0 -1 -1 -2 -2 *  0  1  1  1  1  0  0 -1 -1 -1 -1  0  0
 4737.506 -437.065
 -3 -3 -1  0  2  3  3  3  2  0 -1 -2 -3 *  3  5  6  5  3  1 -2 -4 -5 -5 -4 -1  2
 -2 -2 -1  0  1  2  2  2  1  1  0 -1 -1 *  2  3  3  3  2  0 -1 -2 -3 -3 -2 -1  1
 4737.506 -433.445
 -3 -3 -2  0  2  3  3  3  2  0 -1 -2 -3 *  3  4  5  4  3  0 -2 -4 -5 -5 -3 -1  2
 -2 -2 -1  0  1  2  2  2  1  1  0 -1 -2 *  2  3  3  2  1  0 -1 -2 -3 -3 -2 -1  1
 4739.956 -438.875
 -3 -3 -2 -1  1  2  3  3  2  1 -1 -2 -3 *  3  5  5  5  3  1 -2 -4 -6 -5 -4 -1  2
 -2 -2 -2  0  1  1  2  2  1  1  0 -1 -2 *  2  3  3  3  2  0 -1 -2 -3 -3 -2 -1  1
 4739.956 -435.255
 -3 -3 -2 -1  1  2  3  3  2  1 -1 -2 -3 *  3  5  5  5  3  1 -2 -4 -5 -5 -3 -1  2
 -2 -2 -2  0  1  1  2  2  1  1  0 -1 -2 *  2  3  3  3  1  0 -1 -2 -3 -3 -2 -1  1
 4739.956 -431.635
 -3 -3 -2 -1  1  2  3  3  2  0 -1 -2 -3 *  3  4  5  4  2  0 -2 -4 -5 -4 -3  0  2
 -2 -2 -2  0  1  2  2  2  1  1  0 -1 -2 *  2  3  3  2  1  0 -1 -2 -3 -2 -2  0  1
 4739.956 -348.194
 -1  0  1  2  3  3  2  1  0 -1 -2 -2 -1 *  0  1  1  2  2  1  0 -1 -2 -2 -2 -1 -1
 -1  0  0  1  2  2  1  1  0  0 -1 -1 -1 *  0  0  1  1  1  0  0 -1 -1 -1 -1 -1  0
 4742.406 -437.065
 -4 -3 -3 -1  1  2  3  3  2  1 -1 -2 -3 *  3  5  6  5  3  1 -2 -5 -6 -5 -3 -1  2
 -3 -3 -2 -1  0  1  2  2  1  1  0 -1 -2 *  2  3  4  3  2  0 -1 -3 -3 -3 -2 -1  1
 4742.406 -433.445
 -4 -4 -3 -1  1  2  3  3  2  1 -1 -2 -3 *  3  5  5  4  3  0 -3 -5 -6 -5 -3 -1  2
 -3 -3 -2 -1  0  1  2  2  1  1  0 -1 -2 *  2  3  3  2  1  0 -2 -3 -3 -3 -2 -1  1
 4744.856 -438.875
 -3 -3 -3 -1  0  2  2  3  2  1  0 -2 -3 *  4  6  6  5  4  1 -2 -5 -6 -6 -4  0  3
 -2 -3 -2 -1  0  1  2  2  1  1  0 -1 -2 *  3  4  4  3  2  0 -1 -3 -3 -3 -2 -1  1
 4744.856 -435.255
 -4 -4 -3 -1  0  2  2  2  2  1 -1 -2 -3 *  4  5  6  5  3  0 -3 -5 -6 -6 -3  0  3
 -3 -3 -2 -1  0  1  1  1  1  1  0 -1 -2 *  3  3  3  3  1  0 -2 -3 -4 -3 -2  0  1
 4744.856 -431.635
 -4 -4 -3 -1  0  2  3  3  2  1 -1 -2 -3 *  4  5  5  4  2  0 -3 -5 -6 -5 -3  0  3
 -3 -3 -2 -1  0  1  2  2  1  1  0 -1 -2 *  3  3  3  2  1 -1 -2 -3 -3 -3 -2  0  1
 4744.857 -348.194
 -1 -1  0  1  1  1  0 -1 -1 -2 -2 -1 -1 *  0  0  1  1  1  0  0 -1 -1 -1 -1 -1  0
 -1 -1  0  0  1  1  0  0 -1 -1 -1 -1 -1 *  0  0  0  0  0  0  0  0 -1 -1 -1  0  0
