Paimpol                  	
 4848.642 -257.915
  0  1 -6-11 -9 -6 -5 -5 -4 -1  0  0  0 *  0 -9-33-22-12 -3  6 16 28 19 12  9  3	
  0  0 -1 -3 -3 -3 -3 -2 -1  0  0  0  0 * -1 -6-11 -9 -5  0  4  8 10  7  6  5  2	
 4851.242 -301.682
  3 -9-19-27-20-10 -3  9 19 27 27 17  7 *  3 -9-19-29-23-12 -2 10 19 28 28 18  7	
 -1 -9-12-12 -8 -3  1  7 11 13 12  9  4 * -2-10-14-13 -9 -4  2  7 11 13 12  9  3	
 4849.622 -302.082
  1  8 15 12 27 12 -6-18-29-21-15-12 -2 *  1  2 -3-15-13 -3  2  2  4  4  3  1  0	
 -1  5  8  8 14  4 -3 -7-14 -8 -7 -5 -2 * -1 -1 -1 -1 -2  0  1  1  1  1  1  0  0	
 4853.942 -305.082
  5 10 17 23 24 18  4-10-13 -8 -4 -1  3 *  2  3  5  7  7  5  3 -1 -3 -4 -1  1  1	
  3  9 12 12 10  6  0 -5 -8 -8 -6 -4 -1 *  2  4  4  4  4  3  0 -2 -3 -3 -2 -1  0	
 4852.442 -301.582
 -1  0  2  1  6  8 -1 -7 -6 -1  0 -2 -2 * -1 -7-10-12-14 -7  4 11 14 11  5  5  1	
  0  1  2  2  3 -1 -2 -3 -3 -2 -1  0  0 * -1 -4 -5 -6 -8  3  3  5  6  5  2  1 -1	
 4852.442 -259.882
  3  2 -2 -2  2  2 -3 -7  2  8  7  2  2 *  3  0 -7-10-10 -7  0  5  6 11  9  6  4	
  3  2  1  0  0 -1 -3 -3  1  3  3  3  3 *  1 -2 -2 -3 -3 -1  1  2  2  3  4  3  2	
 4851.542 -257.582
 -3  1  7 14 14 10  2 -4 -6-10 -7 -6 -5 * 12-15-35-41-34-18  2 24 37 42 40 32 20	
 -1  2  7  8  6  3 -1 -3 -4 -5 -4 -3 -2 *  1-15-21-20-14 -5  5 14 19 21 20 17  9	
 4851.542 -303.582
  0  0  1 -1  3  0  0  0  2 -1 -2  0  0 *  0  0  2 -2-12 -5 11 19 22 14 -1  0  0	
  0  1  0  1  2  0  0  0  0 -1  1  0 -1 *  0  0 -3 -4 -4  3  9 11 11  6  2 -2  0	
 4850.242 -303.382
  3 -6-12-18-17 -8 -3  1  9 15 15 11  5 *  3 -8-16-24-21 -9 -1 10 22 26 21 18  7	
  0 -5 -6 -6 -5 -3 -1  2  4  5  5  5  2 * -1 -6 -8 -8 -6 -3  0  4  6  8  8  7  3	
 4847.682 -258.002
  1 -7-15 -4 -2 -2 -3 -4 -6 -1  4  6  3 * -1 -3-16-17-13 -2  6  9 23 20 12  6  1	
  0  0  0  0 -1 -1 -1 -1 -1  0  0  1  0 * -1 -5 -9 -8 -7  0  4  5 10  6  5  4  1	
 4846.742 -255.882
  0 -1 -2 -1 -1 -1 -3 -5 -5 -4 -2  0  0 *  3 -4-11-13-10 -5  5 13 17 17 14 10  5	
 -1  1  1  0  0 -1 -2 -2 -2 -2 -2 -1 -1 *  1 -4 -8 -8 -5 -2  2  6  8  8  8  6  4	
 4845.762 -255.815
 -2  2  3  3  2  0 -4 -7 -8 -7 -5 -4 -2 *  3 -3 -8 -8 -6 -2  5 12 16 16 13  9  5	
 -1  2  3  3  2  0 -2 -4 -4 -4 -3 -3 -2 *  2 -3 -5 -5 -4 -1  2  5  7  7  7  6  4	
 4845.762 -254.415
 -2  0  1  2  2  1 -2 -5 -5 -5 -4 -2 -2 *  6 -2-12-15-12 -6  3 12 17 18 17 13  9	
 -1  1  2  2  1  0 -1 -2 -2 -2 -2 -2 -2 *  3 -3 -7 -9 -7 -3  1  4  7  8  9  7  5	
 4845.762 -253.015
 -1  0  0  1  1  0 -2 -4 -5 -4 -3 -2 -2 *  5 -2-11-15-12 -6  2 10 14 16 15 12  8	
 -1  0  1  1  1  0 -1 -2 -2 -2 -2 -2 -1 *  2 -2 -6 -8 -7 -4  0  3  5  7  7  6  4	
 4845.762 -251.615
 -3 -1  2  3  2  1 -2 -5 -6 -6 -4 -3 -3 *  6 -2-12-16-13 -6  1  9 14 16 15 12  8	
 -1  0  2  2  2  1  0 -2 -2 -3 -3 -2 -2 *  2 -3 -6 -8 -7 -4  0  3  5  7  7  6  4	
 4845.762 -250.215
 -4 -2  2  3  2  1 -2 -5 -7 -6 -6 -5 -4 *  6 -1-10-15-13 -7  0  7 12 14 14 12  8	
 -2  0  2  3  2  1  0 -1 -2 -3 -3 -3 -2 *  2 -2 -5 -7 -6 -4  0  2  4  6  6  5  3	
 4845.762 -248.815
 -4 -2  2  4  3  1 -2 -6 -7 -7 -7 -6 -5 *  6 -1-11-16-15 -9 -1  6 11 14 15 13  8	
 -2  0  2  3  3  1  0 -1 -2 -3 -3 -3 -3 *  2 -3 -6 -7 -6 -4 -1  2  4  6  6  6  3	
 4845.762 -247.415
 -5 -2  3  6  4  1 -2 -6 -8 -9 -9 -8 -6 *  6 -1-10-15-15-10 -3  4  9 13 13 12  8	
 -2  0  2  4  3  2  0 -2 -3 -4 -4 -4 -3 *  1 -2 -5 -7 -6 -4 -1  2  4  5  6  5  3	
 4846.722 -259.315
  0  0 -3 -5 -3 -3 -4 -3 -1  1  3  0  0 *  0  0 -4 -3 -2  0  1  1  2  3  4  0  0	
  0  0  0  0  0 -1 -1 -1  0  0  1  1  0 * -1 -2 -2 -2 -1  1  1  1  1  1  1  1  0	
 4846.722 -255.115
 -1  0 -1  0  1  0 -3 -5 -6 -5 -3 -1 -1 *  7 -3-14-17-14 -7  3 12 18 20 18 15 10	
 -1  1  1  1  1  0 -1 -2 -3 -2 -2 -2 -1 *  3 -4 -8-10 -8 -4  1  5  8  9  9  8  5	
 4846.722 -253.715
 -2  0  2  3  3  2 -1 -5 -6 -6 -4 -2 -2 *  8 -3-16-20-15 -8  2 12 18 20 19 16 11	
 -1  1  2  3  2  1 -1 -2 -3 -3 -3 -2 -2 *  3 -4 -8-10 -9 -5  0  4  8  9 10  8  5	
 4846.722 -252.315
 -3  0  3  4  3  2 -1 -5 -7 -6 -5 -4 -3 *  7 -2-14-18-14 -7  2 11 17 19 18 15 10	
 -1  1  2  3  2  1 -1 -2 -3 -3 -3 -3 -2 *  3 -3 -7 -9 -8 -4  0  3  6  8  9  7  5	
 4846.722 -250.915
 -4 -1  3  4  3  1 -2 -5 -7 -7 -6 -5 -4 *  7 -1-12-17-14 -7  1  9 15 17 17 15 10	
 -2  0  2  3  3  1  0 -2 -3 -3 -3 -3 -2 *  2 -3 -6 -8 -7 -4 -1  3  6  7  8  7  4	
 4846.722 -249.515
 -4 -1  3  4  3  1 -2 -6 -7 -8 -7 -6 -5 *  7 -1-11-17-15 -8  0  8 13 16 16 14 10	
 -2  0  2  3  3  1  0 -2 -3 -3 -4 -3 -3 *  2 -2 -6 -8 -7 -4 -1  2  5  7  7  6  4	
 4846.722 -248.115
 -4 -2  3  5  3  1 -2 -5 -7 -8 -7 -6 -5 *  7 -1-11-17-16-10 -2  5 11 15 15 13  9	
 -2  0  2  3  3  2  0 -2 -3 -3 -4 -4 -3 *  2 -2 -6 -8 -7 -4 -1  2  5  6  7  6  4	
 4847.682 -255.815
  2 -2 -4 -1  1  1 -2 -4 -4 -1  2  4  3 *  5 -8-18-19-15 -8  1 12 18 20 19 16  9	
  0  0  0  1  1  0 -1 -2 -1 -1  0  0  0 *  2 -6-10-10 -8 -4  1  6  8 10 10  8  5	
 4847.682 -254.415
 -1  1  2  3  3  3  0 -4 -5 -5 -3 -1 -1 *  7 -2-15-18-14 -8  1 11 17 19 18 15 10	
  0  1  2  3  2  1  0 -2 -2 -2 -2 -1 -1 *  3 -3 -8-10 -8 -4  0  4  7  9  9  8  5	
 4847.682 -253.015
 -5 -1  6  7  6  4  0 -6-10-10 -9 -8 -6 *  8 -2-15-19-14 -7  2 12 18 20 20 17 11	
 -2  1  4  5  4  2 -1 -3 -4 -5 -5 -5 -3 *  3 -3 -8-10 -8 -4  0  4  7  9 10  8  6	
 4847.682 -251.615
 -4 -1  3  4  3  2 -1 -5 -7 -7 -7 -5 -4 *  8 -1-12-17-13 -5  3 11 16 18 18 15 11	
 -2  1  3  3  2  1 -1 -2 -3 -4 -4 -3 -3 *  3 -2 -6 -8 -7 -4  0  3  6  8  8  7  5	
 4847.682 -250.215
 -4 -1  3  4  2  1 -1 -5 -8 -8 -7 -6 -5 *  8 -1-13-19-16 -8  1  9 15 18 18 16 11	
 -2  0  3  3  2  1 -1 -3 -3 -4 -4 -4 -3 *  3 -3 -7 -9 -8 -5 -1  3  6  8  8  7  5	
 4847.682 -248.815
 -5 -2  4  5  4  2 -1 -5 -8 -9 -8 -7 -6 *  8  0-12-18-16 -9 -1  7 13 17 17 15 11	
 -2  0  3  4  3  1 -1 -2 -3 -4 -4 -4 -3 *  2 -2 -6 -8 -7 -4 -1  2  5  7  8  7  4	
 4847.682 -247.415
 -5 -2  3  4  3  2 -1 -5 -8 -8 -7 -6 -5 *  6 -1-11-18-19-13 -5  3 10 14 15 13  9	
 -3  0  2  3  3  1 -1 -2 -3 -4 -4 -4 -3 *  1 -3 -6 -8 -7 -4 -1  2  4  6  6  6  3	
 4848.642 -256.515
 -3  6  9  7  4  1 -4 -8-10 -9 -7 -6 -4 *  1 -7-14-15-13 -7  2 12 17 17 15  9  4	
  0  4  6  4  2  0 -2 -4 -5 -5 -4 -4 -2 *  0 -6 -9 -9 -7 -3  2  6  8  9  8  6  3	
 4848.642 -255.115
 -4  1  7  7  7  5  1 -5 -8 -9 -7 -6 -5 *  8 -3-17-21-17-11 -2 10 19 21 20 17 12	
 -2  2  4  5  3  2 -1 -3 -4 -4 -4 -4 -3 *  3 -4 -9-11 -9 -5  0  5  8 10 10  9  6	
 4848.642 -253.715
 -4  0  4  5  5  4  1 -4 -8 -8 -7 -6 -5 *  9 -2-16-19-14 -7  2 12 19 22 21 18 13	
 -2  1  3  4  3  1 -1 -3 -4 -4 -4 -4 -3 *  3 -3 -8-10 -8 -4  1  5  8 10 10  9  6	
 4848.642 -252.315
 -5  0  5  5  5  3 -1 -5 -9 -9 -9 -7 -6 * 10 -1-16-21-15 -6  4 14 20 23 23 20 14	
 -2  2  4  4  2  0 -2 -3 -4 -5 -5 -4 -3 *  4 -3 -9-11 -9 -4  1  5  8 10 11  9  6	
 4848.642 -250.915
 -5  0  5  5  5  4  0 -5 -8 -9 -9 -8 -6 * 10  0-16-22-17 -8  1 12 19 23 23 20 14	
 -2  1  4  4  3  1 -2 -4 -4 -5 -5 -4 -3 *  4 -3 -8-11 -9 -5  0  4  7 10 10  9  6	
 4848.642 -249.515
 -4 -1  3  2  3  3  0 -4 -7 -7 -7 -6 -5 *  9  0-14-21-19-11 -1  9 16 20 20 18 12	
 -2  1  3  3  2  0 -2 -3 -4 -4 -4 -3 -3 *  3 -3 -7-10 -8 -5 -1  3  6  8  9  8  5	
 4848.642 -248.115
 -4 -1  3  3  4  4  1 -4 -7 -7 -6 -5 -5 *  8 -1-14-22-21-13 -4  5 13 18 19 16 11	
 -2  0  3  3  2  1 -1 -3 -3 -4 -4 -3 -3 *  2 -3 -7 -9 -8 -5 -2  2  5  7  8  7  4	
 4849.602 -258.615
  0  1 -1 -4  0  3 -2 -5 -4 -2  1  1  0 * -1 -4 -3 -2  0  4  8 11 12 11  8  3  0	
  0  1  0  0  0  0 -2 -2 -2 -1  0  0  0 * -1 -4 -4 -2  0  3  5  6  6  6  5  3  1	
 4849.602 -257.215
 -2  0 -1 -3 -2  1 -2 -5 -5 -4 -3 -3 -3 *  3 -4-14-18-16 -9  1 11 16 17 14 10  5	
 -1  0  0 -1 -1 -1 -2 -3 -2 -2 -2 -2 -2 *  0 -5 -9-10 -7 -4  1  6  8  8  7  6  3	
 4849.602 -255.815
 -6  1  9 10  9  7  1 -5 -9-10-10 -9 -7 *  9 -4-20-25-24-16 -5 10 21 24 23 18 12	
 -2  2  5  5  4  2 -1 -3 -4 -5 -5 -5 -4 *  3 -5-12-14-11 -7 -1  5 10 12 12 10  6	
 4849.602 -254.415
 -4  1  3  4  5  4  0 -4 -7 -7 -6 -5 -5 *  9 -3-16-17-13 -8  0 12 19 22 22 18 12	
 -1  2  3  2  2  0 -1 -3 -4 -4 -4 -3 -3 *  3 -4 -9-10 -7 -3  2  6  9 10 11  9  6	
 4849.602 -253.015
 -4  1  3  3  5  4  0 -4 -7 -7 -6 -5 -4 * 10 -2-17-21-15 -6  4 14 21 24 23 20 13	
 -1  2  3  3  2  0 -2 -3 -4 -4 -4 -3 -2 *  3 -4 -9-11 -9 -4  1  6  9 11 11  9  6	
 4849.602 -251.615
 -4  0  5  5  6  5  1 -4 -7 -8 -7 -6 -5 * 11  0-17-22-17 -9  1 12 20 24 24 21 14	
 -2  2  4  4  2  0 -2 -3 -4 -4 -4 -4 -3 *  4 -3 -9-11 -9 -5  0  5  8 10 11 10  7	
 4849.602 -250.215
 -4  0  3  3  5  5  2 -3 -7 -8 -7 -6 -5 * 11 -1-17-24-20-11  0 11 20 24 25 22 15	
 -2  1  4  3  1  0 -2 -4 -4 -4 -4 -4 -3 *  4 -3 -9-11-10 -6 -1  4  8 10 11 10  7	
 4849.602 -248.815
 -4  0  5  6  7  6  3 -3 -7 -8 -8 -7 -5 * 10 -1-16-26-23-14 -3  8 17 22 23 20 14	
 -2  1  4  4  3  1 -1 -3 -4 -4 -4 -4 -3 *  3 -3 -8-11-10 -7 -2  2  6  9 10  9  6	
 4849.602 -247.415
 -6 -2  5  9 10  9  4 -2 -7-10-10 -9 -7 * 10  0-14-26-26-18 -8  2 12 19 21 19 13	
 -3  1  3  5  4  3  1 -1 -3 -4 -5 -5 -4 *  3 -3 -7-10-10 -7 -3  1  4  7  9  8  5	
 4850.562 -257.915
  2 -7 -7 -4  2  4  6  5  6  9 11 10  5 *  5-10-20-18 -9  0  8 16 22 24 21 17  9	
 -1 -5 -3 -1  1  2  4  4  4  5  5  4  1 *  0 -9-11 -8 -4  2  6 10 11 12 11  8  4	
 4850.562 -256.515
 -4  1  6  9 11  9  4 -3 -7 -8 -7 -6 -5 * 10 -8-29-35-31-20 -4 13 25 30 29 23 15	
 -1  2  4  5  4  3  0 -2 -3 -4 -4 -4 -3 *  3 -9-17-18-14 -8  0  8 13 15 15 12  7	
 4850.562 -255.115
 -4  2  5  8  9  8  2 -5 -8 -9 -8 -7 -6 *  8 -4-17-19-17-12 -2 12 21 25 23 19 12	
 -1  3  5  4  3  2 -1 -3 -5 -5 -5 -4 -3 *  3 -5-10-11 -8 -4  2  7 10 12 12 10  6	
 4850.562 -253.715
 -2  3  2  4  7  6  1 -4 -6 -6 -5 -4 -3 * 11 -4-20-22-16 -8  3 15 25 29 28 24 16	
  0  3  3  2  2  1 -1 -3 -4 -4 -3 -2 -2 *  4 -5-11-12 -9 -4  2  8 11 13 13 12  8	
 4850.562 -252.315
 -4  1  5  6  8  8  3 -4 -8-10 -9 -7 -6 * 13 -1-21-26-20-11  1 14 24 28 28 25 17	
 -1  2  4  4  3  1 -1 -3 -5 -5 -5 -4 -3 *  5 -4-11-13-11 -5  0  6 10 13 13 12  8	
 4850.562 -250.915
 -4  1  4  5  9  9  4 -2 -7 -8 -7 -6 -4 * 12  0-18-25-19-10  0 12 21 27 28 24 17	
 -1  2  4  3  2  1 -1 -3 -5 -5 -4 -4 -3 *  4 -3 -9-12-10 -5  0  5  8 11 12 11  7	
 4850.562 -249.515
 -5  0  6 10 11 10  5 -2 -7-10-10 -9 -7 * 12  0-18-29-25-15 -4  8 18 24 25 23 16	
 -2  2  5  5  4  3  0 -2 -4 -5 -5 -5 -4 *  4 -3 -9-12-12 -8 -3  2  6 10 11 10  7	
 4850.562 -248.115
 -7 -2  7 12 14 12  7  0 -7-11-12-11 -9 * 11  1-15-27-27-18 -7  4 14 21 23 20 14	
 -3  1  4  6  5  4  1 -1 -3 -5 -6 -5 -4 *  3 -2 -7-11-11 -8 -4  1  5  8  9  9  6	
 4851.522 -255.815
 -1  4  4  7 10  8  2 -4 -6 -6 -5 -4 -2 * 11 -7-25-29-25-16 -2 15 29 34 33 27 17	
  1  4  3  3  3  2 -1 -3 -3 -3 -3 -2 -1 *  3 -8-15-16-12 -6  2  9 14 17 16 14  8	
 4851.522 -254.415
 -4  5 11 16 17 13  4 -6-11-12-11 -9 -6 * 13 -8-25-28-23-14 -1 17 29 35 34 28 18	
  0  5  7  7  6  4  0 -4 -6 -6 -6 -5 -3 *  4 -8-15-15-11 -5  2 10 14 17 17 14  9	
 4851.522 -253.015
  0  4  5  9 13 11  6 -1 -5 -5 -3 -2 -1 * 14 -3-26-29-23-13 -1 15 27 33 33 29 19	
  0  4  4  4  4  3  1 -1 -3 -3 -2 -2 -1 *  5 -5-14-15-11 -5  1  7 12 15 15 13  9	
 4851.522 -251.615
 -3  4  6 10 14 12  7 -2 -7 -9 -8 -6 -5 * 13 -1-21-25-19-10  0 13 24 29 30 26 18	
 -1  4  6  5  4  3  0 -3 -5 -5 -5 -4 -2 *  5 -4-11-13-10 -5  1  6 10 13 14 12  8	
 4851.522 -250.215
 -7  0  8 14 15 12  6 -2 -9-12-12-11 -8 * 13  0-20-31-27-17 -4  9 20 27 28 25 18	
 -2  2  5  6  6  4  1 -2 -4 -6 -6 -6 -4 *  5 -3-10-14-13 -8 -3  3  7 11 12 11  8	
 4851.522 -248.815
 -9 -1 12 20 22 19 10  0-10-15-16-15-12 * 14  2-18-32-31-21 -9  4 17 25 27 25 18	
 -3  2  7  9  9  6  3 -1 -5 -7 -8 -7 -6 *  5 -2 -9-14-13 -9 -4  1  6 10 11 11  8	
 4851.522 -247.415
 -8 -2  8 15 18 16 10  2 -6-11-13-12 -9 * 12  1-15-29-29-21-10  1 13 21 24 21 15	
 -3  1  5  7  7  5  2  0 -3 -5 -6 -6 -5 *  4 -2 -8-11-11 -8 -4  0  5  8 10  9  6	
 4852.482 -303.515
  0  0 -2 -3 -2  1 -1  0  3  4  2  0  0 *  0  0  0 -6-16-10  8 18 20 10  4  0  0	
  0 -1 -2 -1 -1 -1  0  1  2  1  2  1  0 * -1 -3 -4 -5 -5  1  7  8  7  4  2  1  0	
 4852.482 -257.915
 -1 11 19 20 18 11  1-11-13-12-12 -9 -4 * 12-15-34-40-36-22 -4 21 38 45 43 34 20	
  4 10 11 10  7  3 -3 -7 -7 -6 -5 -4  0 *  2-13-20-20-15 -7  2 12 19 21 21 17  9	
 4852.482 -256.515
 -3 11 21 26 24 16  4 -9-15-16-16-13 -7 * 13-13-35-42-37-23 -5 19 36 43 42 34 21	
  2 10 12 12 10  5 -1 -6 -8 -8 -8 -6 -2 *  3-12-20-21-16 -8  2 12 18 21 20 17 10	
 4852.482 -255.115
  0  7 14 21 22 16  7 -5-10 -9 -8 -5 -2 * 11 -7-25-30-27-17 -4 14 28 34 33 26 17	
  2  7  9 10  8  5  1 -3 -5 -5 -4 -3 -1 *  4 -8-15-16-12 -6  1  8 14 16 16 13  8	
 4852.482 -253.715
 -5  7 18 25 25 19  9 -5-14-17-16-13 -9 * 14 -5-24-28-24-16 -3 15 29 36 36 30 20	
 -1  7 11 11 10  6  2 -4 -7 -8 -8 -7 -4 *  5 -7-14-15-11 -6  1  8 14 17 17 15 10	
 4852.482 -252.315
 -2  5  8 13 16 13  7 -1 -7 -8 -7 -5 -3 * 14  0-20-22-16 -9  1 13 24 31 32 28 19	
  0  5  6  6  6  4  1 -2 -4 -5 -4 -3 -2 *  5 -3-11-12 -9 -3  2  7 11 14 14 13  9	
 4852.482 -250.915
 -8  0 11 20 22 17  9 -1-10-14-15-13-10 * 15  1-23-34-29-18 -5 10 22 30 32 28 20	
 -3  3  7  9  9  6  3 -1 -4 -7 -7 -7 -5 *  5 -3-11-16-14 -9 -2  3  9 13 14 13  9	
 4852.482 -249.515
 -8 -1 10 20 24 20 12  2 -8-13-14-13-10 * 15  2-20-34-32-22 -9  4 18 27 29 26 19	
 -3  2  6  9  9  7  4  0 -3 -6 -7 -6 -5 *  5 -2 -9-14-14-10 -4  1  6 10 12 11  8	
 4852.482 -248.115
-10 -2 12 23 26 22 13  3 -8-15-17-16-13 * 14  3-17-31-30-22-10  2 15 24 27 25 18	
 -4  2  7 10 10  8  4  0 -4 -7 -8 -8 -6 *  5 -2 -8-13-13 -9 -4  0  5  9 11 10  8	
 4853.442 -302.815
  0  0 13 19 19 12 -2-12-11 -7 -1  0  0 *  0  0-12-18-19-11  5 18 21 17  9  0  0	
  6  9 10 10  7  2 -5 -7 -6 -5 -2  0  4 * -3 -7 -9-10 -7 -1  7 10 11  8  5  2 -1	
 4853.442 -301.415
  0  3  7 12 13  9  1 -8 -9 -8 -4 -2  0 * -4 -9-12-17-15 -8  2 13 16 15 10  5 -1	
  2  4  6  6  5  3 -1 -4 -5 -5 -3 -2  0 * -5 -8 -9 -8 -5 -1  4  8  9  8  6  3 -2	
 4853.442 -300.015
  0  7 12 14 15 11  3-10-14-10 -8 -6 -3 * -6 -7 -6 -7 -6 -3  2  8  4  0 -2 -4 -6	
  1  6  7  8  6  4  0 -6 -8 -7 -6 -4 -2 * -4 -6 -5 -4 -2  0  3  5  3  1 -1 -2 -3	
 4853.442 -258.615
  0  8 12 14 14 11  4 -8-13-12-10 -7 -3 *  6 -6-16-20-18-11 -2 10 20 24 22 17 10	
  1  6  8  8  6  4  0 -5 -7 -7 -6 -4 -1 *  1 -6-10-10 -8 -3  1  5  9 11 10  8  4	
 4853.442 -257.215
  1  8 13 16 16 12  4 -8-11-10 -8 -5 -1 * 10 -5-21-28-26-18 -5 11 25 31 29 22 14	
  3  7  9  9  7  4  0 -5 -6 -5 -3 -2  0 *  4 -6-13-14-11 -6  0  6 12 14 14 12  8	
 4853.442 -255.815
 -5 12 28 35 33 23  9-10-21-24-24-19-11 * 12-11-30-39-36-25 -9 14 32 39 37 30 18	
  1 11 16 17 14  8  1 -6-11-12-11 -8 -4 *  3-10-18-19-16 -9 -1  9 16 19 19 15  9	
 4853.442 -254.415
 -4 10 25 36 35 26 12 -6-16-19-18-14 -8 * 16 -7-26-32-30-20 -5 14 30 39 39 32 22	
  1  9 14 16 15 10  3 -4 -8-10 -9 -7 -3 *  6 -8-15-16-13 -7  0  8 15 18 19 16 11	
 4853.442 -253.015
 -6  6 18 28 29 23 11 -3-13-17-16-14 -9 * 16 -1-23-28-24-16 -4 11 26 34 35 30 21	
 -1  6 10 13 12  8  4 -2 -6 -8 -9 -7 -4 *  6 -4-12-14-11 -6  0  6 12 15 16 15 10	
 4853.442 -251.615
-11  0 17 30 32 25 13  0-13-20-21-19-14 * 17  1-24-35-31-21 -7  8 24 33 35 31 22	
 -4  3  9 13 13 10  5  0 -5 -9-10 -9 -7 *  7 -3-12-16-14 -9 -3  4 10 14 16 14 10	
 4853.442 -250.215
-11  0 15 29 32 26 15  2-11-18-20-19-14 * 16  3-20-34-32-22 -9  4 19 28 31 28 21	
 -4  3  8 12 12 10  5  1 -4 -8-10 -9 -7 *  6 -1 -9-15-14 -9 -4  1  7 11 13 12  9	
 4853.442 -248.815
-11 -2 13 26 29 24 15  3 -9-17-19-18-14 * 14  3-17-31-30-21-10  2 15 25 28 26 19	
 -4  2  7 11 11  9  5  1 -4 -7 -9 -9 -7 *  5 -2 -8-13-13 -9 -4  1  5 10 12 11  8	
 4853.442 -247.415
-11 -2 12 24 27 23 14  4 -8-16-19-18-14 * 13  3-15-28-28-20-10  1 13 22 26 24 17	
 -4  1  7 10 10  8  5  1 -3 -7 -9 -8 -7 *  4 -1 -7-11-11 -8 -4  0  5  8 10 10  7	
 4854.402 -303.515
  7 11 14 16 16 11  2-11-12 -5  3  5  5 * -2 -3 -3 -4 -3 -1  4  7  6  4  1 -1 -2	
  5  9 10  9  7  3 -2 -6 -7 -5 -2  1  3 * -2 -2 -2 -2 -1  1  3  3  2  1  0 -1 -2	
 4854.402 -302.115
  6 15 22 26 25 17  5-11-16-13 -8 -4  2 * -3 -9-14-17-17-10  0 12 18 16 12  7  0	
  5 11 14 14 11  6 -1 -7 -8 -8 -6 -3  1 * -3 -7 -8 -9 -7 -3  2  7  9  9  7  4  0	
 4854.402 -300.715
  2 15 27 33 32 23  9-10-21-20-15-10 -3 * -1-11-19-24-22-15 -4 12 19 19 17 11  4	
  3 11 16 17 14  9  1 -6-10-11-10 -6 -2 * -2 -9-11-12 -9 -5  0  7 10 10  9  6  2	
 4854.402 -259.315
 -4  9 21 29 29 22 10 -6-20-22-19-14 -8 *  1-11-18-20-18-11 -2 11 18 18 16 11  4	
  0  7 12 14 12  8  2 -4 -9-12-11 -8 -4 * -2 -9-11-10 -8 -4  1  7  9  9  8  5  1	
 4854.402 -257.915
 -2  7 17 23 24 19 10 -4-16-17-14-10 -5 *  3 -5-13-17-16-11 -3  6 14 17 14 10  5	
  0  6  9 11 10  7  3 -2 -8-10 -9 -7 -3 *  0 -5 -8 -9 -7 -4  0  4  6  7  7  5  2	
 4854.402 -256.515
  1  8 16 23 24 19 11 -3-13-12 -7 -4 -1 *  3 -1-10-15-15-10 -3  5 11 12  9  6  4	
  1  6 10 11 11  8  3 -2 -7 -8 -6 -4 -1 *  1 -3 -6 -7 -6 -3  0  3  5  6  5  4  2	
 4854.402 -255.115
 -5 12 30 41 41 31 17 -4-20-24-22-17-10 * 10 -1-12-18-18-13 -5  6 16 23 25 20 13	
  0 10 16 19 18 13  6 -3 -9-12-12 -9 -5 *  5 -2 -7 -9 -8 -5 -1  3  7 10 11 10  8	
 4854.402 -253.715
-11  7 29 43 43 32 17 -3-20-27-27-23-16 * 17 -1-20-29-27-19 -7  8 25 34 36 31 22	
 -3  8 15 19 18 13  6 -2 -9-13-14-12 -7 *  7 -4-11-14-12 -7 -2  5 11 15 17 15 11	
 4854.402 -252.315
-14  0 22 38 39 30 17  1-16-26-28-25-19 * 18  4-22-35-32-22 -9  5 22 33 35 32 23	
 -5  4 11 16 16 12  7  0 -7-11-13-12 -9 *  8 -1-11-16-14 -9 -3  2  9 13 16 15 11	
 4854.402 -250.915
-14 -2 17 33 36 28 17  4-11-21-24-23-18 * 16  4-19-32-30-21 -9  4 18 28 31 28 20	
 -5  2  8 13 14 11  7  1 -4 -9-11-11 -8 *  6 -1 -9-14-13 -9 -4  2  7 11 13 12  9	
 4854.402 -249.515
-14 -2 16 31 34 28 17  4-10-20-23-22-17 * 15  4-16-29-28-20 -9  2 15 25 28 26 19	
 -5  2  8 13 14 11  6  1 -4 -8-11-10 -8 *  5 -1 -8-13-12 -8 -4  1  5  9 12 11  8	
 4854.402 -248.115
-13 -2 14 28 31 26 16  4 -9-18-21-20-16 * 14  3-15-27-27-19 -9  2 13 23 26 24 17	
 -5  2  8 11 12 10  6  1 -4 -8-10 -9 -7 *  5 -1 -7-12-11 -8 -3  1  5  9 10 10  7	
 4855.362 -305.615
  1 13 26 34 34 26 14 -6-22-24-18-12 -4 * -2 -4 -4 -4 -3 -1  1  3  4  3  2  0 -1	
 -2  7 14 16 15 11  5 -3-10-13-13-10 -6 * -1 -2 -2 -2 -1  0  1  2  2  1  1  0 -1	
 4855.362 -304.215
  0 13 26 35 35 27 14 -5-21-23-18-11 -4 * -3 -5 -6 -7 -6 -3  1  5  5  3  0 -1 -2	
 -1  7 14 17 15 11  5 -3 -9-13-13-10 -5 * -2 -3 -4 -3 -2 -1  1  2  2  1  1 -1 -1	
 4855.362 -302.815
  2 13 25 32 32 25 13 -5-21-23-16 -9 -2 *  0 -4 -8 -9 -8 -5 -1  4  6  6  5  3  1	
  0  8 13 15 14 10  4 -3-10-12-11 -8 -4 * -2 -3 -4 -4 -3 -2  0  1  2  2  2  1 -1	
 4855.362 -301.415
 -1 13 28 36 35 27 14 -5-20-23-20-13 -6 *  3 -2 -8-12-12 -8 -2  5 10 12 12  9  5	
 -1  9 15 17 15 11  5 -3 -9-12-12 -9 -5 *  0 -3 -5 -6 -5 -2  0  3  5  6  5  4  2	
 4855.362 -300.015
 -5 14 34 44 42 32 17 -5-25-30-26-19-10 *  3 -4-11-16-15-11 -3  6 14 17 15 11  6	
 -2 10 18 21 19 13  6 -3-11-15-15-12 -7 *  0 -4 -7 -8 -6 -4  0  4  7  8  7  6  3	
 4855.362 -258.615
 -5  9 26 36 35 27 14 -2-19-24-22-17-10 *  4 -7-17-22-21-14 -5  7 18 21 19 14  7	
 -3  6 14 16 15 11  5 -2 -8-12-13-10 -6 *  0 -6-10-11 -9 -5  0  4  8 10  9  7  3	
 4855.362 -257.215
-10  4 24 36 36 28 16  0-17-24-23-20-14 *  4 -3-13-20-19-14 -5  4 12 14 13  9  6	
 -5  4 12 16 15 11  6  0 -7-11-13-11 -8 *  1 -4 -8 -9 -8 -5 -1  3  5  6  6  5  3	
 4855.362 -255.815
-13  3 24 36 37 28 16  0-18-27-29-25-18 *  6  1 -6-12-12 -9 -3  4  9 13 12 10  7	
 -6  4 12 16 16 12  6  0 -7-13-15-14-10 *  2 -1 -4 -5 -5 -3  0  2  4  5  5  5  4	
 4855.362 -254.415
-17  0 28 44 44 34 19  2-19-31-33-30-22 * 12  2-10-16-16-11 -4  5 15 23 24 21 15	
 -7  3 14 20 19 14  8  1 -8-14-16-15-11 *  5 -1 -6 -8 -7 -4 -1  3  6  9 11 10  7	
 4855.362 -253.015
-16 -2 24 40 41 32 18  2-16-28-31-28-21 * 15  4-14-24-23-17 -7  4 17 26 29 26 19	
 -7  2 12 18 17 13  7  1 -6-12-14-14-10 *  6  0 -7-11-10 -6 -2  2  7 11 13 12  9	
 4855.362 -251.615
-17 -3 22 41 42 33 19  3-15-27-31-29-22 * 15  4-16-27-26-19 -8  3 16 26 29 26 19	
 -7  2 11 17 17 13  8  1 -5-11-14-14-11 *  6  0 -8-12-11 -7 -3  2  6 10 12 12  9	
 4855.362 -250.215
-16 -3 19 36 38 31 18  4-12-24-28-26-20 * 14  4-15-26-25-18 -8  3 14 23 26 24 18	
 -6  2 10 15 16 12  7  2 -4-10-12-12-10 *  5 -1 -7-11-11 -7 -3  1  5  9 11 10  8	
 4855.362 -248.815
-15 -4 15 31 35 28 17  5 -9-20-24-23-18 * 12  3-13-23-23-17 -7  2 12 21 23 21 15	
 -6  1  8 13 14 11  7  2 -3 -8-11-11 -9 *  4 -1 -6-10-10 -6 -3  1  5  8  9  9  6	
 4855.362 -247.415
-13 -3 14 28 31 26 16  5 -8-18-21-20-16 * 11  2-13-24-24-17 -8  1 12 20 23 21 15	
 -5  1  7 11 12 10  6  2 -3 -7-10-10 -8 *  4 -2 -7-10-10 -7 -3  1  4  7  9  8  6	
 4856.322 -304.915
-10  4 24 35 36 29 18  2-17-27-26-21-14 * -3 -4 -5 -4 -3 -1  1  4  4  2  0 -1 -2	
 -6  3 11 16 16 12  7  1 -6-12-14-13 -9 * -2 -3 -3 -2 -1  0  1  2  2  1  0 -1 -2	
 4856.322 -303.515
 -9  5 24 34 35 29 17  1-18-27-26-21-13 * -1 -5 -6 -8 -7 -4  0  4  6  5  3  2  0	
 -5  4 11 16 15 12  7  0 -7-12-14-13 -9 * -2 -3 -4 -4 -3 -1  1  2  3  2  1  0 -1	
 4856.322 -302.115
 -8  4 22 33 33 27 16  1-17-25-24-19-12 *  1 -3 -5 -7 -7 -4  0  4  6  7  6  4  2	
 -5  3 11 15 15 11  6  0 -7-11-13-12 -9 * -1 -3 -3 -3 -2 -1  1  2  3  3  2  1  0	
 4856.322 -300.715
 -9  7 27 38 38 30 17  0-20-29-27-22-13 *  4 -1 -7-11-10 -7 -1  5 10 12 12 10  6	
 -5  5 13 17 17 12  7  0 -8-13-15-13 -9 *  1 -3 -5 -5 -4 -2  1  3  5  5  5  4  2	
 4856.322 -259.315
-11  5 26 38 39 30 17  0-19-29-29-24-16 *  5 -2-11-16-16-11 -4  5 13 17 16 13  8	
 -5  5 13 17 17 12  6 -1 -8-13-15-14-10 *  1 -3 -6 -8 -6 -4  0  3  6  7  7  6  3	
 4856.322 -257.915
-15  0 24 37 38 29 17  0-18-30-31-27-20 *  9 -1-14-23-23-16 -7  4 14 20 21 18 12	
 -7  3 12 17 16 12  6  0 -7-13-15-14-10 *  3 -3 -8-11 -9 -6 -2  3  6  8  9  8  5	
 4856.322 -256.515
-21 -4 24 41 42 33 19  2-19-34-37-34-26 *  9  1-12-21-20-15 -6  3 12 18 19 17 12	
 -9  1 12 18 17 13  7  0 -7-14-17-17-13 *  3 -2 -7 -9 -9 -5 -2  2  5  7  8  7  5	
 4856.322 -255.115
-20 -5 22 37 38 30 17  2-18-32-35-33-25 *  9  2 -8-15-15-10 -4  3 11 16 18 15 11	
 -9  0 11 16 16 12  7  0 -7-13-17-16-13 *  3 -1 -5 -7 -6 -4 -1  2  4  6  7  7  5	
 4856.322 -253.715
-19 -5 19 34 35 28 16  2-15-28-31-29-23 * 11  3 -9-17-17-12 -5  4 13 20 22 19 14	
 -8  0  9 15 14 11  6  0 -6-11-14-14-11 *  5  0 -5 -7 -7 -4 -1  2  5  7  9  8  7	
 4856.322 -252.315
-19 -5 19 37 39 31 18  3-14-28-33-31-24 * 12  4-10-20-21-15 -6  3 13 20 23 21 15	
 -8  0  9 16 16 12  7  1 -5-11-15-15-12 *  5  0 -5 -9 -8 -6 -2  2  5  8  9  9  7	
 4856.322 -250.915
-19 -5 19 37 39 31 19  4-13-26-31-29-23 * 12  3-12-21-22-16 -7  2 12 20 23 21 15	
 -8  1  9 15 16 12  7  1 -5-10-14-14-11 *  5  0 -6 -9 -9 -6 -2  1  5  8  9  9  7	
 4856.322 -249.515
-18 -5 17 35 38 31 19  5-11-24-29-27-22 * 11  3-11-21-22-16 -8  1 11 19 22 20 14	
 -7  0  9 14 15 12  7  2 -4-10-13-13-11 *  4 -1 -6 -9 -9 -6 -3  1  4  7  9  8  6	
 4856.322 -248.115
-15 -4 15 31 35 29 18  5 -9-20-25-23-19 * 11  2-11-21-22-17 -8  1 11 18 21 19 14	
 -6  1  8 13 14 11  7  2 -3 -8-11-11 -9 *  3 -1 -6 -9 -9 -6 -3  1  4  7  8  8  6	
 4857.282 -305.615
-13  0 19 33 35 30 19  3-14-26-28-25-18 * -3 -4 -4 -4 -3 -1  1  3  4  2  0 -1 -2	
 -7  2 10 14 15 12  7  1 -5-11-14-14-11 * -2 -2 -2 -2 -1  0  1  2  2  1  0 -1 -2	
 4857.282 -304.215
-14  0 19 32 34 29 18  3-14-27-29-25-18 * -1 -4 -6 -6 -5 -2  1  4  5  4  3  1 -1	
 -7  2 10 14 15 12  7  1 -5-11-14-14-11 * -2 -3 -3 -3 -2  0  1  2  3  2  1  0 -1	
 4857.282 -302.815
-14  0 20 32 34 29 18  3-16-28-30-26-19 *  0 -4 -7 -8 -7 -4  0  5  7  6  5  3  1	
 -7  2 10 14 15 12  7  1 -6-12-15-14-11 * -1 -3 -4 -4 -3 -1  1  3  3  3  2  1  0	
 4857.282 -301.415
-14  0 21 34 35 29 18  3-16-28-30-25-18 *  2 -2 -6 -8 -7 -4  0  4  7  8  7  6  3	
 -7  2 10 15 15 12  7  1 -6-12-15-14-10 *  0 -3 -4 -4 -3 -1  1  2  3  3  3  2  1	
 4857.282 -300.015
-14 -1 21 35 36 30 18  3-16-28-30-26-19 *  5  0 -7-10-10 -6 -1  4  9 11 12 10  6	
 -7  2 11 15 15 12  7  1 -6-12-14-14-10 *  1 -2 -4 -5 -4 -2  0  2  4  5  5  4  2	
 4857.282 -258.615
-14 -2 17 30 32 26 16  3-13-24-26-23-17 *  8  0-10-16-15-10 -3  5 11 15 16 14 10	
 -6  2  9 13 13 11  6  1 -5-10-12-12 -9 *  2 -3 -6 -7 -6 -3  0  3  5  6  6  5  4	
 4857.282 -257.215
-18 -3 20 36 37 30 18  3-16-30-33-30-23 * 10  2-10-17-17-11 -4  4 12 17 18 16 12	
 -8  1 11 16 16 12  7  1 -6-12-15-15-11 *  3 -1 -6 -8 -7 -4 -1  3  5  7  7  7  5	
 4857.282 -255.815
-23 -6 23 41 43 35 20  2-19-35-40-37-29 * 13  4-11-20-20-14 -5  4 14 22 25 22 17	
-10  1 12 18 18 14  8  0 -7-14-18-18-14 *  5 -1 -6 -9 -8 -5 -1  2  6  9 10 10  8	
 4857.282 -254.415
-18 -6 15 30 33 27 16  2-13-26-30-29-22 * 13  4-10-20-20-14 -6  4 13 21 24 21 16	
 -8  0  8 13 13 10  6  0 -5-10-13-14-11 *  5 -1 -6 -9 -8 -5 -2  2  5  8  9  9  7	
 4857.282 -253.015
-20 -6 17 33 36 29 17  3-14-27-32-30-24 * 11  3 -9-18-19-14 -6  3 12 19 21 18 13	
 -8  0  9 14 14 11  6  1 -5-11-14-14-12 *  4 -1 -5 -8 -8 -5 -2  2  5  7  8  8  6	
 4857.282 -251.615
-21 -7 20 38 41 33 20  4-14-29-35-33-26 * 10  3-10-19-20-14 -6  2 11 18 20 17 13	
 -9  0 10 16 17 13  8  1 -6-12-15-16-13 *  4  0 -5 -8 -8 -5 -2  1  4  7  8  8  6	
 4857.282 -250.215
-19 -6 17 36 40 32 20  5-12-26-31-30-24 * 10  2-10-20-21-15 -7  1 10 18 20 18 13	
 -8  0  9 15 16 13  8  2 -4-10-13-14-12 *  4 -1 -5 -8 -8 -6 -3  1  4  6  8  8  6	
 4857.282 -248.815
-19 -6 15 35 40 33 21  7-10-23-29-28-22 *  9  2-10-19-21-16 -8  0  9 16 18 16 11	
 -8  0  8 14 16 13  8  3 -3 -9-12-13-11 *  3 -1 -5 -8 -8 -6 -3  0  3  6  7  7  5	
 4857.282 -247.415
-16 -5 14 31 36 30 19  7 -8-20-24-24-19 *  8  2-10-18-20-15 -8  0  9 15 18 16 11	
 -7  0  7 12 14 12  8  3 -2 -7-11-11 -9 *  2 -2 -5 -8 -7 -5 -2  0  3  6  7  6  4	
 4858.242 -304.915
-16 -3 16 29 33 28 18  5-12-25-28-26-19 * -2 -4 -5 -5 -3 -1  1  4  5  3  1  0 -1	
 -8  0  8 13 14 12  7  2 -4-10-13-13-11 * -2 -3 -3 -2 -1  0  1  2  2  2  1  0 -1	
 4858.242 -303.515
-16 -3 18 32 35 30 19  4-14-27-30-27-20 * -1 -3 -6 -6 -5 -2  1  4  6  5  4  2  0	
 -8  1  9 14 15 12  7  1 -5-11-14-14-11 * -2 -3 -3 -3 -2  0  1  2  3  2  2  0 -1	
 4858.242 -302.115
-16 -3 17 31 34 29 18  4-13-26-29-26-20 *  1 -2 -6 -8 -7 -4  0  4  7  7  6  5  3	
 -7  1  9 14 14 12  7  2 -5-10-13-13-11 * -1 -3 -4 -4 -3 -1  1  2  3  3  2  1  0	
 4858.242 -300.715
-16 -3 17 31 34 28 18  4-13-26-29-26-20 *  2 -1 -6 -9 -8 -5  0  5  8  9  8  6  4	
 -7  1  9 13 14 11  7  2 -5-10-13-13-10 * -1 -3 -4 -4 -3 -1  1  3  4  4  3  2  0	
 4858.242 -259.315
-15 -3 16 30 33 27 17  4-12-24-27-25-19 *  4  0 -6-10-10 -6 -1  5  9 10 10  9  6	
 -7  1  8 13 14 11  7  2 -4-10-13-12-10 *  0 -2 -4 -5 -4 -1  1  3  4  4  4  3  2	
 4858.242 -257.915
-16 -4 17 31 34 28 18  4-13-25-28-25-19 *  6  1 -6-10-10 -6 -1  5  9 11 13 11  8	
 -7  1  9 14 14 12  7  2 -5-10-13-13-10 *  2 -1 -4 -5 -4 -2  1  3  4  5  5  4  3	
 4858.242 -256.515
-19 -5 18 35 38 32 20  4-15-28-32-30-23 *  9  3 -7-13-13 -8 -2  5 10 15 17 16 12	
 -8  1 10 15 16 13  8  2 -5-11-14-14-11 *  3 -1 -4 -6 -5 -3  0  3  5  6  7  6  5	
 4858.242 -255.115
-20 -6 19 37 40 32 20  4-15-29-34-32-25 * 14  5-10-20-21-15 -6  3 13 22 25 23 17	
 -8  1 10 15 16 13  7  1 -6-11-15-15-12 *  5  0 -6 -9 -8 -5 -1  2  5  8 10 10  8	
 4858.242 -253.715
-23 -7 19 39 42 34 21  4-15-31-37-35-28 * 14  5-11-22-23-17 -7  3 13 21 25 23 17	
 -9  0 10 16 17 13  8  1 -6-12-16-16-13 *  5  0 -6 -9 -9 -6 -2  2  5  8 10 10  8	
 4858.242 -252.315
-24 -8 19 41 45 37 23  6-14-30-37-36-29 * 10  3 -9-19-21-15 -7  2 10 17 19 17 12	
-10 -1 10 17 18 14  9  2 -5-12-16-17-14 *  4  0 -5 -8 -8 -6 -3  1  4  6  8  7  6	
 4858.242 -250.915
-22 -8 17 38 42 35 21  6-12-27-34-33-27 *  9  2 -9-19-20-15 -8  0  8 15 17 15 11	
 -9 -1  8 15 17 14  8  3 -4-10-14-15-13 *  3 -1 -5 -7 -8 -6 -3  0  3  5  7  7  5	
 4858.242 -249.515
-21 -8 17 38 42 35 22  7-11-26-33-32-26 *  8  2 -8-17-19-14 -7  0  8 14 16 14 10	
 -9 -1  8 15 17 14  9  3 -3-10-14-15-12 *  3 -1 -4 -7 -7 -6 -3  0  2  5  6  6  4	
 4858.242 -248.115
-19 -7 15 35 39 32 21  7 -9-23-29-28-23 *  6  1 -8-15-17-14 -7  0  7 12 14 12  8	
 -8 -1  7 14 16 13  9  3 -2 -8-12-13-11 *  2 -2 -4 -6 -6 -5 -3  0  2  4  5  5  3	
 4859.202 -305.615
-18 -6 13 28 32 28 19  5-11-24-29-27-21 * -3 -4 -5 -4 -3  0  2  4  5  3  1 -1 -2	
 -8 -1  7 12 14 12  8  2 -4 -9-13-13-11 * -2 -3 -3 -2 -1  1  2  2  2  1  0 -1 -2	
 4859.202 -304.215
-17 -5 14 29 33 29 19  6-11-24-29-27-21 * -2 -4 -6 -6 -4 -1  2  4  5  4  3  1 -1	
 -8 -1  7 13 14 12  8  2 -4 -9-13-13-11 * -2 -3 -3 -3 -1  0  1  2  3  2  1  0 -1	
 4859.202 -302.815
-18 -5 15 29 33 29 19  5-12-25-30-28-22 *  0 -3 -5 -7 -5 -2  1  5  6  6  4  2  0	
 -8  0  8 13 14 12  7  2 -4-10-13-14-11 * -2 -3 -3 -3 -2  0  1  3  3  3  2  0 -1	
 4859.202 -301.415
-17 -6 14 28 32 28 18  5-11-24-28-27-21 *  1 -2 -6 -7 -6 -3  1  5  7  6  5  4  2	
 -8 -1  7 12 13 11  7  2 -4 -9-13-13-11 * -1 -3 -4 -3 -2  0  1  2  3  3  2  1 -1	
 4859.202 -300.015
-17 -5 14 29 33 28 18  5-11-24-28-26-21 *  4 -1 -6 -9 -8 -5  0  5  8  9  9  8  5	
 -8 -1  7 12 13 11  7  2 -4 -9-13-13-11 *  0 -3 -4 -4 -3 -1  1  3  4  4  3  2  1	
 4859.202 -258.615
-18 -6 14 29 33 28 18  5-11-24-29-28-22 *  6  1 -6-10 -9 -5  0  5  9 10 12 10  7	
 -8 -1  7 13 14 11  7  2 -4 -9-13-13-11 *  1 -2 -4 -5 -3 -1  1  3  4  4  4  3  2	
 4859.202 -257.215
-20 -7 16 32 35 30 19  5-12-27-32-31-25 *  7  3 -5-10-11 -7 -1  4  9 12 13 12  9	
 -9 -1  8 14 15 12  7  2 -4-10-14-14-12 *  2 -1 -3 -5 -4 -2  1  3  4  5  5  4  3	
 4859.202 -255.815
-21 -8 15 32 36 30 19  5-12-27-32-31-25 * 10  3 -6-14-14-10 -3  4 10 16 18 17 12	
 -9 -1  8 14 15 12  7  2 -4-10-14-14-12 *  3  0 -4 -6 -5 -3  0  2  4  6  7  7  5	
 4859.202 -254.415
-22 -8 15 33 37 31 19  5-13-28-34-33-26 * 12  4 -9-18-18-13 -5  3 11 19 22 20 15	
 -9 -1  8 14 15 12  7  2 -5-10-14-15-12 *  5  0 -5 -7 -7 -4 -1  2  5  7  8  8  7	
 4859.202 -253.015
-25 -9 18 40 44 36 22  5-14-31-39-38-30 * 12  4-11-23-24-17 -8  1 11 19 22 20 15	
-10 -1  9 16 18 14  8  2 -5-12-16-17-14 *  5  0 -5 -9 -9 -7 -3  1  4  7  9  9  7	
 4859.202 -251.615
-26-10 19 42 46 38 23  6-14-32-40-39-32 * 11  3-11-23-25-18 -9  1 10 18 21 19 14	
-11 -1 10 17 18 15  9  2 -5-12-17-18-15 *  4 -1 -6-10-10 -7 -3  0  3  7  9  8  6	
 4859.202 -250.215
-24 -9 18 39 43 35 22  6-13-29-36-35-29 *  8  2 -8-18-20-15 -8  0  7 14 16 14 10	
-10 -1  9 16 17 14  8  2 -5-11-15-16-14 *  3 -1 -4 -7 -8 -6 -3 -1  2  5  6  6  4	
 4859.202 -248.815
-22 -9 16 36 39 32 20  6-11-26-32-32-26 *  6  1 -7-15-16-13 -7 -1  6 11 12 11  7	
-10 -1  8 15 16 13  8  3 -4-10-14-15-13 *  2 -1 -4 -6 -6 -5 -3 -1  2  4  5  4  3	
 4859.202 -247.415
-18 -8 13 29 31 25 16  5 -9-22-27-26-22 *  4  0 -6-12-13-10 -5  0  6 10 11  9  6	
 -8 -1  7 13 13 11  7  2 -3 -9-12-13-11 *  1 -2 -4 -5 -5 -4 -2  0  2  3  4  3  2	
 4900.162 -304.915
-19 -8 12 27 31 28 19  6 -9-22-28-28-23 * -3 -5 -6 -5 -3  0  2  4  5  4  2  0 -2	
 -9 -1  6 12 13 11  8  3 -3 -9-12-13-11 * -2 -3 -3 -2 -1  1  2  2  3  2  1 -1 -2	
 4900.162 -303.515
-19 -8 11 26 31 27 19  6 -9-22-28-28-23 * -2 -4 -6 -6 -4 -1  2  5  6  5  3  1 -1	
 -8 -2  6 11 13 11  8  3 -3 -8-12-13-11 * -2 -3 -3 -3 -1  0  2  2  3  2  1  0 -2	
 4900.162 -302.115
-19 -8 11 27 31 28 19  6 -9-22-28-28-23 *  0 -3 -7 -8 -6 -3  1  5  7  7  6  4  2	
 -9 -1  6 11 13 11  7  3 -3 -8-12-13-11 * -1 -3 -4 -4 -2  0  2  3  3  3  2  1  0	
 4900.162 -300.715
-20 -8 11 27 32 28 19  6-10-23-29-29-24 *  2 -1 -6 -9 -7 -4  1  5  8  8  7  6  3	
 -9 -2  6 11 13 11  7  2 -3 -9-12-13-11 * -1 -3 -4 -4 -3 -1  1  3  4  3  3  1  0	
 4900.162 -259.315
-19 -9 11 26 31 27 18  6 -9-22-28-28-23 *  4  0 -5 -9 -8 -4  1  5  8  9  9  8  5	
 -8 -2  6 11 12 11  7  3 -3 -8-12-13-11 *  0 -2 -3 -4 -3 -1  1  3  4  4  3  2  1	
 4900.162 -257.915
-20 -9 10 26 31 27 18  6 -9-23-29-28-23 *  6  1 -5-10 -9 -5  0  5  9 11 12 11  8	
 -8 -2  6 11 12 11  7  2 -3 -8-12-13-11 *  1 -1 -4 -4 -3 -1  1  3  4  4  4  3  2	
 4900.162 -256.515
-20 -9 11 28 32 28 18  6-10-24-30-30-24 *  8  3 -6-13-13 -8 -2  5 10 14 16 14 10	
 -8 -1  6 12 13 11  7  2 -3 -9-12-13-11 *  3 -1 -4 -5 -5 -2  0  3  4  5  6  5  4	
 4900.162 -255.115
-20 -8 12 29 33 28 18  5-10-24-30-30-24 *  9  3 -7-15-15-10 -3  4 10 16 18 16 12	
 -8 -1  7 12 13 11  7  2 -4 -9-12-13-11 *  3  0 -4 -6 -6 -3  0  2  4  6  7  6  5	
 4900.162 -253.715
-22 -9 15 34 38 32 20  5-12-28-34-33-27 * 10  3-10-20-20-14 -6  3 11 18 20 18 13	
 -9 -1  8 14 15 12  8  2 -4-10-14-15-12 *  4  0 -5 -8 -8 -5 -2  2  4  6  8  8  6	
 4900.162 -252.315
-26 -9 21 42 46 37 23  6-15-33-41-40-32 * 11  2-12-24-24-18 -8  1 11 19 21 19 14	
-10  0 11 18 18 15  9  2 -6-13-17-18-14 *  4 -1 -6-10-10 -7 -3  0  4  7  9  9  7	
 4900.162 -250.915
-25 -8 20 40 44 36 22  6-14-31-39-37-30 * 10  2-11-21-22-16 -8  0  9 16 19 17 12	
-10  0 10 17 18 14  8  2 -5-12-16-17-14 *  4 -1 -5 -9 -9 -7 -3  0  3  6  8  8  6	
 4900.162 -249.515
-23 -7 19 36 38 31 20  5-14-29-36-34-28 *  7  1 -9-18-19-14 -7  0  8 14 16 13  9	
 -9  0 10 16 16 12  7  1 -6-12-16-16-13 *  2 -1 -5 -8 -8 -6 -3  0  3  5  6  6  4	
 4900.162 -248.115
-21 -7 17 30 30 25 15  2-14-26-31-30-25 *  5  0 -8-15-16-11 -5  1  7 12 13 11  7	
 -9  0  9 14 13  9  5 -1 -7-12-14-14-12 *  1 -2 -4 -6 -7 -5 -2  0  2  4  5  4  3	
 4901.122 -305.616
-20 -9 10 24 30 27 19  7 -8-20-27-27-23 * -4 -5 -6 -5 -2  0  3  4  5  4  1 -1 -3	
 -9 -2  5 10 12 11  8  3 -2 -8-11-13-11 * -3 -3 -3 -2 -1  1  2  2  2  2  0 -1 -2	
 4901.122 -304.215
-20 -9 10 25 30 27 19  7 -8-21-28-28-24 * -2 -4 -6 -6 -4 -1  2  5  6  5  3  0 -2	
 -9 -2  5 11 13 11  8  3 -3 -8-12-13-11 * -2 -3 -3 -2 -1  1  2  3  3  2  1  0 -2	
 4901.122 -302.815
-20 -9 10 25 30 27 19  7 -8-21-28-28-23 * -1 -3 -6 -6 -4 -1  2  5  7  6  4  2  0	
 -9 -2  5 11 13 11  8  3 -3 -8-12-13-11 * -2 -3 -3 -3 -1  0  2  3  3  3  1  0 -1	
 4901.122 -301.415
-20 -9 10 26 30 27 19  7 -8-21-28-28-24 *  0 -2 -6 -7 -5 -2  2  5  7  6  5  4  1	
 -9 -2  5 11 12 11  7  3 -3 -8-12-13-11 * -2 -3 -3 -3 -2  0  2  3  3  3  2  0 -1	
 4901.122 -300.015
-19 -9 10 26 30 27 18  7 -8-21-28-28-23 *  2 -1 -5 -8 -6 -3  2  5  8  8  8  6  3	
 -8 -2  6 11 12 11  7  3 -3 -8-11-12-11 * -1 -3 -4 -4 -2  0  2  3  4  3  2  1  0	
 4901.122 -258.615
-19 -8 11 26 30 26 18  6 -8-21-27-27-22 *  4  0 -5 -8 -7 -3  1  6  9 10 10  9  6	
 -8 -1  6 11 12 10  7  3 -3 -8-11-12-11 *  0 -2 -3 -4 -3  0  2  3  4  4  3  2  1	
 4901.122 -257.215
-19 -8 12 27 31 27 18  6 -9-22-28-27-22 *  6  1 -6-11-10 -5  0  5  9 11 12 11  7	
 -8 -1  6 11 13 11  7  3 -3 -8-11-12-10 *  1 -2 -4 -5 -4 -1  1  3  4  4  4  3  2	
 4901.122 -255.815
-17 -7 12 27 30 26 18  6 -9-21-26-26-21 *  6  1 -6-12-12 -7  0  5 10 13 14 12  8	
 -7 -1  6 11 12 11  7  2 -3 -8-11-11-10 *  2 -1 -3 -5 -4 -2  1  3  4  5  5  4  3	
 4901.122 -254.415
-15 -6 11 24 28 24 15  4 -9-19-24-23-18 *  8  1-10-17-16-11 -3  5 11 16 18 15 10	
 -6  0  6 10 11  9  6  2 -3 -7-10-10 -8 *  3 -1 -5 -7 -6 -3  0  3  5  6  7  6  4	
 4901.122 -253.015
-17 -5 17 32 35 29 18  5-12-25-29-27-21 *  7 -1-14-22-22-15 -6  3 11 18 18 15  9	
 -7  1  9 14 14 11  7  2 -5-10-13-12-10 *  3 -2 -7 -9 -9 -6 -2  1  4  7  8  7  5	
 4901.122 -251.615
-21 -4 22 39 42 35 21  5-16-31-36-33-26 *  6  0-10-18-18-12 -5  2  9 15 15 13  8	
 -8  2 12 17 17 13  8  1 -7-13-16-15-12 *  3 -1 -5 -8 -7 -5 -2  1  3  6  7  6  4	
 4901.122 -250.215
-17 -3 19 32 34 29 18  3-15-26-30-28-22 *  6  0 -9-15-15-10 -3  4 10 15 16 13  8	
 -7  3 11 14 14 11  6  0 -7-12-14-13-10 *  2 -2 -5 -7 -7 -4 -1  1  4  6  7  6  4	
 4901.122 -248.815
-19 -5 18 28 29 24 14  0-16-27-31-29-23 * 10  1-12-21-20-13 -5  3 12 19 20 18 13	
 -8  2 10 13 12  8  4 -2 -8-12-14-14-11 *  3 -2 -7 -9 -9 -6 -2  1  5  7  8  8  5	
 4901.122 -247.415
-15 -5 12 17 17 14  7 -2-13-21-23-22-18 *  7  1 -8-13-10 -4  2  6 11 15 16 14  9	
 -7  0  7  9  7  4  1 -3 -7-10-11-11 -9 *  1 -2 -5 -6 -5 -2  1  3  4  5  6  5  3	
 4902.082 -304.915
-20 -8  9 24 29 27 19  8 -7-20-26-27-23 * -4 -5 -6 -6 -3  0  3  5  5  4  2  0 -3	
 -9 -2  5 10 12 11  8  3 -2 -7-11-12-11 * -3 -3 -3 -2 -1  1  2  3  3  2  1 -1 -2	
 4902.082 -303.515
-19 -8 10 24 29 27 19  7 -7-19-26-27-23 * -2 -4 -6 -6 -4  0  3  5  6  5  3  1 -1	
 -9 -2  5 10 12 11  8  3 -2 -7-11-12-11 * -2 -3 -3 -3 -1  1  2  3  3  2  1  0 -2	
 4902.082 -302.115
-18 -7 10 24 28 26 19  7 -7-19-26-27-22 * -1 -4 -6 -7 -5 -1  2  5  7  6  5  2  0	
 -8 -2  5 10 12 11  8  3 -2 -7-11-12-11 * -2 -3 -4 -3 -2  0  2  3  3  3  2  0 -1	
 4902.082 -300.715
-18 -7 11 24 29 26 18  7 -7-20-26-26-21 *  0 -3 -6 -8 -6 -2  2  5  7  7  6  4  1	
 -8 -2  5 10 12 10  7  3 -2 -7-11-12-11 * -2 -3 -4 -3 -2  0  2  3  3  3  2  1 -1	
 4902.082 -259.315
-17 -6 11 25 29 26 18  7 -7-20-26-26-20 *  2 -1 -6 -8 -7 -3  2  6  8  9  9  7  4	
 -8 -1  5 10 12 10  7  3 -2 -7-11-12-10 * -1 -3 -4 -4 -2  0  2  3  4  4  3  2  0	
 4902.082 -257.915
-16 -5 12 25 29 26 18  7 -7-20-26-25-19 *  4  0 -6-10 -8 -4  1  6  9 10 10  9  5	
 -7 -1  6 10 12 10  7  3 -2 -7-11-12-10 *  0 -2 -4 -4 -3 -1  2  3  4  4  3  2  1	
 4902.082 -256.515
-13 -3 13 25 29 26 18  7 -7-19-24-22-17 *  3 -1 -6-10 -9 -4  1  6  9 10  9  7  4	
 -6  0  6 11 12 10  7  3 -2 -7-10-11 -9 *  0 -2 -4 -4 -3 -1  2  3  4  4  3  2  1	
 4902.082 -255.115
-11 -2 13 24 27 24 17  7 -7-18-21-19-14 *  3  0 -5 -9 -8 -4  2  7  9 11 10  8  4	
 -5  1  7 10 11 10  7  3 -2 -7-10-10 -7 *  0 -1 -3 -4 -3  0  2  4  4  4  4  3  1	
 4902.082 -253.715
 -9 -1 13 23 26 23 16  6 -7-17-19-16-12 *  3 -2-10-15-14 -8 -1  6 11 14 13 10  5	
 -4  1  7 10 11 10  7  3 -2 -6 -9 -8 -6 *  1 -2 -5 -6 -5 -2  1  3  5  5  5  4  3	
 4902.082 -252.315
-12  1 20 34 38 32 21  6-13-23-25-22-15 *  2 -3-10-13-12 -7  0  6 10 12 11  7  3	
 -4  4 11 15 16 13  8  2 -5-10-11-10 -7 *  2 -2 -5 -6 -5 -2  1  3  5  5  6  5  3	
 4902.082 -250.915
-13  2 21 35 38 33 21  3-15-25-27-24-18 *  8 -1-12-17-16-10 -1  7 14 20 20 17 11	
 -5  5 12 15 15 12  7  0 -7-11-13-12 -9 *  4 -2 -7 -8 -7 -3  0  4  6  8  9  8  6	
 4902.082 -249.515
-12 -1 14 23 25 22 14  2-12-20-22-20-15 * 10  2-11-16-14 -7  1  7 14 19 21 19 13	
 -5  2  8 10 10  8  4  0 -6 -9-10-10 -8 *  4 -1 -6 -8 -6 -3  1  4  6  7  8  8  6	
 4902.082 -248.115
-16 -2 17 27 29 24 14  0-15-24-27-25-19 * 13  3-13-21-18-10 -1  7 16 23 26 23 17	
 -7  2  9 12 12  9  4 -1 -7-11-13-12-10 *  4 -2 -7-10 -9 -5  0  3  6  9 10  9  7	
 4903.042 -305.616
-19 -8  8 22 27 26 19  8 -6-18-25-26-22 * -5 -6 -7 -5 -2  1  3  5  5  4  2 -1 -4	
 -9 -3  4  9 11 11  8  4 -1 -7-10-12-11 * -3 -3 -3 -2  0  1  2  3  2  2  0 -1 -2	
 4903.042 -304.215
-18 -8  9 22 28 26 19  8 -6-18-25-26-22 * -4 -6 -7 -6 -3  0  3  5  6  5  2  0 -3	
 -9 -3  4  9 11 11  8  4 -2 -7-10-12-11 * -3 -3 -3 -2 -1  1  2  3  3  2  1 -1 -2	
 4903.042 -302.815
-17 -7 10 23 28 26 19  8 -6-18-25-25-20 * -3 -5 -7 -7 -4  0  3  5  7  6  4  1 -2	
 -8 -2  4  9 11 10  8  4 -2 -7-10-12-11 * -3 -4 -4 -3 -1  1  2  3  3  2  1  0 -2	
 4903.042 -301.415
-15 -5 10 22 27 25 18  8 -5-18-24-24-19 * -2 -4 -7 -7 -4 -1  3  6  7  6  5  2 -1	
 -8 -2  4  9 11 10  7  3 -1 -6-10-11-10 * -2 -4 -4 -3 -1  1  2  3  3  3  1  0 -2	
 4903.042 -300.015
-13 -4 11 22 27 25 18  8 -5-17-23-22-17 * -2 -4 -7 -8 -6 -1  3  6  8  8  6  3 -1	
 -7 -2  5  9 11 10  7  3 -1 -6-10-11-10 * -2 -4 -4 -4 -2  0  2  4  4  3  2  0 -1	
 4903.042 -258.615
-11 -1 13 24 28 25 18  8 -6-17-22-20-14 * -1 -3 -6 -8 -6 -2  3  6  8  8  7  4  1	
 -7 -1  5 10 11 10  7  3 -2 -6-10-11 -9 * -2 -3 -4 -4 -2  0  2  3  4  3  2  1 -1	
 4903.042 -257.215
 -8  1 14 24 27 25 18  7 -5-17-20-17-11 *  1 -2 -7 -9 -8 -3  2  6  9 10  8  6  3	
 -6  0  6 10 11 10  7  3 -1 -6 -9-10 -8 * -1 -3 -4 -4 -3  0  2  4  4  4  3  1  0	
 4903.042 -255.815
 -4  3 14 22 25 23 16  7 -5-15-16-12 -7 *  0 -2 -5 -8 -6 -2  2  6  8  8  6  3  1	
 -4  1  6  9 11  9  7  3 -1 -5 -8 -8 -6 * -1 -3 -3 -3 -2  0  2  3  4  3  2  1 -1	
 4903.042 -254.415
 -2  4 14 22 25 23 16  7 -5-13-12 -8 -4 *  1 -2 -6 -9 -7 -3  3  7 10  9  7  4  2	
 -3  1  6 10 11  9  7  3 -1 -5 -7 -7 -5 * -1 -3 -4 -4 -2  0  2  4  5  4  3  1  0	
 4903.042 -253.015
 -3  2 10 17 20 19 15  7 -2 -8 -7 -5 -4 * -5 -1  3  5  5  7  7  7  2 -4 -7 -7 -6	
 -2  2  5  8  9  8  6  4  0 -3 -5 -5 -4 * -3 -1  1  2  3  4  4  4  2 -1 -4 -4 -3	
 4903.042 -251.615
 -7  3 20 31 34 30 21  7-10-19-19-16-11 *  6 -1 -6 -8 -7 -3  2  7 12 15 16 13  9	
 -3  4 10 14 14 12  8  3 -4 -8-10 -9 -7 *  3 -1 -4 -4 -3  0  2  4  5  6  7  7  5	
 4903.042 -250.215
-14  1 23 37 40 34 21  5-15-27-29-25-19 * 11  3-10-15-14 -9 -2  5 12 18 20 18 13	
 -7  3 12 16 16 13  8  1 -6-12-14-14-11 *  5  0 -5 -7 -6 -3  0  3  5  7  8  8  7	
 4903.042 -248.815
-19 -5 20 36 40 33 21  4-15-28-32-30-24 * 11  4-10-18-17-11 -3  4 12 18 20 18 14	
 -9  0 10 15 16 13  8  1 -6-11-15-15-12 *  4  0 -5 -8 -7 -4 -1  2  5  7  8  8  6	
 4903.042 -247.415
-20 -7 17 35 38 32 20  5-13-26-30-29-24 *  9  3 -7-15-15 -9 -2  5 11 16 17 16 12	
 -8 -1  8 14 15 13  8  2 -5-10-14-14-12 *  3 -1 -4 -7 -6 -4 -1  1  3  5  6  6  4	
 4904.002 -304.916
-18 -8  7 21 27 26 19  9 -5-17-24-25-21 * -6 -7 -8 -6 -3  1  3  5  6  5  2 -1 -5	
 -9 -3  4  9 11 10  8  4 -1 -6-10-12-11 * -3 -4 -3 -2 -1  1  2  3  3  2  1 -1 -2	
 4904.002 -303.516
-17 -7  8 21 27 25 19  9 -5-17-24-24-20 * -5 -7 -8 -7 -3  0  3  6  6  5  3  0 -4	
 -8 -3  4  9 11 10  8  4 -1 -6-10-11-11 * -3 -4 -4 -3 -1  1  2  3  3  2  1 -1 -2	
 4904.002 -302.115
-16 -6  9 22 27 25 19  8 -5-17-24-24-19 * -4 -6 -8 -7 -4  0  4  6  7  6  4  0 -3	
 -8 -2  4  9 11 10  8  4 -1 -6-10-11-10 * -3 -4 -4 -3 -1  1  3  3  3  2  1  0 -2	
 4904.002 -300.715
-14 -5  9 21 26 25 18  8 -5-16-22-21-17 * -4 -6 -8 -8 -5  0  4  7  8  7  4  1 -3	
 -8 -2  4  9 11 10  7  4 -1 -6 -9-11-10 * -3 -4 -4 -3 -1  1  3  4  4  3  2  0 -2	
 4904.002 -259.315
-11 -3 10 21 25 24 18  8 -4-15-20-19-14 * -4 -6 -7 -7 -5  0  4  7  8  7  4  1 -3	
 -7 -2  4  8 10 10  7  4 -1 -5 -9-10 -9 * -3 -4 -4 -3 -1  1  3  4  4  3  2  0 -2	
 4904.002 -257.915
-11 -3 12 24 28 26 19  8 -6-17-21-19-14 * -3 -5 -8 -9 -6 -1  4  7  9  8  4  1 -2	
 -7 -1  5 10 11 10  8  4 -1 -6-10-11 -9 * -3 -4 -5 -4 -2  0  3  4  4  3  2  0 -2	
 4904.002 -256.515
 -8 -1 12 22 26 24 18  8 -5-16-19-16-11 * -2 -4 -7 -8 -6 -1  4  7  9  8  4  1 -1	
 -6 -1  5  9 11 10  7  4 -1 -6 -9-10 -8 * -3 -4 -4 -4 -2  0  3  4  4  3  2  0 -2	
 4904.002 -255.115
 -8 -1 13 23 26 24 17  7 -5-15-17-15-11 * -3 -4 -5 -6 -4  0  4  7  9  6  2 -1 -3	
 -6  0  6 10 11 10  7  3 -2 -6 -9 -9 -8 * -2 -3 -3 -3 -1  1  3  4  4  3  1 -1 -2	
 4904.002 -253.715
-11 -2 13 24 27 24 18  7 -6-17-20-18-13 *  2  0 -4 -6 -5 -1  3  7  8  5  4  4  3	
 -7 -1  6 10 11 10  7  3 -2 -7-10-10 -9 * -1 -2 -3 -3 -2  0  2  3  4  3  2  1  0	
 4904.002 -252.315
-14 -4 14 26 30 27 19  8 -8-20-24-21-17 *  2  1  1  0  1  3  6  7  7  5  5  4  3	
 -8 -1  6 11 12 11  8  3 -2 -8-11-12-10 *  0  0  0  0  1  3  3  4  4  2  1  1  0	
 4904.002 -250.915
-16 -4 18 33 37 32 21  7-11-24-28-26-20 *  7  3 -2 -4 -3  0  3  6  9 11 12 11  8	
 -8 -1  8 14 15 13  9  3 -4-10-13-14-11 *  2  0 -1 -2 -1  1  2  3  4  4  4  4  3	
 4904.002 -249.515
-22 -8 17 36 40 34 23  8-13-29-34-32-26 * 13  5 -8-15-15-10 -3  4 11 17 20 19 15	
-10 -1  8 15 16 14  9  3 -4-11-15-16-13 *  5  1 -4 -7 -6 -4 -1  2  4  6  8  8  6	
 4904.002 -248.115
-24 -8 19 40 45 38 26  9-12-30-36-35-28 *  9  4 -6-14-13 -8 -1  5 10 15 16 15 11	
-10 -1  9 17 18 15 10  4 -3-11-16-17-14 *  3  0 -3 -6 -6 -3  0  2  3  5  6  5  4	
 4904.962 -305.616
-19-10  6 20 26 26 20  9 -4-16-24-25-22 * -6 -8 -8 -6 -2  1  3  5  5  4  1 -2 -5	
 -9 -3  3  8 11 10  8  4 -1 -6-10-11-11 * -3 -4 -3 -2  0  1  2  3  3  2  0 -1 -3	
 4904.962 -304.216
-18-10  5 19 26 26 19  9 -4-16-23-24-21 * -7 -8 -8 -6 -3  1  4  6  6  4  2 -2 -6	
 -9 -3  3  8 11 10  8  4 -1 -6 -9-11-11 * -3 -4 -3 -2  0  1  3  3  3  2  0 -1 -3	
 4904.962 -302.816
-17 -8  7 20 26 25 19  9 -4-16-23-23-20 * -6 -8 -9 -7 -4  0  4  6  7  6  3 -2 -5	
 -8 -3  3  8 11 10  8  4 -1 -6 -9-11-10 * -3 -4 -4 -3 -1  1  3  3  3  2  1 -1 -3	
 4904.962 -301.416
-15 -8  6 19 25 25 19  9 -3-15-21-21-18 * -7 -8 -8 -6 -3  1  4  6  7  5  2 -3 -6	
 -8 -3  3  8 10 10  8  4 -1 -5 -9-10-10 * -4 -4 -4 -2  0  1  3  3  3  2  0 -1 -3	
 4904.962 -300.015
-15 -6  8 20 26 25 19  9 -4-16-21-21-17 * -5 -7 -8 -7 -3  1  4  7  8  6  3 -2 -5	
 -8 -3  3  8 10 10  8  4 -1 -5 -9-10-10 * -4 -4 -4 -3 -1  1  3  4  4  3  1 -1 -3	
 4904.962 -258.615
-14 -6  8 20 25 24 18  9 -4-15-21-20-17 * -5 -6 -7 -7 -4  1  4  7  8  7  3 -1 -4	
 -8 -2  4  8 10 10  7  4 -1 -5 -9-10 -9 * -3 -4 -4 -3 -1  1  3  4  4  3  1 -1 -3	
 4904.962 -257.215
-15 -7  8 19 24 23 18  8 -4-14-20-20-17 * -4 -5 -7 -7 -4  0  4  7  8  7  3 -1 -3	
 -7 -2  3  8  9  9  7  4 -1 -5 -8-10 -9 * -3 -4 -4 -3 -1  1  3  4  4  3  1 -1 -2	
 4904.962 -255.815
-14 -6  9 20 25 24 18  8 -4-16-21-20-17 * -2 -3 -6 -7 -5  0  4  8  9  6  3  0 -1	
 -7 -2  4  8 10  9  7  3 -1 -6 -9-10 -9 * -2 -4 -4 -4 -2  1  3  4  4  3  1  0 -2	
 4904.962 -254.415
-16 -7  7 19 24 23 17  8 -4-15-21-21-18 * -1 -2 -4 -4 -2  2  6  8  9  6  3  1  0	
 -7 -2  4  8  9  9  7  3 -1 -5 -9-10 -9 * -2 -3 -3 -2 -1  2  4  4  4  3  1 -1 -2	
 4904.962 -253.015
-17 -8  7 20 24 22 16  6 -6-19-24-24-20 *  4  1 -5 -8 -7 -2  3  7 10 10  9  8  5	
 -8 -2  4  8 10  9  6  3 -2 -6-10-11-10 *  0 -1 -3 -4 -2  0  2  4  5  4  3  2  1	
 4904.962 -251.615
-20 -9 12 28 32 28 19  7 -9-23-29-29-24 *  7  3 -3 -6 -5 -1  3  8 10 11 12 11  9	
 -9 -2  6 12 13 11  7  3 -2 -8-12-13-11 *  2  0 -2 -3 -2  1  3  4  5  4  4  4  3	
 4904.962 -250.215
-24 -9 18 38 43 37 25 10-10-28-35-34-28 *  8  4 -3 -8 -7 -3  2  7  9 12 13 12  9	
-11 -2  9 16 18 15 10  4 -3-10-15-16-14 *  2  0 -2 -4 -3 -1  2  3  4  4  5  5  3	
 4904.962 -248.815
-18 -6 17 35 41 36 25 10 -8-23-28-27-22 *  5  2 -3 -6 -4  0  4  7  9 11 12 10  6	
 -9 -1  8 15 17 15 10  5 -2 -9-13-13-11 *  0 -1 -2 -3 -2  0  2  3  3  3  3  3  1	
 4904.962 -247.415
-17 -5 16 30 35 31 22  9 -8-22-27-25-20 * 11  3 -9-14-12 -6  1  8 14 19 21 19 14	
 -8  0  8 13 14 12  8  4 -3 -8-12-13-11 *  2 -2 -5 -7 -5 -2  1  3  5  6  7  6  4	
 4905.922 -304.916
-19-11  4 18 25 25 20 10 -3-15-22-24-22 * -7 -9 -9 -6 -3  1  4  6  6  4  2 -3 -6	
 -9 -4  2  8 10 10  8  4  0 -5 -9-11-11 * -3 -4 -3 -2  0  1  3  3  3  2  0 -1 -3	
 4905.922 -303.516
-19-10  4 18 25 25 19 10 -3-15-22-23-21 * -8 -9 -9 -7 -3  1  4  6  6  5  1 -3 -7	
 -9 -4  2  8 10 10  8  4  0 -5 -9-11-11 * -4 -4 -4 -2  0  2  3  3  3  2  0 -1 -3	
 4905.922 -302.116
-18-10  4 18 25 25 19 10 -3-14-21-23-20 * -7 -9 -9 -7 -3  1  4  6  7  5  2 -3 -6	
 -9 -4  2  7 10 10  8  4  0 -5 -9-11-10 * -4 -4 -4 -3 -1  1  3  3  3  2  1 -1 -3	
 4905.922 -300.716
-17 -9  4 17 24 24 19 10 -3-14-20-22-19 * -7 -8 -9 -7 -3  1  5  7  8  6  2 -3 -6	
 -8 -4  2  7 10 10  8  4  0 -5 -8-10-10 * -4 -5 -4 -3 -1  1  3  4  4  2  1 -1 -3	
 4905.922 -259.316
-16 -9  5 18 24 24 19  9 -3-14-21-21-19 * -6 -8 -9 -7 -3  1  5  7  8  6  2 -3 -6	
 -8 -3  2  7 10 10  8  4  0 -5 -9-10-10 * -4 -5 -4 -3 -1  2  3  4  4  3  1 -1 -3	
 4905.922 -257.915
-14 -7  5 17 23 23 18 10 -2-12-18-19-16 * -5 -6 -6 -5 -1  3  6  8  8  5  1 -3 -5	
 -8 -3  2  7  9  9  7  4  0 -4 -8 -9 -9 * -4 -5 -4 -3  0  2  4  4  4  2  0 -2 -3	
 4905.922 -256.515
-16 -8  7 19 25 24 19  9 -3-14-21-21-18 * -3 -5 -7 -7 -4  0  5  8  9  7  3  0 -2	
 -8 -3  3  8 10  9  7  4  0 -5 -9-10-10 * -3 -4 -5 -4 -2  1  3  4  4  3  2  0 -2	
 4905.922 -255.115
-16 -7  8 21 27 25 19  9 -4-16-22-22-19 * -1 -3 -4 -5 -3  2  6  9  9  7  4  1 -1	
 -8 -3  3  8 10 10  7  4 -1 -6 -9-11-10 * -3 -4 -4 -3 -1  2  4  4  4  3  1 -1 -2	
 4905.922 -253.715
-15 -7  7 20 25 24 17  8 -4-16-21-21-18 *  2  0 -4 -5 -3  2  7 10 11  9  7  5  3	
 -7 -2  4  8 10  9  7  3 -1 -5 -9-10 -9 * -1 -3 -3 -3 -1  2  4  5  5  4  2  1 -1	
 4905.922 -252.315
-12 -5  8 19 24 23 17  7 -4-15-19-18-15 *  2  0 -3 -5 -3  2  7 10 11  9  6  5  3	
 -6 -1  4  8  9  9  6  3 -1 -5 -8 -9 -8 * -1 -2 -3 -2  0  2  4  5  5  4  2  1  0	
 4905.922 -250.915
-15 -5 12 27 33 30 21  8 -8-21-25-23-18 *  5  2 -4 -6 -5  0  5  9 10 10 10  9  6	
 -7  0  7 12 13 11  8  3 -2 -8-11-12-10 *  2  0 -2 -3 -2  1  3  4  5  4  4  3  2	
 4905.922 -249.515
-14 -4 14 28 34 32 24 11 -6-18-22-20-17 *  1 -1 -2 -2  0  4  8 10 10  7  5  3  1	
 -8 -1  7 12 14 13  9  5 -1 -7-11-12-11 * -1 -1 -2 -2  0  2  4  5  4  2  1  0 -1	
 4905.922 -248.115
-16 -6 13 26 30 27 20  9 -6-18-23-22-19 *  5  1 -3 -3  1  5  8  9 10 12 13 11  7	
 -8 -2  6 11 12 11  8  4 -1 -7-11-12-11 *  0 -2 -2 -2  0  2  4  4  4  4  3  2  1	
