Saint-Malo               	
 4832.435 -241.838
  0  0  0 -2 -1 -2 -1 -1  0  0 -2  0  0 *  0  0  0 -8-10 -4  0  3  7 11  9  0  0	
  0 -2  1  1  0 -1 -1 -1  0 -1 -1  0  0 *  0 -2 -6 -6 -4 -1  1  3  4  5  5  1  1	
 4833.255 -241.248
  0  0 -1  1  0  1  0 -1 -1  0  2  0  0 *  0  0 -3 -9 -8 -4  0  3  6  8  5  0  0	
  1  1  1  1  1  1  0  0  0  0  0  1  1 * -1 -2 -3 -4 -3 -1  0  2  3  3  3  1  0	
 4833.255 -240.068
  0  0  3  3  1  1  0  0 -1  0  0  0  0 *  0  0 -7 -9 -7 -3 -1  2  4  6  7  0  0	
  1  1  1  1  1  1  1  0  0  0  0  0  0 *  0 -2 -4 -4 -3 -1  0  1  2  3  3  3  1	
 4833.255 -238.888
  0  0  2  2  1  1  1  0  0  0  0  0  0 *  0  0-10 -8 -6 -3 -1  1  3  5  8  0  0	
  0  1  1  1  1  1  1  0  0  0  0  0  0 *  0 -2 -4 -3 -2 -1  0  1  2  3  3  3  2	
 4833.255 -237.708
  0  0  1  1  1  1  1  0  0  0  0  0  0 *  0  0 -9 -7 -4 -2  0  1  2  4  6  0  0	
  0  0  0  0  1  1  0  0  0  0  0  0  0 *  0 -2 -3 -2 -1  0  0  1  1  2  2  2  1	
 4834.074 -244.198
  0  1  1  3  3  1 -1 -2 -3 -2 -1  1  0 *  0 -2 -4 -4 -3 -1  1  2  2  2  1  2  1	
  0  1  2  2  2  1  0  0 -1 -1 -1 -1 -1 *  0 -1 -1 -2 -1 -1  0  1  1  1  1  0  0	
 4834.075 -243.018
  0  2  2  3  3  2 -1 -3 -4 -4 -2  0  0 *  1 -2 -4 -6 -5 -2  0  3  4  5  4  2  1	
  0  1  2  2  2  1  1 -1 -1 -2 -2 -1 -1 *  0 -2 -3 -3 -2 -1  0  1  2  2  2  1  0	
 4834.075 -241.838
  0  1  2  3  2  1  0 -2 -3 -3 -2 -1  0 *  0 -2 -5 -7 -6 -3  0  2  5  7  6  4  1	
  0  0  1  2  2  1  1  0 -1 -1 -2 -1 -1 *  0 -2 -3 -3 -2 -1  0  1  2  3  3  2  0	
 4834.075 -240.658
 -1  1  3  2  2  2  0 -1 -2 -2 -2 -2 -1 *  1 -1 -5 -7 -6 -3 -1  2  4  6  5  5  3	
 -1  0  1  2  2  1  1  0  0 -1 -1 -2 -1 *  0 -1 -2 -3 -2 -1  0  1  2  2  2  1  1	
 4834.075 -239.478
 -2  0  2  2  2  2  1  0 -1 -2 -2 -2 -2 *  1 -2 -4 -7 -5 -3 -1  1  3  5  5  5  2	
 -1  0  1  1  1  1  1  0  0 -1 -1 -1 -1 *  0 -1 -2 -3 -2 -1  0  1  2  2  2  2  1	
 4834.075 -238.298
 -1  1  2  2  2  2  1  0 -1 -1 -2 -2 -1 *  2 -1 -5 -6 -4 -2 -1  1  2  4  5  4  3	
 -1  0  1  1  1  1  1  0  0 -1 -1 -1 -1 *  0 -1 -2 -2 -1 -1  0  1  1  2  2  1  1	
 4834.075 -237.118
 -1  0  1  1  2  2  1  0  0 -1 -1 -1 -1 *  2 -1 -4 -5 -3 -1  0  1  2  3  4  4  3	
 -1  0  0  1  1  1  1  0  0  0 -1 -1 -1 *  0 -1 -2 -2 -1  0  0  1  1  1  1  1  0	
 4834.075 -235.938
  0  0  0  0  1  2  1  1  0  0 -1  0  0 *  0  0 -4 -3 -2  0  1  1  1  2  2  0  0	
 -1  0  0  0  1  1  1  0  0  0 -1 -1 -1 * -1 -1 -1 -1  0  1  1  1  1  1  1  0  0	
 4834.895 -245.968
  0  0  0  1  1  0 -1 -2 -3 -2 -1  0  0 *  0 -2 -4 -5 -4 -1  1  3  5  5  4  3  1	
  0  0  1  1  1  1  0  0 -1 -1 -1 -1 -1 *  0 -1 -2 -3 -2 -1  0  1  2  2  2  2  1	
 4834.895 -244.788
  0  0  0  1  1  0 -1 -3 -3 -3 -2 -1  0 *  0 -3 -5 -5 -4 -2  1  3  4  4  4  3  1	
 -1  0  1  1  1  1  0  0 -1 -1 -1 -1 -1 *  0 -2 -2 -3 -2 -1  0  1  2  2  2  1  1	
 4834.895 -243.608
  0  0  1  2  1  0 -1 -3 -4 -4 -3 -1 -1 *  0 -3 -5 -6 -5 -2  0  2  4  5  4  3  1	
 -1  0  1  1  1  1  0  0 -1 -1 -2 -1 -1 *  0 -2 -3 -3 -2 -1  0  1  2  2  2  1  1	
 4834.895 -242.428
 -1  0  1  2  2  1 -1 -3 -3 -4 -4 -2 -1 *  1 -2 -6 -7 -6 -3  0  2  4  6  6  4  2	
 -1  0  1  2  2  1  0  0 -1 -2 -2 -2 -1 *  0 -2 -3 -3 -2 -1  0  1  2  3  3  2  1	
 4834.895 -241.248
 -1  0  1  2  2  1  0 -2 -3 -3 -3 -3 -2 *  1 -2 -6 -7 -7 -4 -1  2  4  6  7  5  3	
 -1  0  1  2  2  1  1  0 -1 -1 -2 -2 -2 *  0 -2 -3 -3 -2 -1  0  1  2  3  3  2  1	
 4834.895 -240.068
 -2 -1  2  2  2  2  0 -1 -2 -3 -3 -3 -3 *  2 -2 -5 -7 -6 -3 -1  1  3  5  6  5  3	
 -1  0  1  1  2  1  1  0 -1 -1 -2 -2 -2 *  0 -1 -3 -3 -2 -1  0  1  2  2  2  2  1	
 4834.895 -238.888
 -2 -1  1  2  3  2  1 -1 -2 -2 -3 -3 -3 *  2 -2 -5 -6 -5 -3 -1  1  3  4  5  4  3	
 -1  0  1  1  2  1  1  0  0 -1 -1 -2 -1 *  0 -1 -2 -3 -2 -1  0  1  2  2  2  2  1	
 4834.895 -237.708
 -2 -1  1  2  2  2  1  0 -1 -2 -2 -3 -2 *  2 -1 -5 -5 -4 -2  0  1  2  3  4  4  2	
 -1  0  1  1  1  1  1  0  0 -1 -1 -1 -1 *  0 -1 -2 -2 -1  0  0  1  1  1  1  1  0	
 4834.895 -236.528
 -2 -1  1  2  3  2  1  0 -1 -2 -2 -3 -2 *  1 -1 -4 -4 -3 -1  0  1  2  3  3  3  2	
 -1  0  1  1  2  1  1  0  0 -1 -1 -1 -1 *  0 -1 -2 -2 -1  0  1  1  1  1  1  1  0	
 4834.895 -235.348
 -1 -1  1  2  2  3  2  1  0 -1 -2 -2 -2 *  0 -2 -3 -2 -1  1  1  1  1  2  1  1  1	
 -1  0  1  1  2  1  1  0  0 -1 -1 -1 -1 * -1 -1 -1 -1  0  1  1  1  1  1  0  0 -1	
 4835.715 -247.738
  0  0 -3 -2  0  0 -1 -2 -2 -2  0  0  0 *  0  0 -4 -3 -3 -1  1  3  4  4  4  0  0	
  0  0  0  0  1  0  0 -1 -1 -1 -1  0  0 *  0 -2 -3 -3 -2 -1  0  1  2  2  2  2  1	
 4835.715 -246.558
  1  0 -1  0  1  0 -1 -3 -3 -3 -1  0  1 *  1 -3 -5 -5 -4 -2  1  4  5  6  5  4  2	
 -1  0  1  1  1  1  0  0 -1 -1 -1 -1 -1 *  0 -1 -3 -3 -2 -1  0  1  2  2  3  2  1	
 4835.715 -245.378
  0  0  0  0  0  0 -2 -3 -3 -3 -2  0  0 *  1 -3 -6 -6 -4 -2  1  4  5  6  5  4  2	
 -1  0  1  1  1  1  0 -1 -1 -1 -1 -1 -1 *  0 -2 -3 -3 -2 -1  0  1  2  3  3  2  1	
 4835.715 -244.198
  0  0  0  0  0  0 -2 -3 -3 -3 -2 -1  0 *  1 -3 -6 -7 -6 -3  1  3  5  6  6  5  2	
 -1  0  1  1  1  1  0 -1 -1 -1 -1 -1 -1 *  0 -2 -3 -3 -2 -1  0  1  2  3  3  2  1	
 4835.715 -243.018
 -1  0  0  1  0  0 -2 -3 -3 -3 -3 -2 -1 *  2 -2 -7 -8 -7 -3  0  3  5  6  6  5  3	
 -1  0  1  1  1  1  0 -1 -1 -1 -2 -1 -1 *  0 -2 -3 -3 -3 -1  0  1  2  3  3  2  1	
 4835.715 -241.838
 -2 -1  1  2  2  1 -1 -2 -3 -3 -3 -3 -2 *  2 -2 -6 -8 -7 -4 -1  1  4  6  6  5  3	
 -1  0  1  2  2  1  0 -1 -1 -1 -2 -2 -1 *  0 -2 -3 -3 -2 -1  0  1  2  3  3  2  1	
 4835.715 -240.658
 -2 -1  1  2  2  2  0 -2 -3 -3 -3 -3 -2 *  2 -2 -6 -8 -7 -5 -2  1  4  6  6  6  4	
 -1  0  1  2  2  1  0  0 -1 -1 -2 -2 -1 *  0 -2 -3 -3 -2 -1  0  1  2  3  3  2  1	
 4835.715 -239.478
 -2 -1  1  3  3  2  0 -1 -2 -3 -3 -3 -3 *  2 -2 -6 -8 -7 -4 -1  1  3  5  6  5  3	
 -1  0  1  2  2  1  1  0 -1 -1 -2 -2 -2 *  0 -2 -3 -3 -2 -1  0  1  2  2  2  2  1	
 4835.715 -238.298
 -2 -1  1  3  3  3  1 -1 -2 -3 -3 -3 -3 *  2 -2 -6 -7 -6 -3 -1  1  3  4  5  5  3	
 -1  0  1  2  2  1  1  0 -1 -1 -2 -2 -2 *  0 -2 -2 -3 -2 -1  0  1  2  2  2  1  1	
 4835.715 -237.118
 -3 -1  1  3  4  3  1  0 -2 -3 -3 -3 -3 *  1 -2 -5 -6 -5 -2 -1  1  2  4  4  4  2	
 -1  0  1  2  2  2  1  0 -1 -1 -2 -2 -2 * -1 -2 -2 -2 -1  0  1  1  1  2  1  1  0	
 4835.715 -235.938
 -3 -1  1  3  4  4  2  0 -1 -3 -3 -3 -3 *  0 -2 -4 -4 -2 -1  0  1  2  2  3  2  1	
 -1  0  1  2  2  2  1  0 -1 -1 -2 -2 -2 * -1 -2 -2 -1  0  0  1  1  1  1  1  0 -1	
 4835.715 -234.758
 -2 -1  1  4  4  4  3  1 -1 -2 -3 -3 -3 * -2 -3 -2 -1  1  2  2  1  1  1  0 -1 -2	
 -2 -1  1  2  2  2  2  1  0 -1 -2 -2 -2 * -2 -1 -1  0  1  1  1  1  1  0 -1 -1 -2	
 4836.535 -248.328
  0  0 -2  0  0  0  0 -1 -1 -1 -1  0  0 *  0  0 -5 -5 -4 -1  2  5  7  8  7  0  0	
  0  1  1  0  0  0  0  0  0 -1 -1 -1  0 *  0 -3 -4 -4 -3 -1  1  2  3  4  4  3  1	
 4836.535 -247.148
  1  0 -2  0  1  0 -1 -2 -2 -1  0  1  1 *  0 -5 -8 -8 -6 -3  1  5  7  8  8  6  2	
  0  0  1  1  1  0  0 -1 -1 -1 -1  0  0 *  0 -3 -4 -5 -4 -2  0  2  3  4  4  3  2	
 4836.535 -245.968
  1  0 -1 -1  0  0 -1 -2 -3 -2 -1  0  1 *  2 -4 -8 -8 -5 -2  2  5  7  8  8  7  3	
  0  0  1  1  1  0  0 -1 -1 -1 -1 -1  0 *  0 -2 -4 -4 -3 -2  0  2  3  4  4  3  2	
 4836.535 -244.788
  0  0  0 -1  0  0 -1 -3 -3 -3 -1  0  0 *  2 -3 -8 -9 -7 -3  1  4  7  8  8  6  3	
  0  0  1  1  1  0  0 -1 -1 -1 -1 -1 -1 *  0 -2 -4 -4 -3 -1  0  2  3  3  4  3  1	
 4836.535 -243.608
  0  0  0  0  0  0 -1 -2 -3 -3 -2 -1 -1 *  2 -2 -8 -9 -7 -3  0  4  6  8  8  7  4	
 -1  0  1  1  1  0  0 -1 -1 -1 -1 -1 -1 *  0 -2 -3 -4 -3 -1  0  2  3  3  3  3  1	
 4836.535 -242.428
 -1  0  0  1  1  1 -1 -2 -3 -3 -3 -2 -1 *  3 -2 -8-10 -9 -5 -2  2  5  7  8  7  4	
 -1  0  1  1  1  0  0 -1 -1 -2 -2 -1 -1 *  0 -2 -4 -4 -3 -2  0  1  3  3  3  3  1	
 4836.535 -241.248
 -2  0  1  2  2  2  0 -2 -3 -3 -3 -3 -2 *  3 -2 -8-10 -9 -6 -2  1  4  7  8  7  4	
 -1  0  1  2  1  1  0 -1 -1 -2 -2 -2 -1 *  0 -2 -3 -4 -3 -2  0  1  2  3  3  3  1	
 4836.535 -240.068
 -2 -1  2  3  3  3  1 -1 -3 -4 -4 -3 -3 *  3 -2 -7-10 -9 -5 -2  1  4  6  7  6  4	
 -1  0  1  2  2  1  0 -1 -1 -2 -2 -2 -1 *  0 -2 -3 -4 -3 -1  0  1  2  3  3  2  1	
 4836.535 -238.888
 -3 -1  2  3  4  3  1 -1 -3 -4 -4 -4 -3 *  2 -2 -7 -8 -7 -4 -2  1  3  5  6  6  3	
 -1  0  1  2  2  1  1  0 -1 -2 -2 -2 -2 *  0 -2 -3 -3 -2 -1  0  1  2  2  2  2  1	
 4836.535 -237.708
 -3 -1  2  4  5  4  1 -1 -3 -4 -4 -4 -3 *  2 -2 -6 -8 -7 -4 -1  1  3  5  5  5  3	
 -1  0  1  2  2  2  1  0 -1 -2 -2 -2 -2 *  0 -2 -3 -3 -2 -1  0  1  2  2  2  2  0	
 4836.535 -236.528
 -3 -1  2  4  5  4  2  0 -2 -4 -4 -4 -3 *  1 -3 -6 -6 -5 -2 -1  1  2  4  4  4  2	
 -1  0  1  2  2  2  1  0 -1 -2 -2 -2 -2 * -1 -2 -2 -2 -1  0  1  1  1  2  2  1  0	
 4836.535 -235.348
 -3 -1  2  4  5  5  2  0 -2 -4 -5 -5 -4 * -1 -3 -5 -4 -3 -1  0  1  2  3  3  2  0	
 -2  0  1  2  3  2  1  0 -1 -2 -2 -3 -2 * -1 -2 -2 -1  0  0  1  1  1  1  1  0 -1	
 4836.535 -232.988
 -3 -2  2  4  6  6  4  1 -1 -3 -4 -4 -3 *  0 -1 -2 -1  0  1  2  1  1  1  1  1  1	
 -2  0  1  2  3  3  2  1  0 -1 -2 -3 -2 * -1 -1  0  0  1  1  1  1  1  0  0  0  0	
 4836.535 -231.808
 -2 -1  2  4  5  5  3  1 -1 -3 -3 -3 -2 *  0 -1 -2 -1  0  1  1  1  0  0  0  0  0	
 -1  0  1  2  2  2  2  1  0 -1 -2 -2 -2 * -1 -1  0  0  0  1  1  0  0  0  0  0 -1	
 4836.535 -230.628
  0  0  0  2  3  3  2  1 -1 -2 -2  0  0 *  0  0  0  2  3  3  2  1  0 -1 -1  0  0	
 -1  0  0  1  1  1  1  0  0 -1 -1 -1 -1 * -1  0  1  1  2  2  1  1  0 -1 -1 -1 -1	
 4837.355 -248.919
  0  0  2  1  0 -1 -1 -2 -2 -2 -2  0  0 *  0  0 -5 -6 -4  0  3  6  8  8  7  0  0	
  0  1  1  1  0  0 -1 -1 -1 -1 -1 -1 -1 * -1 -3 -4 -4 -2  0  2  3  4  4  4  3  1	
 4837.355 -247.738
  1  0  1  2  1  0 -1 -1 -2 -2 -1  0  1 * -1 -7-10-11 -8 -4  1  6  9 10  9  6  2	
  0  1  1  1  1  0  0 -1 -1 -1 -1 -1  0 *  0 -4 -6 -6 -5 -2  0  2  4  5  5  4  2	
 4837.355 -246.558
  0  1  1  2  2  1 -1 -2 -3 -3 -2 -1  0 *  1 -4 -7 -7 -6 -2  2  6  9  9  8  6  3	
  0  1  2  2  1  0 -1 -1 -2 -2 -2 -1 -1 *  0 -3 -4 -5 -3 -1  1  2  4  4  4  3  2	
 4837.355 -245.378
  1  0 -2  0  1  1  0 -2 -2 -2  0  1  1 *  1 -3 -8 -8 -6 -2  2  5  8  9  8  6  3	
  0  0  1  0  0  0 -1 -1 -1 -1 -1 -1  0 *  0 -2 -4 -4 -3 -1  1  2  3  4  4  3  1	
 4837.355 -244.198
  0  0  0  0  2  1  0 -2 -3 -2 -1  0  0 *  3 -3 -9-10 -8 -4  0  4  7  9  9  8  5	
  0  0  1  1  1  0 -1 -1 -1 -1 -1 -1 -1 *  0 -2 -4 -5 -4 -2  0  2  3  4  4  3  2	
 4837.355 -243.018
  0  0 -1  0  1  1  0 -1 -2 -2 -1  0  0 *  3 -3 -9-11 -9 -5 -1  3  6  8  9  8  5	
  0  0  1  1  0  0  0 -1 -1 -1 -1 -1 -1 *  0 -2 -4 -4 -3 -2  0  2  3  4  4  3  2	
 4837.355 -241.838
 -1  0  1  3  3  3  1 -1 -3 -3 -3 -2 -2 *  3 -2 -9-13-11 -7 -3  1  5  8  9  8  5	
 -1  0  1  2  1  1  0 -1 -1 -2 -2 -2 -1 *  0 -2 -4 -5 -4 -2  0  1  3  3  4  3  2	
 4837.355 -240.658
 -2  0  2  4  4  3  1 -1 -3 -4 -4 -3 -2 *  3 -2 -9-11-10 -7 -3  1  4  7  8  8  5	
 -1  0  2  2  2  1  0 -1 -1 -2 -2 -2 -1 *  0 -2 -4 -4 -3 -2  0  1  2  3  3  3  1	
 4837.355 -239.478
 -3 -1  3  4  5  4  1 -1 -3 -4 -4 -4 -3 *  3 -2 -8-10 -9 -5 -2  1  4  7  8  7  4	
 -1  0  2  2  2  2  1  0 -1 -2 -2 -2 -2 *  0 -2 -3 -4 -3 -2  0  1  2  3  3  2  1	
 4837.355 -238.298
 -3 -1  3  5  6  4  2 -1 -3 -4 -5 -4 -3 *  2 -2 -7 -9 -8 -5 -2  1  3  6  7  6  4	
 -1  0  2  2  3  2  1  0 -1 -2 -2 -2 -2 *  0 -2 -3 -3 -3 -1  0  1  2  2  3  2  1	
 4837.355 -237.118
 -3 -1  3  6  6  5  2 -1 -3 -5 -5 -5 -4 *  1 -3 -7 -7 -6 -4 -1  1  3  5  5  5  2	
 -2  0  2  3  3  2  1  0 -1 -2 -3 -3 -2 * -1 -2 -3 -3 -2 -1  0  1  2  2  2  1  0	
 4837.355 -235.938
 -4 -2  2  5  6  5  2 -1 -3 -5 -5 -5 -4 *  0 -3 -5 -5 -4 -2  0  1  2  3  4  3  1	
 -2  0  2  3  3  3  2  0 -1 -2 -3 -3 -3 * -1 -2 -2 -2 -1  0  1  1  1  1  1  1  0	
 4837.355 -234.758
 -5 -2  3  6  7  6  3  0 -3 -5 -6 -6 -5 *  0 -3 -5 -5 -3 -1  0  1  2  3  3  3  1	
 -2  0  2  3  3  3  2  0 -1 -2 -3 -3 -3 * -1 -2 -2 -1 -1  0  1  1  1  1  1  0  0	
 4837.355 -233.578
 -4 -1  3  6  7  6  3  0 -2 -4 -5 -5 -4 *  0 -2 -3 -3 -2  0  1  1  2  2  2  1  0	
 -2  0  2  3  3  3  2  0 -1 -2 -3 -3 -3 * -1 -1 -1 -1  0  0  1  1  1  1  0  0 -1	
 4837.355 -232.398
 -3 -1  2  5  6  5  3  0 -2 -4 -4 -4 -3 * -1 -2 -3 -2  0  1  1  1  1  1  1  0 -1	
 -2  0  2  3  3  3  2  1 -1 -2 -2 -3 -2 * -1 -1 -1  0  0  1  1  1  1  0  0 -1 -1	
 4837.355 -231.218
 -2  0  2  5  6  5  3  1 -1 -3 -3 -3 -2 * -1 -2 -2  0  1  2  2  1  1  0  0  0 -1	
 -1  0  2  2  3  2  2  1  0 -1 -2 -2 -1 * -1 -1  0  0  1  1  1  1  1  0 -1 -1 -1	
 4837.355 -230.038
 -1  0  2  3  4  4  2  1  0 -1 -2 -2 -1 * -1 -1 -1  1  2  3  2  1  0  0  0  0  0	
  0  1  1  2  2  2  1  1  0 -1 -1 -1 -1 * -1  0  0  1  1  2  1  1  0  0  0 -1 -1	
 4837.355 -228.858
  0  0  0  1  2  1  1  0 -1 -1 -1 -1 -1 *  0  0  1  1  1  1  1  0 -1 -1  0  0  0	
  0  0  0  1  1  1  0  0  0 -1 -1 -1  0 *  0  0  0  0  1  1  0  0  0 -1  0  0  0	
 4838.175 -245.968
  2 -1 -1  1  2  1  0 -2 -2 -1  1  3  3 *  1 -6 -9-11 -9 -4  2  7 11 13 12  9  3	
  1  1  0  0  0  0 -1 -1 -1 -1  0  0  0 *  0 -4 -6 -6 -4 -2  1  3  5  6  6  4  2	
 4838.175 -244.788
  1  0 -1  1  2  2  1 -1 -1 -1  1  2  2 *  4 -6-15-15-11 -6  0  6 11 14 14 13  8	
  0  1  0  0  0  0  0 -1 -1 -1  0  0  0 *  1 -4 -6 -7 -5 -3  0  3  5  6  6  5  3	
 4838.175 -243.608
  2  1 -1  1  3  3  1 -1 -1 -1  1  2  2 *  3 -6-13-15-12 -6 -1  5  9 12 13 11  6	
  0  1  1  1  1  0  0 -1 -1 -1  0  0  0 *  0 -4 -6 -6 -5 -2  1  3  5  6  6  4  2	
 4838.175 -242.428
 -1  0  2  4  5  4  2  0 -2 -3 -3 -2 -2 *  5 -2-11-15-13 -8 -3  2  6 10 11 10  7	
  0  1  1  2  2  1  1  0 -1 -2 -2 -1 -1 *  1 -2 -4 -6 -5 -3 -1  1  3  4  5  4  2	
 4838.175 -241.248
 -2  0  3  6  6  5  2 -1 -3 -4 -4 -4 -3 *  4 -2-10-13-11 -7 -3  1  5  8 10  9  6	
 -1  1  2  3  3  2  1  0 -1 -2 -2 -2 -1 *  0 -2 -4 -5 -4 -2 -1  1  3  4  4  3  2	
 4838.175 -240.068
 -3  0  3  5  6  4  2 -1 -3 -5 -5 -4 -3 *  3 -2 -8-11-10 -6 -2  1  5  7  8  8  5	
 -1  0  2  3  3  2  1  0 -1 -2 -2 -2 -2 *  0 -2 -4 -4 -3 -2  0  1  2  3  3  3  1	
 4838.175 -238.888
 -3 -1  3  6  7  5  2 -1 -3 -5 -6 -5 -4 *  2 -2 -8-10 -9 -6 -2  1  4  7  8  7  4	
 -1  0  2  3  3  2  1  0 -1 -2 -3 -3 -2 *  0 -2 -3 -4 -3 -2  0  1  2  3  3  2  1	
 4838.175 -237.708
 -4 -1  4  7  7  6  2 -1 -4 -6 -6 -6 -5 *  1 -2 -6 -8 -7 -5 -2  1  3  5  6  5  3	
 -2  0  2  3  3  2  1  0 -1 -3 -3 -3 -3 *  0 -2 -3 -3 -2 -1  0  1  2  2  2  2  1	
 4838.175 -236.528
 -4 -2  3  7  7  6  2 -1 -4 -6 -6 -6 -5 *  1 -3 -6 -7 -5 -3 -1  1  3  5  5  4  2	
 -2  0  2  3  3  3  1  0 -1 -3 -3 -3 -3 * -1 -2 -2 -2 -2 -1  0  1  2  2  2  1  0	
 4838.175 -235.348
 -4 -2  3  7  7  6  3 -1 -3 -5 -6 -6 -5 *  0 -3 -6 -6 -4 -2  0  1  3  4  4  3  1	
 -2  0  2  3  3  3  1  0 -1 -2 -3 -3 -3 * -1 -2 -2 -2 -1  0  1  1  2  2  1  1  0	
 4838.175 -234.168
 -4 -1  4  7  8  7  3  0 -4 -6 -7 -6 -5 *  0 -3 -5 -5 -3 -1  0  1  2  3  3  2  1	
 -2  0  2  4  4  3  2  0 -1 -3 -3 -3 -3 * -1 -2 -2 -2 -1  0  1  1  1  1  1  0  0	
 4838.175 -232.988
 -3 -1  3  6  7  6  3  0 -3 -5 -5 -5 -4 * -1 -4 -5 -4 -2  0  1  1  2  2  1  1 -1	
 -2  0  2  3  3  3  2  0 -1 -2 -3 -3 -3 * -2 -2 -2 -1  0  1  1  1  1  1  0  0 -1	
 4838.175 -231.808
 -2  0  3  6  7  5  3  0 -3 -5 -5 -4 -3 * -2 -3 -4 -2  0  1  1  1  1  0  0  0 -1	
 -1  0  2  3  3  3  1  0 -1 -2 -3 -3 -2 * -2 -2 -1  0  0  1  1  1  1  0  0 -1 -2	
 4838.175 -230.628
  0  1  3  4  5  4  2  0 -2 -2 -1 -1  0 * -1 -2 -2  0  2  3  3  1  0 -1 -1  0 -1	
  0  1  2  2  2  2  1  0 -1 -1 -1 -1 -1 * -2 -2  0  1  2  2  2  1  0 -1 -1 -2 -2	
 4838.995 -247.739
  0  0  3  4  4  3  0 -3 -3 -2 -2  0  0 *  0  0-13-14-11 -6  2 10 15 17 15  0  0	
  1  2  2  2  2  1  0 -1 -2 -1 -1 -1  0 *  0 -5 -8 -8 -5 -2  2  5  7  8  7  6  3	
 4838.995 -246.559
  0  0 -1  2  3  2  0 -2 -1  0  2  0  0 *  0  0-17-17-13 -7  1  9 15 18 17  0  0	
  1  1  1  1  1  1  0 -1 -1  0  0  1  1 * -1 -6 -9 -9 -6 -3  1  5  7  8  8  6  3	
 4838.995 -245.378
 -1  4  7  8  7  5  1 -2 -4 -5 -5 -5 -3 *  2 -9-17-18-14 -8 -1  7 13 16 16 12  6	
  0  2  3  4  3  2  0 -1 -2 -3 -3 -2 -1 *  1 -5 -8 -9 -7 -3  0  3  6  7  7  6  3	
 4838.995 -244.198
  1  0  0  3  4  3  1  0 -1 -1  0  1  1 *  4 -4-12-13-11 -6 -1  5 10 13 13 11  7	
  0  1  1  1  1  1  1  0 -1 -1  0  0  0 *  1 -3 -5 -6 -5 -2  0  3  4  6  6  5  3	
 4838.995 -243.018
 -2  0  4  7  7  5  2  0 -3 -4 -4 -4 -3 *  4 -2-11-15-13 -8 -3  2  7 10 11 10  6	
 -1  1  2  3  3  2  1  0 -1 -2 -2 -2 -1 *  1 -2 -5 -6 -5 -3 -1  1  3  4  5  4  2	
 4838.995 -241.838
 -3  0  3  6  7  5  2 -1 -3 -5 -5 -4 -3 *  4 -2-10-13-11 -7 -2  2  6  9 10  9  6	
 -1  1  2  3  3  2  1  0 -1 -2 -2 -2 -2 *  1 -2 -4 -5 -4 -2  0  1  3  4  4  4  2	
 4838.995 -240.658
 -3  0  4  7  7  5  2 -1 -4 -5 -5 -5 -4 *  4 -2 -9-12-10 -7 -2  2  5  8  9  9  6	
 -1  1  2  3  3  2  1  0 -1 -2 -3 -3 -2 *  1 -2 -4 -5 -4 -2  0  1  3  3  4  3  2	
 4838.995 -239.478
 -3 -1  4  7  7  5  2 -1 -4 -5 -6 -5 -4 *  3 -2 -8-11-10 -6 -2  1  5  7  8  8  5	
 -1  0  2  3  3  2  1  0 -1 -2 -3 -3 -2 *  0 -2 -3 -4 -3 -2  0  1  2  3  3  3  1	
 4838.995 -238.298
 -4 -1  3  7  8  6  2 -1 -4 -6 -6 -5 -4 *  2 -3 -8-10 -9 -5 -2  1  4  7  7  6  4	
 -2  0  2  3  3  2  1  0 -1 -2 -3 -3 -2 *  0 -2 -3 -4 -3 -1  0  1  2  3  3  2  1	
 4838.995 -237.118
 -5 -1  4  8  9  7  3 -1 -4 -7 -7 -7 -5 *  2 -3 -8-10 -8 -5 -2  1  4  7  7  6  4	
 -2  0  2  4  4  3  1  0 -2 -3 -4 -4 -3 *  0 -2 -3 -4 -3 -1  0  1  2  3  3  2  1	
 4838.995 -235.938
 -4 -1  4  8  9  7  3 -1 -4 -6 -7 -7 -5 *  1 -4 -8 -8 -7 -4 -1  1  4  6  6  5  2	
 -2  0  2  4  4  3  1  0 -2 -3 -3 -3 -3 * -1 -2 -3 -3 -2 -1  0  1  2  2  2  2  0	
 4838.995 -234.758
 -4 -2  3  6  7  6  3 -1 -4 -6 -6 -5 -4 * -1 -4 -6 -6 -4 -2  0  1  3  4  4  3  0	
 -2  0  2  3  3  3  1  0 -1 -2 -3 -3 -3 * -1 -2 -2 -2 -1  0  1  1  2  2  1  1 -1	
 4838.995 -233.578
 -4 -1  4  8  8  7  3 -1 -4 -6 -7 -6 -5 * -1 -4 -6 -5 -3 -1  1  1  3  3  3  2  0	
 -2  0  2  4  4  3  1  0 -1 -3 -4 -4 -3 * -2 -2 -2 -2 -1  0  1  1  1  1  1  0 -1	
 4838.995 -232.398
 -4 -1  4  8  8  6  3 -1 -4 -6 -7 -6 -5 * -2 -4 -5 -4 -2  0  1  1  2  2  2  1 -1	
 -2  0  3  4  4  3  1  0 -2 -3 -3 -3 -3 * -2 -2 -2 -1  0  1  1  1  1  1  0  0 -1	
 4838.995 -231.218
 -3 -1  4  7  8  6  2 -1 -5 -7 -7 -6 -4 * -2 -3 -4 -2  1  2  2  2  1  0  0 -1 -1	
 -2  0  2  3  3  2  1  0 -2 -3 -4 -3 -3 * -2 -2 -1  0  1  2  2  1  1  0 -1 -1 -2	
 4838.995 -230.038
 -4 -1  5  8  9  7  3 -2 -6 -9 -9 -8 -5 *  0 -1 -1  2  5  6  4  2  0 -1  0  1  0	
 -3  0  3  4  4  3  1 -1 -2 -4 -5 -5 -4 * -1 -1  1  2  3  3  3  2  1 -1 -1 -1 -1	
 4839.815 -248.329
  0  0  4  6  6  4  0 -4 -5 -3 -1  0  0 *  0  0-12-13-10 -5  2  8 13 15 14  0  0	
  1  2  3  3  3  2  0 -1 -2 -2 -1 -1  0 *  0 -4 -6 -6 -5 -2  1  4  6  7  6  5  2	
 4839.815 -247.149
  2  4  7  9  8  5  1 -3 -5 -4 -3 -1  1 * -1 -5 -9-11-10 -6  0  6 10 11  9  5  0	
  1  3  4  4  4  2  1 -1 -2 -2 -2 -1  0 * -1 -4 -5 -6 -4 -2  0  3  5  5  4  3  1	
 4839.815 -245.969
  0  3  6  8  8  5  1 -2 -4 -5 -4 -3 -1 *  2 -5-11-12-11 -6 -1  5 10 12 11  9  4	
  0  2  3  4  4  3  1  0 -2 -2 -2 -2 -1 *  1 -3 -5 -6 -5 -2  0  2  4  5  5  4  2	
 4839.815 -244.789
 -2  2  9 12 11  7  2 -2 -5 -6 -6 -5 -3 *  3 -2 -9-12-10 -6 -1  4  8 10 10  8  5	
 -1  2  4  5  5  4  2  0 -2 -3 -3 -3 -2 *  1 -2 -4 -5 -4 -3  0  2  3  4  5  4  2	
 4839.815 -243.608
 -3  1  7 10  9  6  2 -1 -4 -6 -7 -6 -4 *  5 -2-11-14-12 -8 -2  3  8 11 12 11  7	
 -1  1  3  4  4  3  2  0 -1 -3 -3 -3 -2 *  1 -2 -5 -6 -5 -3 -1  1  3  5  5  5  3	
 4839.815 -242.428
 -3 -1  4  7  8  5  2 -1 -4 -5 -6 -6 -4 *  5 -1 -9-13-11 -7 -2  3  7 10 11 10  7	
 -1  0  2  3  3  2  1  0 -1 -2 -3 -3 -2 *  1 -2 -4 -5 -4 -2  0  1  3  4  5  4  2	
 4839.815 -241.248
 -4 -1  4  7  8  6  2 -1 -4 -6 -6 -6 -5 *  4 -2 -9-12-11 -7 -2  2  6  9 10  9  6	
 -2  0  2  3  3  3  1  0 -1 -3 -3 -3 -2 *  1 -2 -4 -5 -4 -2  0  1  3  4  4  3  2	
 4839.815 -240.068
 -5 -1  4  8  8  6  2 -1 -4 -6 -7 -7 -5 *  3 -2 -8-11-10 -6 -2  2  5  8  9  8  5	
 -2  0  2  4  4  3  1  0 -2 -3 -3 -3 -3 *  0 -2 -4 -4 -4 -2  0  1  3  3  4  3  2	
 4839.815 -238.888
 -5 -2  4  8  8  6  2 -1 -4 -6 -7 -7 -5 *  3 -2 -8-10 -9 -6 -2  1  5  7  8  7  4	
 -2  0  2  4  4  3  1  0 -1 -3 -3 -3 -3 *  0 -2 -3 -4 -3 -2  0  1  2  3  3  3  1	
 4839.815 -237.708
 -5 -2  4  9 10  7  3 -1 -5 -7 -8 -8 -6 *  1 -3 -7 -9 -8 -5 -2  1  4  6  7  6  3	
 -2  0  3  4  4  3  2  0 -2 -3 -4 -4 -3 *  0 -2 -3 -3 -3 -1  0  1  2  3  3  2  1	
 4839.815 -236.528
 -5 -2  4  9 10  8  3 -1 -4 -7 -8 -7 -6 *  0 -3 -7 -7 -6 -4 -1  1  3  5  5  4  2	
 -2  0  2  4  4  3  2  0 -1 -3 -4 -4 -3 * -1 -2 -3 -3 -2 -1  0  1  2  2  2  1  0	
 4839.815 -235.348
 -5 -2  5  9 10  8  4 -1 -5 -8 -8 -8 -6 *  0 -3 -6 -6 -5 -2 -1  1  3  4  4  3  1	
 -3  0  3  4  5  4  2  0 -2 -3 -4 -4 -4 * -1 -2 -2 -2 -1  0  0  1  2  2  2  1  0	
 4839.815 -234.168
 -5 -1  5 10 10  8  4 -1 -5 -7 -8 -8 -6 *  0 -3 -6 -6 -4 -2  0  1  3  4  4  3  1	
 -2  0  3  4  5  4  2  0 -2 -3 -4 -4 -3 * -1 -2 -2 -2 -1  0  1  1  2  2  2  1  0	
 4839.815 -232.988
 -4 -1  5  9 10  8  3 -1 -5 -7 -7 -7 -5 * -1 -4 -5 -5 -3 -1  1  2  3  3  3  2  0	
 -2  1  3  4  4  3  2  0 -2 -3 -4 -4 -3 * -1 -2 -2 -2 -1  0  1  1  1  1  1  0 -1	
 4839.815 -231.808
 -3  0  5  9 10  8  4 -1 -5 -7 -8 -7 -4 * -1 -3 -5 -3 -1  1  1  2  2  2  2  1  0	
 -2  1  3  4  5  3  2  0 -2 -3 -4 -4 -3 * -2 -2 -2 -1  0  1  1  1  1  1  1  0 -1	
 4839.815 -230.628
 -3  0  5  9 10  8  3 -1 -5 -8 -8 -7 -5 * -2 -3 -3 -1  2  3  3  3  2  1  0  0 -1	
 -2  1  3  4  4  3  1  0 -2 -3 -4 -4 -3 * -2 -2 -1  0  2  2  2  2  2  1  0 -1 -2	
 4839.815 -229.448
 -7 -1 11 17 18 14  6 -2 -9-14-14-13 -9 * -1 -1 -1  0  2  3  3  2  0 -1 -1 -1 -1	
 -4  1  6  8  8  6  3  0 -3 -6 -8 -8 -6 * -1  0  0  1  1  2  2  1  1  0 -1 -1 -1	
 4839.815 -228.268
 -7 -1 11 18 19 15  7 -2 -9-14-14-12 -9 * -3 -2  2  3  4  4  2  1 -1 -2 -3 -3 -3	
 -5  0  6  9  9  7  3  0 -4 -7 -8 -8 -6 * -2  0  1  2  2  2  1  1  0 -1 -2 -2 -2	
 4839.815 -227.088
 -5 -1  9 15 17 13  6 -2 -9-13-12-10 -7 * -1 -1  0  1  2  2  2  1  0 -1 -1 -1 -1	
 -4  0  5  8  8  6  3  0 -3 -6 -7 -7 -5 * -1 -1  0  1  1  1  1  0  0  0 -1 -1 -1	
 4839.815 -225.908
 -3  1  8 13 14 11  4 -3 -9-12-10 -7 -4 * -1 -1  0  2  1  1  1  1  1  1 -1 -1 -1	
 -3  1  5  7  7  5  2 -1 -4 -6 -6 -5 -4 * -1  0  1  1  1  1  1  1  0  0  0 -1 -1	
 4840.635 -250.099
 -1  2  7  8  7  4 -1 -5 -7 -7 -6 -4 -2 *  0 -4 -8 -9 -8 -4  1  5  7  7  5  4  1	
 -1  2  3  4  4  2  0 -1 -3 -4 -4 -3 -2 * -1 -3 -4 -5 -4 -2  0  2  3  3  3  2  0	
 4840.635 -248.919
 -2  2  7  9  7  4  0 -4 -7 -7 -6 -4 -3 *  1 -2 -5 -7 -6 -3  0  4  6  6  5  4  2	
 -1  1  3  4  4  3  1 -1 -3 -4 -4 -3 -2 *  0 -2 -3 -3 -3 -1  0  2  3  3  3  2  1	
 4840.635 -247.739
 -2  2  7 10  9  5  0 -4 -7 -8 -7 -5 -3 *  0 -3 -6 -9 -8 -5  0  4  7  8  7  4  2	
 -2  1  3  5  4  3  1 -1 -3 -4 -4 -4 -3 *  0 -2 -3 -4 -3 -2  0  2  3  4  4  3  1	
 4840.635 -246.559
 -4  1  8 11  9  6  1 -3 -7 -9 -9 -8 -6 *  2 -2 -8-10 -9 -5 -1  4  8 10  9  7  3	
 -2  1  3  5  5  3  1 -1 -2 -4 -5 -4 -3 *  1 -2 -4 -5 -4 -2  0  2  3  4  4  4  2	
 4840.635 -245.379
 -5 -1  5  9  8  5  1 -3 -5 -7 -8 -7 -6 *  3 -2 -8-11-10 -6 -1  3  7  9  9  7  4	
 -2  0  3  4  4  3  1  0 -2 -3 -4 -4 -3 *  1 -2 -4 -5 -4 -2  0  2  3  4  4  3  2	
 4840.635 -244.198
 -5 -1  5  9  8  5  1 -2 -5 -8 -8 -8 -6 *  4 -1 -9-12-11 -7 -2  3  8 11 12 10  6	
 -2  0  3  4  4  3  1  0 -2 -3 -4 -4 -3 *  1 -2 -4 -5 -4 -3  0  2  3  4  5  4  3	
 4840.635 -243.019
 -5 -1  4  7  7  5  1 -2 -5 -6 -7 -7 -5 *  4 -1 -8-12-11 -7 -2  3  7 10 11  9  6	
 -2  0  2  3  3  2  1  0 -2 -3 -3 -3 -3 *  1 -2 -4 -5 -4 -2  0  2  3  4  4  4  2	
 4840.635 -241.838
 -5 -1  5  8  8  6  2 -2 -5 -7 -7 -7 -6 *  4 -2 -9-12-11 -7 -2  2  7 10 11  9  6	
 -2  0  2  4  4  3  1  0 -2 -3 -4 -4 -3 *  1 -2 -4 -5 -4 -2  0  2  3  4  4  4  2	
 4840.635 -240.658
 -5 -2  4  8  8  6  2 -2 -5 -7 -7 -7 -6 *  4 -2 -9-12-11 -7 -2  2  6  9 10  9  6	
 -2  0  2  4  4  3  1  0 -2 -3 -3 -4 -3 *  1 -2 -4 -5 -4 -2  0  1  3  4  4  3  2	
 4840.635 -239.478
 -5 -2  4  8  9  6  2 -2 -5 -7 -8 -8 -6 *  3 -2 -8-11-10 -7 -2  1  5  8  9  8  5	
 -2  0  2  4  4  3  1  0 -2 -3 -4 -4 -3 *  0 -2 -4 -4 -4 -2  0  1  3  3  4  3  2	
 4840.635 -238.298
 -6 -2  5 10 10  7  3 -2 -5 -8 -9 -9 -7 *  2 -2 -8-10 -9 -6 -2  1  5  7  8  7  4	
 -3  0  3  4  5  3  2  0 -2 -3 -4 -4 -4 *  0 -2 -3 -4 -3 -2  0  1  2  3  3  3  1	
 4840.635 -237.118
 -7 -3  5 10 11  8  3 -2 -6 -8-10 -9 -8 *  1 -3 -7 -8 -7 -5 -2  1  4  6  6  5  2	
 -3  0  3  5  5  4  2  0 -2 -4 -5 -5 -4 *  0 -2 -3 -3 -2 -1  0  1  2  2  2  2  1	
 4840.635 -235.938
 -6 -3  4  9 10  8  3 -2 -5 -8 -9 -9 -7 *  0 -4 -7 -7 -6 -3 -1  1  4  5  5  4  1	
 -3  0  3  4  5  4  2  0 -2 -3 -4 -5 -4 * -1 -2 -3 -3 -2 -1  0  1  2  2  2  1  0	
 4840.635 -234.758
 -6 -2  4  9 10  8  3 -2 -5 -8 -9 -9 -7 *  0 -4 -7 -7 -5 -3  0  2  4  5  5  3  1	
 -3  0  3  4  5  4  2  0 -2 -3 -4 -4 -4 * -1 -2 -3 -3 -2  0  1  1  2  2  2  1  0	
 4840.635 -233.578
 -5 -2  5 10 11  8  3 -1 -5 -8 -9 -8 -7 * -1 -4 -7 -7 -5 -2  0  2  4  4  4  2  0	
 -3  0  3  5  5  4  2  0 -2 -3 -4 -4 -4 * -2 -3 -3 -2 -1  0  1  1  2  2  2  1 -1	
 4840.635 -232.398
 -5 -2  5 11 12  9  4 -1 -6 -9-10 -9 -7 * -2 -4 -6 -5 -3 -1  1  2  3  3  2  1 -1	
 -3  0  3  5  5  4  2  0 -2 -4 -5 -5 -4 * -2 -2 -2 -2 -1  0  1  1  2  2  1  0 -1	
 4840.635 -231.218
 -6 -2  5 11 12 10  5 -1 -5 -9 -9 -8 -6 * -2 -4 -4 -3 -1  1  2  2  3  2  1  0 -1	
 -3  0  3  5  5  4  2  0 -2 -4 -5 -5 -4 * -2 -2 -2 -1  0  1  2  2  2  1  0 -1 -1	
 4840.635 -230.038
 -5 -2  5 12 14 12  6  0 -6-10-10 -8 -6 * -3 -3 -2  2  3  4  3  2  1  0 -1 -2 -3	
 -3  0  4  6  7  5  3  0 -2 -4 -5 -5 -4 * -2 -1  0  1  2  3  3  2  1  0 -1 -2 -2	
 4840.635 -228.858
  0  0 10 17 19 15  7 -2 -9-14-15  0  0 *  0  0 -5 -4 -2  0  1  2  3  4  5  0  0	
 -4  1  6  8  9  6  3  0 -4 -6 -8 -7 -6 *  0 -1 -2 -2 -1  0  1  1  2  2  2  2  1	
 4840.635 -227.678
 -6 -1  9 15 17 13  6 -1 -8-13-13-11 -7 *  1 -2 -5 -4 -2 -1  1  2  2  3  3  3  2	
 -4  1  5  7  7  5  3  0 -3 -6 -7 -7 -5 *  0 -1 -1 -2 -1  0  0  1  1  1  1  1  0	
 4840.635 -226.498
 -5  0  9 15 16 13  6 -1 -7-12-12-10 -7 * -1 -3 -4 -3 -2  0  1  1  2  2  1  1  0	
 -4  0  5  7  7  5  3  0 -3 -5 -7 -6 -5 * -1 -1 -1 -1 -1  0  0  1  1  1  1  0  0	
 4841.455 -250.689
 -2  1  5  7  6  3 -1 -5 -7 -7 -6 -5 -3 *  1 -3 -8-10 -8 -4  1  5  8  8  7  5  3	
 -1  1  3  4  3  2  0 -1 -2 -3 -4 -3 -2 *  0 -2 -4 -5 -4 -2  0  2  3  4  4  3  1	
 4841.455 -249.509
 -3  1  6  8  7  3 -1 -5 -8 -9 -8 -7 -4 *  1 -3 -9-11 -9 -5  0  5  8  9  8  6  3	
 -2  1  3  4  4  2  0 -1 -3 -4 -4 -4 -3 *  0 -3 -4 -5 -4 -2  0  2  3  4  4  3  1	
 4841.455 -248.329
 -4  0  6  8  7  3 -1 -5 -7 -9 -9 -8 -5 *  2 -3-10-12-11 -6  0  5  9 11 10  8  4	
 -2  0  3  4  3  2  0 -1 -3 -4 -4 -4 -3 *  1 -3 -5 -6 -5 -3  0  2  4  5  5  4  2	
 4841.455 -247.149
 -5  0  6  8  7  4 -1 -4 -7 -9 -9 -8 -6 *  3 -3-10-13-11 -7 -1  5  9 12 11  9  5	
 -2  0  3  4  4  2  1 -1 -2 -4 -4 -4 -3 *  1 -2 -5 -6 -5 -3  0  2  4  5  5  4  2	
 4841.455 -245.969
 -5 -1  6  9  8  4  0 -4 -6 -8 -9 -8 -6 *  3 -2 -9-13-12 -7 -2  4  8 11 11  9  5	
 -2  0  3  4  4  2  1 -1 -2 -3 -4 -4 -3 *  1 -2 -5 -6 -5 -3  0  2  3  5  5  4  2	
 4841.455 -244.789
 -5 -1  5  8  8  4  0 -4 -6 -8 -8 -8 -6 *  4 -2 -9-13-12 -7 -2  3  8 11 11 10  6	
 -2  0  3  4  4  2  1 -1 -2 -3 -4 -4 -3 *  1 -2 -5 -6 -5 -3  0  2  3  5  5  4  2	
 4841.455 -243.609
 -5 -2  4  8  7  5  0 -3 -5 -7 -7 -7 -6 *  4 -2 -9-13-12 -7 -2  3  7 10 11 10  6	
 -2  0  2  4  4  2  1 -1 -2 -3 -3 -3 -3 *  1 -2 -4 -5 -4 -3  0  2  3  4  5  4  2	
 4841.455 -242.428
 -5 -2  4  8  8  5  1 -3 -5 -7 -8 -7 -6 *  5 -2 -9-13-12 -8 -2  3  7 10 11 10  7	
 -2  0  2  4  4  3  1  0 -2 -3 -3 -4 -3 *  1 -2 -4 -5 -4 -2  0  2  3  4  5  4  2	
 4841.455 -241.248
 -5 -2  4  8  8  5  1 -3 -5 -7 -8 -8 -6 *  4 -2 -9-12-11 -7 -3  2  6  9 10  9  6	
 -2  0  2  4  4  3  1  0 -2 -3 -4 -4 -3 *  1 -2 -4 -5 -4 -2  0  2  3  4  4  4  2	
 4841.455 -240.068
 -6 -2  5  9  9  6  2 -2 -6 -8 -8 -8 -7 *  4 -2 -9-12-12 -8 -3  2  6  9 10  9  6	
 -2  0  3  4  4  3  1  0 -2 -3 -4 -4 -3 *  1 -2 -4 -5 -4 -2  0  1  3  4  4  4  2	
 4841.455 -238.888
 -6 -2  5 10 10  7  2 -2 -6 -8 -9 -9 -7 *  3 -2 -9-12-11 -7 -3  1  5  9  9  8  5	
 -2  0  3  4  4  3  1  0 -2 -3 -4 -4 -3 *  0 -2 -4 -5 -4 -2  0  1  3  3  4  3  2	
 4841.455 -237.708
 -8 -3  6 11 12  8  3 -3 -7-10-11-11 -9 *  2 -3 -8-11-10 -6 -3  1  5  8  8  7  4	
 -3  0  3  5  5  4  2 -1 -2 -4 -5 -5 -4 *  0 -2 -4 -4 -3 -2  0  1  2  3  3  3  1	
 4841.455 -236.528
 -7 -3  4  9 10  7  2 -3 -6 -9-10 -9 -8 *  0 -4 -7 -8 -7 -5 -2  1  4  6  6  4  1	
 -3  0  3  5  5  3  2  0 -2 -4 -5 -5 -4 * -1 -2 -3 -3 -2 -1  0  1  2  2  2  2  0	
 4841.455 -235.348
 -6 -3  4  9 10  8  3 -2 -6 -8 -9 -9 -7 *  0 -4 -8 -8 -7 -4 -1  2  4  6  6  4  1	
 -3  0  3  4  5  3  2  0 -2 -3 -4 -5 -4 * -1 -3 -3 -3 -2 -1  1  1  2  2  2  1  0	
 4841.455 -234.168
 -6 -3  5 10 11  8  3 -2 -6 -9-10 -9 -7 * -1 -4 -7 -8 -6 -3 -1  2  4  5  5  3  1	
 -3  0  3  5  5  4  2  0 -2 -4 -5 -5 -4 * -1 -3 -3 -3 -2  0  1  2  2  2  2  1  0	
 4841.455 -232.988
 -7 -3  4 11 12  9  4 -1 -6 -9-10-10 -8 * -1 -4 -7 -7 -5 -2  0  2  4  4  4  2  0	
 -3  0  3  5  5  4  2  0 -2 -4 -5 -5 -4 * -1 -2 -3 -2 -1  0  1  2  2  2  2  1 -1	
 4841.455 -231.808
 -9 -4  5 13 14 11  5 -1 -6-11-12-12-10 * -2 -4 -6 -5 -3 -1  1  2  3  3  2  1 -1	
 -4 -1  3  6  6  5  3  0 -2 -4 -6 -6 -6 * -2 -2 -2 -2 -1  1  1  2  2  2  1  0 -1	
 4841.455 -230.628
 -9 -4  5 13 15 12  6 -1 -6-11-13-12-10 * -2 -4 -4 -3 -1  0  1  2  3  2  1  0 -1	
 -4 -1  3  6  7  5  3  0 -2 -4 -6 -6 -6 * -2 -2 -2 -1  0  1  2  2  2  1  0  0 -1	
 4841.455 -229.448
 -9 -3  7 16 18 14  7  0 -7-12-14-13-10 * -1 -2 -4 -3 -1  0  1  2  2  2  2  1  0	
 -4  0  4  7  8  6  3  1 -2 -5 -7 -7 -6 * -1 -1 -1 -1  0  1  1  2  2  1  1  0  0	
 4841.455 -228.268
 -9 -3  9 18 20 16  8  0 -7-13-15-14-11 *  0 -2 -4 -4 -2 -1  1  2  3  3  3  2  1	
 -4  0  5  8  8  6  3  0 -3 -6 -7 -7 -6 *  0 -1 -1 -1 -1  0  1  1  1  1  1  1  0	
 4841.455 -227.088
 -8 -2  9 18 20 16  8  0 -7-13-14-13 -9 *  0 -2 -5 -6 -4 -2  0  1  3  4  4  3  1	
 -4  0  5  8  8  6  3  0 -3 -6 -7 -7 -6 *  0 -1 -2 -2 -2 -1  0  1  1  2  2  1  1	
 4841.455 -225.908
 -6 -1  9 17 18 14  7  0 -6-12-13-11 -8 * -1 -3 -5 -5 -4 -2  0  1  2  3  2  1  0	
 -3  1  5  7  7  5  3  0 -3 -5 -6 -6 -5 * -1 -2 -2 -2 -1 -1  0  1  1  1  1  1  0	
 4839.945 -249.483
  0  3  6  7  6  3 -1 -5 -7 -6 -5 -3 -1 *  1 -5 -9-11 -9 -4  1  6  8  9  8  6  3	
  0  2  3  4  3  2  0 -2 -3 -3 -3 -2 -1 * -1 -4 -5 -5 -4 -2  1  3  4  4  4  3  1	
 4838.842 -248.783
  0  4  6  6  6  4  4  2  3  3  2  0 -1 * -1-12-20-21-15 -5  8 14 18 19 16 11  4	
  1  2  3  3  3  2  2  1  1  1  1  1  0 * -3 -9-11-10 -7 -1  5  7  9  9  8  6  1	
 4838.175 -248.083
  0  3  5  4  3  1 -1 -2 -2 -3 -3 -3 -1 *  1 -9-16-16-12 -7  1  8 12 14 13 10  4	
  0  1  2  2  1  0  0 -1 -1 -2 -2 -1 -1 *  0 -5 -8 -9 -6 -3  0  4  6  7  7  5  2	
 4836.642 -234.282
 -5 -3  2  5  6  6  3  0 -2 -4 -5 -6 -5 * -2 -3 -3 -2  0  1  1  1  2  1  1  0 -1	
 -3 -1  1  3  3  3  2  1 -1 -2 -3 -4 -3 * -2 -1 -1  0  1  1  1  1  1  0  0 -1 -1	
 4838.043 -229.448
 -1  0  1  1  1  0  0  0 -1 -1 -1 -1 -1 * -1 -1  0  2  3  4  3  2  1  0  1  0  0	
  0  1  1  1  0  0  0  0  0  0  0  0  0 *  0  1  1  2  2  2  2  1  1  0  0  0  0	
 4839.242 -228.782
 -6 -1 10 16 18 14  6 -2 -9-13-12-11 -7 * -3 -1  4  5  6  5  3  0 -2 -3 -3 -3 -3	
 -4  1  6  9  8  6  3 -1 -4 -7 -8 -7 -6 * -2  0  2  3  3  2  1  0 -1 -2 -2 -2 -2	
 4838.175 -247.138
  0  3  3  3  2  1 -1 -3 -3 -3 -3 -2 -1 *  0 -6-10-10 -8 -4  2  8 11 13 11  8  3	
  0  2  2  1  1  0 -1 -2 -2 -2 -2 -1 -1 *  0 -4 -6 -6 -4 -2  1  4  5  6  6  4  2	
 4832.435 -238.888
  0  0 -2 -2 -1  0  0  0  0  1  2  0  0 *  0  0 -9 -7 -4 -2  0  1  2  3  6  0  0	
  0 -1 -1 -1  0  0  0  0  0  0  1  1  0 *  0 -2 -3 -2 -2 -1  0  1  1  2  2  2  1	
