Saint-Malo
 4942.444 -226.583
-20-20-16 -8  2 12 17 16 12  5 -3-13-19 *-22-29-30-23-11  3 17 26 27 20 10 -2-16
 -9 -9 -8 -5 -1  3  7  8  7  5  1 -3 -7 *-10-15-15-12 -6  1  8 13 14 11  6  0 -6
 4842.942 -254.082
 -2  1  4  4  3  1 -2 -5 -6 -6 -5 -4 -3 *  1 -2 -6 -7 -5 -2  2  5  7  7  6  5  2
 -1  1  2  3  2  1  0 -1 -2 -3 -3 -3 -2 *  1 -2 -3 -4 -3 -2  0  2  3  3  3  3  2
 4842.942 -249.082
 -4 -1  4  5  4  2 -2 -5 -7 -7 -7 -6 -4 *  3 -3-10-13-11 -6  0  6  9 11 11  9  5
 -2  0  2  3  3  2  0 -1 -2 -3 -3 -3 -2 *  1 -3 -5 -6 -5 -3  0  2  4  5  5  4  2
 4842.942 -244.082
 -6 -2  5  8  7  4 -1 -5 -7 -8 -9 -8 -7 *  5 -2-10-15-13 -9 -3  3  8 12 13 11  7
 -2  0  3  4  4  2  1 -1 -2 -4 -4 -4 -3 *  1 -2 -5 -6 -5 -3  0  2  4  5  5  5  3
 4842.942 -239.081
 -7 -2  6 11 11  8  2 -3 -8-10-11-10 -8 *  3 -2 -9-12-11 -8 -3  1  6  9 10  8  5
 -3  0  3  5  5  4  2 -1 -3 -4 -5 -5 -4 *  1 -2 -4 -5 -4 -2  0  1  3  4  4  3  2
 4842.942 -234.081
 -8 -4  5 12 13 10  4 -2 -7-10-12-11-10 *  1 -3 -7 -9 -8 -5 -2  1  4  6  6  5  2
 -3  0  3  5  6  4  2  0 -2 -4 -5 -5 -5 * -1 -2 -3 -3 -3 -1  0  1  2  3  3  2  0
 4842.942 -229.081
-11 -5  7 17 19 15  7  0 -7-12-15-15-12 *  0 -3 -6 -6 -5 -3 -1  1  3  4  4  3  1
 -4  0  4  7  8  6  3  0 -2 -5 -7 -7 -6 * -1 -2 -2 -2 -2  0  1  1  2  2  2  1  0
 4842.942 -224.081
-11 -5  8 19 21 17  9  1 -7-13-16-16-13 *  0 -2 -5 -6 -5 -3  0  1  2  3  2  2  0
 -4  0  5  8  8  6  3  0 -3 -5 -7 -7 -6 * -1 -2 -2 -2 -1  0  0  1  1  1  1  1  0
 4842.942 -144.080
 -6 -2  6 14 15 13  5 -2 -6-10-11-10 -7 *  4  1 -4-11-15-12 -5  1  4  7  8  7  5
 -2  2  4  6  6  4  1 -1 -3 -4 -5 -4 -3 *  0 -2 -4 -5 -5 -3 -1  1  2  3  3  3  2
 4842.943 -139.080
 -6 -3  5 11 14 12  4 -2 -6 -9-10 -9 -7 *  3  2 -1 -6-10-10 -3  2  3  5  6  5  3
 -1  2  4  6  6  4  0 -2 -3 -4 -5 -4 -3 *  1 -1 -2 -3 -4 -2  0  1  2  2  2  2  1
 4846.442 -246.582
 -5 -1  4  6  4  2 -2 -6 -8 -9 -8 -7 -6 *  5 -2-12-18-17-11 -4  3 10 14 14 12  8
 -2  0  3  4  3  2  0 -2 -3 -4 -4 -4 -3 *  1 -3 -6 -7 -6 -4 -1  2  4  6  6  5  3
 4846.442 -241.582
 -6 -2  5  9  9  6  1 -4 -8 -9 -9 -8 -7 *  4 -2-11-16-16-12 -6  1  7 12 13 11  7
 -2  0  3  5  5  3  1 -1 -2 -4 -5 -4 -4 *  1 -3 -5 -6 -6 -3 -1  2  4  5  5  4  2
 4846.442 -236.581
 -9 -3  7 14 15 11  5 -2 -8-12-13-13-10 *  5 -1-10-15-15-11 -5  0  6 10 12 11  7
 -3  1  4  6  6  5  2  0 -3 -5 -6 -6 -5 *  1 -2 -5 -6 -5 -3 -1  1  3  4  5  4  2
 4846.442 -231.581
-11 -4  8 17 18 14  7 -1 -8-13-15-15-12 *  3 -2 -9-13-12 -9 -4  1  5  8  9  8  5
 -4  0  5  7  7  5  3  0 -3 -5 -7 -7 -5 *  0 -2 -4 -5 -4 -2  0  1  3  4  4  3  2
 4846.442 -226.581
-11 -5  7 18 20 16  8  0 -7-13-16-16-13 *  2 -2 -8-11-11 -7 -3  1  5  7  8  7  4
 -4  1  5  8  8  6  3  0 -3 -5 -7 -7 -5 *  0 -2 -4 -4 -4 -2  0  2  3  3  3  3  1
 4846.442 -221.581
-13 -6  9 21 24 19  9  0 -8-15-18-19-15 *  3 -1 -7-10-10 -7 -2  2  5  7  8  7  4
 -4  1  6  9  9  6  3  0 -3 -6 -8 -8 -6 *  0 -2 -4 -4 -3 -2  0  2  3  3  3  2  1
 4846.442 -216.581
-13 -5 10 24 28 22 11  2 -7-15-20-20-16 *  3  0 -6 -9 -9 -7 -2  2  4  6  7  7  4
 -4  1  6 10 10  7  4  0 -3 -6 -8 -8 -6 *  0 -2 -3 -4 -3 -2  0  2  2  3  3  2  1
 4846.442 -211.581
-17 -7 12 29 33 26 14  3 -8-17-23-23-19 *  2 -1 -5 -7 -7 -6 -2  1  3  5  5  5  3
 -5  1  8 12 12  9  4  0 -4 -8-10-10 -8 *  0 -1 -2 -3 -3 -2  0  1  2  2  2  2  1
 4846.442 -206.581
-15 -7  9 24 28 23 13  3 -7-15-20-20-17 * -2 -3 -4 -3 -3 -2  0  2  3  3  2  1 -1
 -5  1  6 10 10  8  4  0 -3 -6 -8 -9 -7 * -1 -2 -2 -2 -1  0  1  1  1  1  1  0 -1
 4846.442 -201.581
-14 -7  9 23 28 22 12  3 -6-14-19-19-16 * -3 -3 -3  0  2  2  3  4  3  1 -1 -2 -3
 -5  1  6 10 10  8  4  0 -3 -6 -8 -8 -7 * -2 -2 -1  0  1  1  2  2  1  1  0 -1 -2
 4846.442 -156.581
-14 -6 10 25 29 24 13  2 -7-16-21-21-17 * -2 -2 -2 -1  1  2  4  5  3  2  0 -1 -2
 -5  1  7 11 11  8  4  0 -4 -7 -9 -9 -7 * -2 -2 -1 -1  0  1  2  2  1  1  0 -1 -1
 4846.442 -151.581
-13 -5 10 24 29 23 12  1 -9-17-20-19-15 *  1 -1 -3 -3 -3 -1  2  5  5  5  4  3  2
 -4  1  7 10 11  8  3 -1 -4 -7 -9 -9 -7 * -1 -2 -2 -2 -1  0  2  2  2  2  2  1  0
 4846.443 -146.581
 -9 -4  8 19 22 18  9  1 -6-12-15-14-11 *  2  0 -3 -6 -8 -6  0  5  5  6  6  5  3
 -3  1  5  8  8  6  2 -1 -3 -5 -6 -6 -5 *  0 -2 -3 -3 -2 -1  2  2  2  2  2  1  0
 4846.443 -141.580
 -9 -4  7 15 17 14  6  0 -5-10-12-12-10 * -1 -2 -2 -3 -6 -6  0  4  3  4  4  2  0
 -3  1  4  7  7  4  1 -1 -3 -4 -5 -5 -4 * -1 -2 -2 -2 -2  0  1  2  1  1  1  0 -1
 4846.443 -136.580
 -6 -2  6 10 10  7  3 -1 -3 -5 -7 -7 -7 * -2 -3 -1 -2 -5 -6  0  4  3  4  3  1 -1
 -1  1  3  4  4  2  0 -1 -2 -3 -3 -3 -2 * -1 -2 -2 -2 -2  0  2  2  1  1  1  0 -1
 4849.942 -244.082
 -7 -2  7 13 14 11  6 -1 -8-11-12-11 -9 *  7 -2-14-22-23-16 -8  1  9 15 17 15 10
 -3  0  4  6  6  4  2 -1 -3 -5 -6 -6 -5 *  1 -3 -6 -9 -8 -5 -2  1  4  6  7  6  4
 4849.942 -239.082
 -9 -3  8 15 16 12  6 -1 -8-12-14-13-11 *  6 -1-11-18-18-13 -7  0  7 12 14 12  8
 -4  0  4  7  7  5  3  0 -3 -5 -6 -6 -5 *  1 -2 -5 -7 -6 -4 -1  1  3  5  5  5  3
 4849.942 -234.082
-10 -4  8 18 19 14  7 -1 -8-14-16-15-12 *  5 -1-10-16-16-12 -5  1  6 11 12 11  7
 -4  0  5  8  8  6  3  0 -3 -5 -7 -7 -6 *  1 -2 -5 -6 -5 -3 -1  1  3  4  5  4  2
 4849.942 -229.081
-11 -4  8 18 19 15  7 -1 -8-13-16-15-13 *  4 -2 -9-14-14-10 -4  1  6 10 11 10  6
 -4  1  5  8  8  6  3  0 -3 -5 -7 -7 -5 *  0 -3 -5 -6 -5 -2  0  2  3  4  4  3  2
 4849.942 -224.081
-12 -5  9 20 22 17  8  0 -8-14-17-17-14 *  4 -1 -9-15-14-10 -4  1  6  9 10  9  6
 -4  1  5  8  8  6  3  0 -3 -6 -7 -7 -5 *  0 -3 -5 -6 -5 -2  0  2  3  4  4  3  1
 4849.942 -219.081
-13 -5 10 23 26 20 10  1 -8-15-19-19-15 *  4 -1 -8-14-14-10 -4  1  5  9 10  9  6
 -4  1  6 10 10  7  3  0 -3 -6 -8 -8 -6 *  0 -3 -4 -5 -5 -2  0  2  3  4  4  3  2
 4849.942 -214.081
-16 -6 13 30 33 25 13  1 -9-18-24-24-19 *  3 -1 -8-12-12 -9 -4  1  5  8  9  8  5
 -5  2  8 12 12  8  4 -1 -4 -8-10-10 -7 *  1 -2 -4 -5 -4 -2  0  2  3  4  4  3  2
 4849.942 -209.081
-16 -7 12 30 34 26 14  3 -8-17-23-23-19 *  0 -2 -5 -6 -6 -5 -1  2  4  5  4  3  1
 -5  1  8 12 12  9  4  0 -4 -7-10-10 -8 * -1 -2 -3 -3 -2 -1  0  1  2  2  2  1  0
 4849.942 -204.081
-15 -7 10 26 30 24 13  3 -7-16-20-20-17 * -2 -3 -4 -3 -2 -1  2  4  5  4  3  1 -1
 -5  1  7 11 11  8  4  0 -4 -7 -9 -9 -7 * -1 -2 -2 -2 -1  1  2  2  2  2  1  0 -1
 4853.442 -246.582
-10 -1 13 23 25 20 12  2 -9-15-17-16-12 * 11  0-18-29-27-19 -8  3 14 23 25 22 15
 -4  2  7  9  9  7  4  0 -4 -7 -8 -8 -6 *  4 -2 -8-12-11 -8 -3  1  5  8 10  9  6
 4853.442 -241.582
 -9 -2 10 18 20 17 10  1 -7-13-15-14-11 *  7 -1-13-21-21-15 -7  1  9 15 17 15 10
 -4  1  5  8  8  6  3  0 -3 -6 -7 -7 -6 *  1 -3 -6 -8 -8 -5 -2  1  4  6  7  6  3
 4853.442 -236.582
-10 -3 10 19 20 16  9  1 -8-14-16-15-12 *  6 -1-11-19-19-14 -6  1  8 13 15 13  9
 -4  1  5  8  8  6  3  0 -3 -6 -7 -7 -6 *  1 -3 -6 -7 -6 -4 -1  2  4  5  6  5  3
 4853.442 -231.582
-10 -4  9 18 20 16  8  0 -8-14-16-15-12 *  5 -2-11-17-17-12 -5  1  7 11 13 12  7
 -4  1  5  8  8  6  3  0 -3 -5 -7 -7 -5 *  0 -3 -6 -7 -6 -3  0  2  4  5  5  4  2
 4853.442 -226.582
-10 -4  8 18 20 16  8  0 -7-13-16-15-12 *  5 -2-11-17-17-12 -5  2  7 11 13 12  7
 -3  1  5  8  8  5  2  0 -3 -5 -7 -6 -5 *  0 -4 -6 -7 -6 -3  0  3  4  5  5  4  2
 4853.442 -221.581
-12 -5  9 21 23 17  8  0 -8-15-18-18-14 *  5 -2-11-18-18-12 -5  2  6 11 13 12  7
 -3  1  6  9  8  6  2 -1 -4 -6 -7 -7 -5 *  0 -3 -6 -7 -6 -3  0  2  4  5  5  4  2
 4853.442 -216.581
-14 -5 14 28 29 21 10  0 -9-18-22-22-17 *  4 -1 -9-16-16-12 -5  0  5  9 10  9  5
 -4  2  7 11 11  7  3  0 -4 -7 -9 -9 -7 *  0 -2 -5 -6 -5 -3 -1  1  3  4  4  3  2
 4853.442 -211.581
-15 -3 19 33 33 23 10 -1-12-21-26-25-19 *  3 -2 -9-14-13-10 -4  2  6  9  9  8  5
 -5  3 10 14 13  9  3 -1 -5 -9-11-11 -8 *  1 -2 -5 -6 -5 -3  0  2  3  4  4  4  2
 4853.442 -206.581
-13 -3 16 28 27 19  9 -1-10-18-21-21-16 * -4 -4  0  1  0 -1  1  4  5  3  0 -2 -4
 -4  2  9 12 11  7  3 -1 -4 -8 -9 -9 -7 * -2 -2 -1  0  0  1  2  3  3  2  1 -1 -1
 4853.443 -201.581
-12 -5  8 21 24 19 10  1 -7-13-17-16-13 * -7 -7 -5  3  6  5  7  9  6  4  0 -3 -6
 -4  1  6  9  9  7  4  0 -3 -6 -7 -7 -6 * -3 -4 -2  0  2  3  4  4  3  2  0 -1 -3
 4856.942 -244.082
-12 -2 14 27 31 25 16  5 -8-17-20-19-15 *  8  0-12-19-18-13 -5  2 10 16 18 16 11
 -5  1  6 10 12 10  7  3 -2 -6 -9 -9 -7 *  2 -2 -6 -8 -7 -4 -1  2  4  6  7  6  4
 4856.942 -239.082
-11 -3 10 20 23 18 10  1 -8-14-17-16-13 *  7 -1-11-19-19-12 -4  4 10 15 16 15  9
 -4  0  5  8  9  7  4  1 -2 -6 -7 -8 -6 *  1 -3 -6 -8 -7 -4  0  2  4  6  6  5  3
 4856.942 -234.082
-11 -4 10 20 22 18  9  1 -8-15-17-17-13 *  5 -1-11-18-18-13 -5  2  8 13 14 13  8
 -4  0  5  8  9  7  4  0 -3 -6 -7 -8 -6 *  0 -3 -6 -7 -6 -3  0  2  4  5  5  4  2
 4856.942 -229.082
-10 -4  8 18 21 17  9  1 -7-13-15-15-12 *  5 -2-11-17-17-12 -4  2  7 11 13 11  7
 -4  1  5  8  8  6  3  0 -3 -5 -7 -7 -5 * -1 -4 -6 -7 -6 -3  1  3  4  5  5  4  1
 4856.942 -224.082
 -9 -3  9 17 20 16  9  1 -7-12-15-14-11 *  5 -2-12-18-17-11 -3  3  8 11 13 12  7
 -3  1  5  7  7  5  3  0 -3 -5 -6 -6 -5 * -1 -4 -6 -7 -5 -2  1  3  4  5  5  4  1
 4856.942 -219.081
 -4  1  9 15 17 13  6 -1 -8-11-11 -9 -6 *  0 -8-18-24-21-14 -3  4  9 13 14 10  3
 -1  3  5  7  6  4  1 -1 -3 -5 -5 -4 -2 * -1 -6 -8 -9 -7 -3  1  4  5  6  6  4  1
 4856.942 -214.081
 -4  3 12 18 19 13  4 -5-12-14-14-11 -6 *  0-11-23-28-25-16 -4  5 12 17 17 12  4
  0  4  7  8  7  3  0 -4 -5 -6 -6 -5 -2 * -2 -7-11-11 -9 -4  1  5  7  8  8  5  1
 4856.943 -209.081
 -6  5 15 20 19 11  0-11-17-20-20-17-10 * -4 -7 -9-13-15-11 -2  7 11 12  9  4 -2
  0  6  9  9  6  2 -3 -6 -7 -9 -9 -7 -3 * -3 -6 -7 -7 -6 -2  2  5  6  6  5  3  0
 4856.943 -204.081
 -8 -3  6 11 10  3 -4 -9-11-13-14-12 -9 * -6 -6 -1 -2 -4 -4  2  8  9  8  4 -1 -5
 -2  2  5  5  3  0 -2 -3 -4 -5 -6 -5 -4 * -3 -5 -4 -3 -2  1  4  5  5  4  2  0 -2
 4900.442 -246.582
-14 -4 14 19 18 13  6 -3-13-20-23-21-17 *  4 -1 -8-11 -9 -5  0  5  9 13 13 11  6
 -7  0  7 10  9  5  2 -2 -6 -9-11-11 -9 *  0 -3 -4 -5 -4 -2  0  2  3  4  5  4  2
 4900.442 -241.582
-12 -4 10 19 20 15  7 -2-11-17-18-17-14 *  5 -1-10-16-17-11 -2  5 11 14 15 13  8
 -5  0  5  8  9  7  3  0 -3 -6 -8 -8 -7 *  0 -3 -6 -7 -5 -2  1  3  5  5  5  4  2
 4900.442 -236.582
-12 -4  9 20 22 16  8  0 -9-16-18-17-14 *  6 -1-11-18-19-14 -5  3  9 13 15 14  8
 -4  0  5  8  9  7  4  1 -3 -6 -7 -8 -6 *  0 -4 -6 -7 -6 -3  1  3  5  6  6  4  2
 4900.442 -231.582
-12 -4  9 20 23 18 10  1 -8-15-18-17-14 *  4 -2-11-17-18-14 -6  1  7 12 13 12  7
 -4  0  5  8  9  7  4  0 -3 -6 -7 -7 -6 * -1 -4 -6 -7 -6 -3  0  3  4  5  5  4  1
 4900.442 -226.582
 -9 -3  8 18 21 17 10  2 -6-12-15-14-11 *  1 -5-12-16-15-10 -3  3  7 11 11  9  4
 -4  0  4  7  8  6  4  1 -2 -5 -6 -7 -5 * -2 -5 -6 -6 -5 -1  2  4  5  5  4  3  0
 4900.442 -221.582
 -7 -2  7 15 18 15  8  1 -6-11-13-11 -8 * -2 -7-12-15-12 -7  1  6  9 10  9  6  1
 -3  0  4  7  7  5  3  0 -2 -4 -6 -6 -5 * -3 -5 -6 -6 -4  0  3  4  5  5  3  1 -1
 4900.443 -216.581
 -6 -1  9 18 22 17  9  1 -8-13-13-10 -7 * -2 -5 -8 -9 -8 -4  1  5  7  7  5  3  0
 -3  1  5  8  8  6  3  0 -3 -6 -6 -6 -4 * -2 -4 -4 -4 -2  0  2  4  4  3  2  1 -1
 4900.443 -211.581
 -3  1 10 18 21 17  9  0 -9-11 -9 -6 -4 * -2 -2  1  1  1  1  3  5  3  2  1  0 -1
 -1  3  6  8  8  6  2 -1 -4 -5 -5 -4 -2 * -1 -1 -1  0  0  1  2  3  1  1  0  0 -1
 4900.443 -206.581
 -4  4 14 26 28 20  7 -6-14-17-15-11 -6 *  5 -5-12-15-14 -8  2 10 14 18 18 15  8
  1  6 10 12 10  6  0 -4 -6 -7 -7 -5 -2 * -1 -6 -8 -8 -5 -1  4  7  8  8  8  6  3
 4900.443 -201.581
 -9  0 15 26 25 16  6 -6-13-16-17-15-11 *  7 -5-20-22-17 -9  3 12 16 20 20 18 11
 -2  3  8 10  9  5  1 -3 -5 -7 -7 -6 -4 * -1 -7-10-10 -7 -1  4  7  9  9  9  7  2
 4903.942 -244.082
-13 -3 12 21 22 18 12  4 -9-18-20-19-15 *  9  0-11-20-18 -9  1  8 14 18 20 18 12
 -5  0  6  9  9  7  4  1 -3 -7 -9 -9 -7 *  1 -4 -6 -8 -7 -3  1  3  5  6  7  5  3
 4903.942 -239.082
-11 -4  8 17 20 17 10  1 -8-14-17-16-13 *  7 -1-11-20-22-15 -5  4 10 15 18 16 10
 -4  0  4  7  7  6  3  0 -3 -5 -7 -7 -6 *  0 -4 -7 -8 -7 -3  1  3  5  6  6  5  2
 4903.942 -234.082
-12 -4  9 20 22 18 10  1 -8-15-18-18-14 *  5 -3-13-22-23-16 -7  1  8 14 16 14  9
 -4  1  5  8  8  6  3  0 -3 -6 -7 -7 -6 * -1 -5 -8 -9 -7 -3  1  3  5  6  6  5  2
 4903.943 -229.082
-13 -5 10 20 21 17  9  0-10-16-19-18-15 *  0 -6-12-16-17-12 -4  2  8 11 12  9  3
 -5  0  5  8  8  6  3  0 -3 -6 -7 -8 -7 * -2 -5 -6 -7 -5 -2  1  4  5  5  5  3  0
 4903.943 -224.082
 -9 -4  6 15 16 12  5 -2 -8-12-14-13-11 * -2 -8-13-16-14 -8  0  6 10 12 11  7  1
 -3  0  4  6  6  5  2  0 -2 -4 -6 -6 -5 * -3 -6 -7 -7 -4  0  3  6  6  6  4  2 -1
 4903.943 -219.082
-11 -5  8 19 22 16  7 -1 -9-15-18-17-13 * -2 -7-12-14-13 -8  0  6  9 10  9  5  0
 -4  1  6  8  8  6  3  0 -3 -6 -7 -7 -6 * -3 -5 -6 -6 -4 -1  3  5  5  5  4  2 -1
 4903.943 -214.082
-14 -6  9 24 27 20 10  0-10-18-22-21-16 * -2 -5 -7 -8 -8 -5  1  5  7  6  5  2 -1
 -5  1  7 10 10  7  3  0 -4 -7 -9 -9 -7 * -2 -4 -4 -4 -2  0  2  4  4  3  2  1 -1
 4903.943 -209.081
-17 -7 12 30 34 25 13  1-11-21-26-25-20 *  1 -1 -3 -4 -4 -2  2  5  6  5  4  3  1
 -6  1  8 13 12  9  4  0 -5 -8-10-10 -8 * -1 -2 -2 -2 -1  0  2  3  3  2  2  1  0
 4903.943 -204.081
-18 -8 12 32 34 25 13  2-10-20-25-25-21 *  3  0 -4 -7 -6 -3  2  6  7  8  7  6  4
 -6  0  8 12 12  9  5  0 -4 -8-10-11 -9 *  0 -2 -3 -3 -2  0  2  3  3  3  3  2  1
 4907.442 -301.583
-19-11  4 18 25 24 18  8 -4-15-22-24-22 * -9 -9 -9 -6 -2  2  5  7  7  5  1 -4 -8
 -9 -4  2  7 10 10  8  4  0 -5 -9-11-10 * -4 -5 -4 -3  0  2  3  4  3  2  0 -2 -3
 4907.442 -256.583
-18-10  4 18 25 24 18  9 -4-15-21-22-20 * -6 -7 -7 -5 -1  4  7  9  9  5 -1 -4 -6
 -9 -4  2  7  9 10  8  5  0 -5 -9-11-10 * -4 -5 -4 -3  0  2  4  5  4  2  0 -2 -4
 4907.442 -251.582
-18 -8 11 25 31 29 22 10 -5-18-24-24-21 * -1 -1  0  2  5  8 10 11  7  2  1  0 -1
-10 -4  3  9 12 12  9  5  0 -6-11-13-12 * -2 -2 -1  0  2  4  5  5  4  1 -1 -2 -2
 4907.442 -246.582
-18 -8 10 27 34 30 19  6 -9-20-26-26-22 *  7  1 -7-13-12 -6  1  7 12 15 16 14  9
 -8 -2  5 10 12 11  8  3 -2 -7-10-11-10 *  1 -2 -4 -5 -4 -2  1  3  4  5  5  4  2
 4907.442 -241.582
-16 -7  9 21 27 25 17  6 -6-17-22-22-19 *  6 -1 -9-16-16-11 -2  5 10 13 15 13  8
 -6 -1  4  8  9  8  6  2 -2 -6 -9-10 -8 *  0 -4 -6 -6 -5 -2  1  3  4  5  5  4  1
 4907.442 -236.582
-12 -5  8 18 22 20 13  5 -5-14-17-17-14 *  2 -4-12-17-17-11 -3  4  8 12 13 11  5
 -5 -1  4  7  8  7  5  2 -2 -5 -7 -8 -7 * -2 -5 -7 -7 -5 -2  2  4  5  5  4  3  0
 4907.443 -231.582
-12 -5  9 20 21 18 12  3 -8-15-17-16-14 *  1 -5-12-16-16-10 -2  4  8 11 11  8  3
 -5 -1  5  8  8  7  4  1 -2 -5 -7 -7 -6 * -2 -5 -7 -7 -5 -1  2  4  5  5  4  3  0
 4907.443 -226.582
 -9 -3  7 16 18 15 10  2 -6-12-13-13-11 *  0 -7-14-17-15 -9 -1  6 11 14 14 10  3
 -3  0  4  7  7  6  3  1 -2 -4 -5 -6 -5 * -3 -7 -8 -7 -5 -1  3  5  6  6  5  3 -1
 4907.443 -221.582
 -9 -3  8 15 16 11  4 -3 -9-13-14-13-10 * -1 -8-15-20-19-11  0  9 13 14 14  9  2
 -3  1  5  7  6  4  2 -1 -3 -5 -6 -5 -4 * -4 -7 -9 -9 -6 -1  4  7  7  7  5  2 -1
 4907.443 -216.582
-11 -2 14 25 26 18  7 -4-14-20-21-19-13 * -1 -7-15-20-20-13 -3  5 11 14 13  8  2
 -2  3  8 11 10  6  1 -3 -6 -8 -8 -8 -5 * -2 -6 -8 -8 -6 -2  2  5  6  6  5  3  0
 4910.942 -304.083
-20-13  1 14 22 23 18 10 -1-12-19-22-22 * -8 -9 -9 -6 -1  3  5  7  6  4  1 -4 -7
 -9 -5  1  5  8  9  8  5  1 -3 -7-10-10 * -4 -4 -4 -2  0  2  3  4  3  2  0 -2 -3
 4910.942 -259.083
-21-14  1 14 22 23 18 10 -1-12-20-24-23 * -8 -9 -9 -6 -2  3  6  8  8  5  1 -3 -7
 -9 -5  1  5  8  9  8  5  1 -3 -7-10-10 * -4 -5 -4 -3  0  2  4  4  4  2  1 -2 -4
 4910.942 -254.083
-23-14  2 18 26 26 20 10 -2-14-23-27-25 * -3 -5 -8 -7 -3  2  6  9 10  8  5  1 -2
 -9 -4  2  7 10 10  8  5  1 -4 -8-11-11 * -3 -4 -4 -3 -1  2  4  5  5  3  2  0 -2
 4910.942 -249.082
-22-12  3 20 28 28 21 11 -2-15-24-26-24 * -1 -3 -6 -7 -4  1  5  9 10  9  7  4  1
 -9 -4  2  7 10 10  8  5  1 -4 -8-11-10 * -2 -4 -4 -3 -1  1  3  4  4  4  2  0 -1
 4910.942 -244.082
-19-10  6 20 28 27 21 11 -1-14-21-23-21 *  1 -3 -8-11 -9 -4  2  7 10 10  9  7  3
 -8 -3  3  7 10 10  8  4  0 -4 -8-10 -9 * -2 -4 -5 -5 -3  0  2  4  4  4  3  1 -1
 4910.943 -239.082
-15 -7  6 18 25 24 18  9 -2-12-18-20-17 *  0 -6-11-13-11 -6  1  6  9 10 10  7  2
 -6 -2  3  7  9  8  6  3  0 -4 -7 -8 -8 * -2 -5 -6 -6 -3  0  2  4  5  4  3  2 -1
 4910.943 -234.082
 -9 -4  5 15 20 20 15  7 -2-10-14-14-11 * -4 -8-11-13-10 -4  3  7  9  9  8  4 -2
 -5 -2  2  6  7  7  5  3  0 -3 -6 -7 -7 * -4 -7 -7 -6 -3  0  3  5  5  4  3  0 -3
 4910.943 -229.082
-12 -5  9 20 26 24 15  4 -7-13-14-14-13 *  3 -4-12-12 -8 -1  6 11 12 13 14 11  5
 -6 -2  4  8  9  8  5  2 -2 -5 -7 -8 -7 * -2 -6 -7 -6 -3  2  5  7  6  5  5  3  0
 4910.943 -224.082
 -9 -3  7 14 18 16 10  1 -7-12-13-13-11 * -1 -9-17-21-19-10  1 11 15 16 15 10  2
 -4  0  3  6  6  5  3  0 -2 -4 -5 -6 -5 * -4 -8-10 -9 -6 -1  4  7  8  8  6  3 -2
 4910.943 -219.082
 -4  4 12 16 16 12  6 -1 -9-14-15-13 -8 * -6-14-20-25-23-14  0 10 16 18 16  9 -2
 -1  3  6  7  6  4  1 -2 -4 -6 -6 -6 -4 * -5-10-12-11 -7 -1  5  9 10  9  7  3 -2
 4914.442 -306.583
-18-12 -2 10 17 20 18 12  2 -8-15-19-19 * -8 -9 -9 -6 -1  3  6  7  7  4  1 -3 -7
 -8 -5 -1  3  6  8  8  6  3 -2 -5 -8 -9 * -4 -4 -4 -2  0  2  3  4  4  2  0 -1 -3
 4914.442 -301.583
-19-13 -1 11 19 21 18 11  1 -9-16-20-20 * -7 -9 -9 -7 -2  2  6  8  8  6  2 -2 -6
 -8 -5  0  4  7  8  8  6  2 -2 -6 -8 -9 * -4 -5 -4 -3  0  2  4  4  4  2  1 -1 -3
 4914.442 -256.583
-20-13  0 13 20 21 18 10  0-10-18-21-21 * -6 -8 -9 -7 -3  2  6  9  9  7  4 -1 -5
 -8 -5  0  5  7  8  7  5  2 -3 -6 -9 -9 * -4 -5 -5 -3 -1  2  4  5  5  3  1 -1 -3
 4914.443 -251.583
-21-13  1 15 23 24 19 11  0-11-19-23-22 * -4 -7 -9 -8 -4  1  6  9 10  8  5  1 -3
 -8 -4  1  6  8  9  8  5  1 -3 -7 -9 -9 * -3 -4 -4 -3 -1  2  4  5  5  3  2 -1 -2
 4914.443 -246.582
-20-12  2 16 24 24 19 11  0-11-19-23-22 * -4 -7 -9 -8 -5  0  5  8  9  8  5  2 -2
 -8 -4  1  6  9  9  8  5  1 -3 -7 -9 -9 * -3 -5 -5 -4 -1  1  3  5  5  3  2  0 -2
 4914.443 -241.582
-19-11  3 17 26 26 20 11  0-11-18-22-21 * -3 -6 -9-10 -7 -2  4  8  9  9  7  3 -1
 -8 -3  2  6  9  9  7  5  1 -3 -7 -9 -9 * -3 -5 -5 -4 -2  1  3  5  5  4  2  1 -2
 4914.443 -236.582
-19-12  2 15 23 24 19 10  0-10-16-20-20 * -4 -7 -9-10 -7 -2  4  8  9  9  6  2 -2
 -7 -4  1  6  8  8  7  4  1 -3 -6 -8 -8 * -4 -5 -6 -5 -2  1  4  5  5  4  2  0 -2
 4914.443 -231.582
-20-12  1 14 22 23 19 10  0-10-17-21-21 * -3 -7-10-10 -6 -1  5  9 10  9  6  3 -2
 -8 -4  1  5  8  8  7  4  1 -3 -6 -8 -9 * -4 -6 -6 -5 -2  1  4  6  6  4  2  0 -3
 4914.443 -226.582
-16 -9  1 12 19 20 17 10  1 -9-15-18-17 * -4-10-15-14 -9 -2  6 11 13 13 10  6 -1
 -7 -3  1  4  6  7  6  4  1 -3 -5 -7 -8 * -5 -7 -8 -6 -3  1  5  7  7  6  4  1 -3
 4914.443 -221.582
-11 -8 -1  7 12 14 13  9  2 -5-10-11-11 *-13-18-19-17-12 -2  9 15 15 13  9  1 -9
 -6 -4 -1  2  4  5  5  4  2 -1 -4 -5 -6 * -8-12-11 -9 -4  2  7 10  9  7  4 -1 -6
 4914.443 -216.582
 -3 -2  0  3  6  7  4  0 -3 -5 -3 -2 -3 *-18-17-17-16-11  2 19 24 18  7 -6-14-17
 -3 -2 -1  1  2  1  0 -1 -1 -2 -2 -3 -3 *-15-14-11 -7  0 10 16 16 12  6 -3-11-15
 4914.443 -201.582
 -5  5 22 35 31 15 -5-16-19-21-20-16 -8 *  2 -5-15-23-21 -9  4 10 14 14 13 10  4
  3 10 15 15 10  2 -6-10-10-10 -8 -5 -1 * -3 -7-10-10 -7 -1  5  7  7  7  5  3 -1
 4917.942 -304.083
-16-12 -3  6 14 17 17 12  4 -5-12-16-17 * -7 -9 -9 -6 -2  3  6  8  8  6  3 -2 -6
 -7 -5 -2  2  5  7  7  6  4  0 -4 -7 -8 * -4 -5 -4 -3 -1  2  3  4  4  3  1 -1 -3
 4917.943 -259.083
-18-13 -2 10 17 19 17 11  2 -8-15-19-19 * -7 -9-10 -8 -3  2  6  9  9  7  3 -1 -5
 -8 -5 -1  3  6  7  7  5  2 -1 -5 -7 -8 * -4 -5 -5 -3 -1  2  4  5  5  3  1 -1 -3
 4917.943 -254.083
-20-13 -1 12 20 22 18 11  1 -9-17-21-21 * -6 -9-10 -8 -4  1  6  9 10  7  4 -1 -5
 -8 -5  0  4  7  8  7  5  2 -2 -6 -8 -9 * -4 -5 -5 -4 -1  2  4  5  5  3  1 -1 -3
 4917.943 -249.083
-21-13  1 16 23 24 19 11  1-10-18-22-22 * -6 -9-10 -9 -5  0  6  9 10  8  5  0 -4
 -8 -4  1  5  8  9  8  5  2 -2 -6 -9 -9 * -4 -5 -5 -4 -1  2  4  5  5  3  2 -1 -3
 4917.943 -244.083
-18-11  3 16 24 23 18 10  0-10-17-20-20 * -5 -8-10 -9 -6 -1  4  8 10  8  5  1 -3
 -7 -3  2  6  8  8  7  4  1 -3 -6 -8 -8 * -4 -5 -5 -4 -2  1  4  5  5  4  2  0 -3
 4917.943 -239.082
-19-12  3 17 26 26 20 11  1-10-17-21-21 * -4 -6 -8 -8 -5 -1  4  8  9  8  5  2 -2
 -7 -4  2  6  9  9  8  5  1 -3 -6 -8 -9 * -3 -5 -5 -4 -1  1  4  5  5  4  2  0 -2
 4917.943 -234.082
-19-12  0 14 23 25 21 13  2 -8-15-20-20 * -5 -7 -8 -7 -3  2  6  8  9  7  4  1 -3
 -8 -4  0  5  8  9  8  5  2 -2 -5 -8 -9 * -4 -5 -5 -4 -1  2  4  5  5  4  2 -1 -3
 4917.943 -229.082
-20-14 -2 12 21 23 21 14  4 -6-14-19-21 * -6 -9-10 -8 -3  3  8 10 10  8  5  1 -4
 -8 -5 -1  4  7  8  8  6  3 -1 -5 -8 -9 * -5 -6 -6 -4 -1  2  5  6  6  4  2 -1 -3
 4917.943 -224.082
-18-16 -7  6 15 20 19 14  6 -3-10-15-18 *-11-15-14-10 -4  4 10 13 13  9  5 -1 -9
 -8 -6 -3  2  5  7  7  6  4  0 -3 -6 -8 * -7 -8 -7 -5 -1  3  6  8  7  5  2 -1 -5
 4917.943 -219.082
-18-16 -9  2 10 15 16 13  6 -2 -8-13-17 *-14-15-14-10 -4  5 12 16 14  9  3 -6-12
 -8 -7 -4  0  3  6  7  6  4  1 -3 -6 -8 * -8 -9 -8 -5 -1  4  7  9  8  5  2 -2 -7
 4917.943 -214.082
-21-19 -9  3 12 17 19 15  7 -3-12-17-21 *-10-12-12 -8 -2  7 14 16 13  6 -2 -6 -9
-11-10 -5  0  4  7  9  9  6  1 -4 -8-11 * -8 -8 -6 -4  1  5  9  9  7  4  0 -4 -7
 4917.943 -209.082
-16 -9  3 15 19 15  8  2 -5-13-19-20-18 * -2 -7-13-13 -9 -2  5 10 11 10  8  5  0
 -7 -3  2  5  6  5  3  1 -1 -4 -6 -8 -8 * -3 -6 -7 -6 -3  1  4  6  6  5  4  1 -1
 4917.943 -204.082
 -6 -1  4 12 15 11  3 -4-10-15-16-12 -7 * -3-10-22-27-21 -7  6 14 17 15 11  5 -1
 -2  0  3  5  4  2  0 -2 -4 -6 -6 -6 -3 * -7-12-14-12 -7  0  6 10 10  8  5  1 -4
 4921.443 -306.583
-15-12 -5  3 11 15 16 13  6 -2 -9-14-15 * -8 -9 -9 -6 -1  4  7  9  8  6  2 -2 -6
 -7 -6 -3  0  3  6  7  7  5  1 -3 -5 -7 * -4 -5 -5 -3  0  2  4  5  5  3  1 -1 -3
 4921.443 -301.583
-17-13 -4  6 14 18 17 13  5 -4-12-16-18 * -8-10-10 -7 -2  3  7 10 10  7  3 -2 -7
 -8 -6 -2  1  4  7  7  6  4  0 -4 -6 -8 * -5 -6 -5 -3 -1  2  4  5  5  3  1 -1 -4
 4921.443 -256.583
-19-14 -3  9 17 19 18 12  3 -6-14-18-19 * -8-11-12 -9 -4  2  7 11 11  8  4 -1 -6
 -8 -5 -1  2  5  7  7  6  3 -1 -4 -7 -8 * -5 -6 -6 -4 -1  2  5  6  6  4  1 -1 -4
 4921.443 -251.583
-19-12  0 12 19 21 18 11  2 -8-15-19-20 * -7-11-14-12 -7  0  7 11 12  9  5  0 -5
 -7 -4  0  4  6  7  7  5  2 -1 -5 -7 -8 * -5 -7 -7 -5 -2  2  5  6  6  4  2 -1 -4
 4921.443 -246.583
-17 -9  5 16 22 21 17  9 -1-10-16-19-19 * -6-11-14-15-10 -3  5 10 12 10  7  1 -4
 -6 -3  2  6  7  7  6  4  1 -3 -5 -7 -7 * -5 -7 -7 -6 -3  1  4  6  6  5  3  0 -3
 4921.443 -241.583
-17 -9  7 20 26 24 18  9 -2-11-17-20-19 * -4 -7 -8 -9 -8 -4  3  7  9  8  6  2 -2
 -6 -2  3  7  9  9  6  3  0 -3 -6 -7 -7 * -3 -5 -5 -4 -2  1  3  5  5  4  2  0 -2
 4921.443 -236.582
-19-12  2 17 26 26 21 12  1 -9-16-21-21 * -3 -5 -6 -3 -1  1  3  6  7  5  3  0 -2
 -8 -4  1  6  8  9  8  5  2 -2 -6 -8 -9 * -3 -3 -3 -2  0  2  4  4  4  3  1  0 -2
 4921.443 -211.582
-17-13 -4  7 14 15 13 10  4 -3-10-15-17 *-10-13-15-13 -7  2 12 16 15 11  5 -2 -8
 -7 -5 -1  2  5  6  6  5  3  0 -3 -6 -7 * -7 -9 -9 -6 -2  3  7  9  8  6  3 -1 -5
 4921.443 -206.582
-15-10  0 12 18 16 10  4 -2 -7-11-14-16 * -7-11-14-13 -9 -1  8 14 15 11  5 -1 -6
 -5 -3  1  5  6  6  4  2  0 -2 -4 -5 -6 * -6 -8 -9 -7 -3  2  6  8  8  6  3 -1 -4
 4921.443 -201.582
-11 -7  2 12 17 14  7  0 -7-10-13-13-13 * -5-10-13-14-10 -1  9 15 15 12  8  3 -3
 -3 -1  3  5  6  4  2  0 -2 -4 -5 -5 -4 * -6 -9 -9 -7 -3  3  7  9  8  6  3  0 -4
 4924.943 -304.083
-18-14 -5  5 13 18 18 14  6 -3-10-16-18 * -9-10-10 -7 -1  5  8 10  9  6  2 -3 -7
 -8 -6 -3  0  4  6  8  7  5  1 -3 -6 -8 * -5 -6 -5 -3  0  3  5  6  5  3  1 -2 -4
 4924.943 -259.083
-18-14 -4  6 14 18 18 14  6 -3-11-16-19 * -9-12-13 -9 -3  4  9 12 11  8  3 -2 -7
 -8 -6 -3  1  4  6  7  7  4  1 -3 -6 -8 * -6 -7 -6 -4 -1  3  5  7  6  4  1 -2 -5
 4924.943 -254.083
-18-13 -3  7 15 18 17 13  5 -4-12-17-19 * -9-14-16-13 -6  2  9 13 13 10  5 -1 -7
 -7 -5 -2  2  5  6  7  6  3  0 -3 -6 -8 * -6 -8 -8 -6 -2  2  6  7  7  5  2 -1 -5
 4924.943 -249.083
-15 -9  0  9 15 17 15 10  2 -6-13-17-17 *-11-17-20-18-10 -1  8 14 16 13  7  1 -7
 -6 -4  0  3  5  6  6  4  2 -1 -4 -6 -7 * -7-10-10 -8 -3  2  6  8  8  6  3 -1 -5
 4924.943 -244.083
 -6  0  7 12 16 15 10  3 -6-12-15-14 -9 * -9-14-20-22-16 -6  6 15 19 16 10  1 -7
 -2  1  3  4  5  4  2 -1 -3 -5 -6 -6 -4 * -8-11-12-10 -5  1  7 10 10  8  4  0 -5
 4924.943 -214.082
-14-11 -4  5 12 14 13 10  6  1 -5-10-14 *-17-22-23-18 -8  7 21 26 24 17  7 -3-14
 -6 -5 -2  2  4  5  6  5  3  1 -1 -4 -6 *-10-13-13 -9 -3  4 10 13 13  9  4 -2 -8
 4924.943 -209.082
-14 -9  0  9 14 15 11  6  0 -5 -9-13-14 *-11-15-17-14 -8  2 12 19 19 14  7 -2 -9
 -5 -3  0  3  5  5  4  3  1 -1 -3 -5 -6 * -8-10-10 -7 -3  3  8 10 10  7  4 -1 -6
 4924.943 -204.082
-13 -8  1 10 15 14 10  4 -2 -7-11-14-14 *-11-14-16-13 -7  2 12 18 18 13  6 -2 -9
 -5 -2  1  4  5  5  3  2  0 -2 -4 -5 -6 * -8-10-10 -7 -2  4  9 11 10  7  3 -1 -6
 4928.443 -306.583
-19-15 -6  4 13 18 20 16  8 -1 -9-16-19 * -9-11-11 -7 -1  5 10 11 10  6  1 -4 -8
 -8 -7 -4  0  3  6  8  8  6  2 -2 -5 -8 * -6 -7 -6 -3  1  4  6  7  6  3  0 -3 -6
 4928.443 -301.583
-18-15 -6  4 12 17 18 15  8 -1 -8-14-18 *-11-13-14 -9 -2  5 10 13 12  7  2 -4 -9
 -8 -7 -4  0  3  6  7  7  5  2 -1 -5 -7 * -7 -8 -7 -4  0  4  6  8  7  4  1 -3 -6
 4928.443 -256.583
-18-15 -6  4 12 17 18 15  8 -1 -9-15-18 *-11-15-16-12 -4  4 11 14 14 10  4 -2 -8
 -8 -7 -4  0  3  6  7  7  5  2 -2 -5 -7 * -7 -8 -8 -5 -1  3  6  8  7  5  2 -2 -5
 4928.443 -251.583
-17-14 -6  3 11 16 17 14  7 -1 -8-14-17 *-13-19-20-15 -7  3 11 16 17 13  7 -1-10
 -7 -6 -4  0  3  5  7  6  5  2 -2 -5 -7 * -8-10-10 -7 -2  3  7  9  9  7  3 -1 -6
 4928.443 -246.583
-15-14 -9 -1  7 12 15 13  8  1 -5-11-14 *-20-25-25-19 -9  3 14 21 22 16  8 -4-17
 -7 -7 -5 -2  2  5  6  7  5  2 -1 -4 -6 *-10-13-13 -9 -3  3  9 12 12  9  4 -2 -8
 4928.443 -241.583
-14-13-10 -4  4 11 16 16 10 -1-10-14-15 *-16-16-15-11 -4  7 18 21 17  6 -7-14-16
-10 -9 -6 -2  2  7 10  9  6  2 -3 -8-10 *-12-11 -9 -5  1  7 11 12 10  5 -2 -8-11
 4928.443 -211.582
-11 -8 -1  7 12 13 10  5  0 -3 -7-10-12 *-16-21-23-18 -8  4 17 26 27 20 10 -2-13
 -5 -3  0  2  4  4  4  3  1 -1 -2 -4 -5 *-10-14-13 -9 -3  4 11 14 14 10  5 -1 -8
 4928.443 -206.582
-13 -9 -1  8 13 14 11  6  1 -3 -7-11-13 *-17-21-21-16 -7  6 17 23 23 17  7 -4-14
 -5 -3  0  2  4  5  4  3  2  0 -2 -4 -5 *-11-14-12 -8 -2  6 11 14 12  9  4 -3 -9
 4928.443 -201.582
 -8 -4  2  8 11 11  7  2 -1 -4 -6 -9 -9 *-16-20-20-16 -6  6 18 23 23 16  7 -4-13
 -3 -1  1  3  4  3  2  1  0 -1 -2 -3 -3 *-11-14-13 -8 -2  6 12 14 13  9  4 -3 -9
 4928.444 -156.582
 -3  0  4  7  8  6  2 -2 -4 -5 -5 -5 -4 *-16-19-19-14 -6  6 18 23 21 15  7 -3-13
  0  1  3  3  3  1  0 -1 -2 -2 -2 -2 -1 *-11-13-12 -8 -1  6 12 14 12  8  3 -3 -9
 4928.444 -151.582
  2  3  4  4  3 -1 -5 -7 -7 -5 -3  1  2 *-14-13-12-10 -4  8 18 20 17 10  2 -9-14
  3  3  3  2  0 -2 -4 -4 -4 -2 -1  1  2 *-11-11 -9 -5  2  9 13 12 10  6  0 -6-11
 4931.943 -304.083
-19-16 -7  3 11 17 19 16  9  1 -8-15-19 * -8-11-11 -8 -2  5  9 12 11  7  2 -3 -7
 -8 -7 -4 -1  3  5  7  7  6  3 -1 -5 -7 * -6 -7 -6 -3  0  4  6  7  6  4  1 -3 -5
 4931.943 -259.083
-18-16 -8  1  9 15 18 16  9  2 -6-13-17 *-12-16-16-11 -3  6 12 15 14  9  3 -4-10
 -8 -7 -5 -1  2  5  7  7  6  3  0 -4 -7 * -8 -9 -8 -5 -1  4  7  9  8  5  2 -3 -6
 4931.943 -254.083
-18-16 -9  0  9 15 18 16 10  2 -6-12-17 *-13-17-17-13 -5  4 12 16 16 11  5 -2-10
 -8 -7 -5 -1  2  5  7  7  6  3  0 -4 -7 * -7 -9 -9 -6 -1  3  7  9  8  6  2 -2 -6
 4931.943 -249.083
-18-18-11 -2  8 14 17 16 11  3 -4-11-17 *-15-19-19-14 -5  4 12 17 17 12  6 -3-12
 -8 -8 -5 -2  2  5  7  8  7  4  0 -4 -7 * -8-10 -9 -6 -2  3  7  9  9  7  3 -2 -6
 4931.943 -244.083
-22-22-15 -5  6 14 19 18 14  6 -3-12-20 *-19-21-19-13 -4  6 15 19 18 12  3 -7-16
 -9-10 -8 -4  1  5  8  9  8  5  1 -4 -8 * -9-11-10 -6 -2  4  8 10 10  7  3 -2 -7
 4931.943 -239.083
-25-24-16 -4  8 16 21 21 14  4 -7-18-24 *-15-15-13 -7  0  8 14 17 14  7 -2-10-14
-12-12 -9 -4  1  6 10 11 10  6  0 -6-11 * -8 -9 -7 -4  0  4  7  9  8  5  1 -4 -7
 4931.943 -234.083
-25-21-11  3 16 21 21 15  5 -6-15-21-24 * -8 -8 -7 -3  3  7 10 10  7  1 -4 -7 -8
-13-11 -7 -1  4  8 11 10  7  3 -3 -9-12 * -5 -5 -4 -2  1  4  5  5  4  2 -1 -3 -5
 4931.943 -229.083
-12 -8  3 14 19 17  9  0 -5 -7 -8-10-12 * -2 -4 -9-10 -6  0  5  6  6  5  2  0 -1
 -4 -2  1  4  5  5  4  2  1  0 -2 -3 -4 * -4 -5 -6 -5 -2  1  3  3  1 -1 -2 -3 -4
 4931.943 -224.083
-11 -2 13 23 25 19  6 -2 -4 -6 -9-12-13 * -5-12-16-15 -7  2 10 16 19 17 12  4 -2
 -1  2  6  9  9  6  2 -1 -1 -1 -2 -3 -3 * -6 -8 -9 -7 -3  3  8 10  9  7  4  0 -3
 4931.943 -219.082
-12 -5  4 12 17 19 12  3 -5 -8-10-13-13 *-11-18-22-18 -9  3 17 24 23 20 13  3 -7
 -5 -2  2  4  5  6  5  2  0 -2 -4 -5 -6 * -8-12-13 -9 -4  3  9 13 13 10  6  1 -5
 4931.943 -214.082
-14 -9  0  8 13 17 14  5 -2 -6 -9-13-15 *-15-19-19-16 -8  4 14 23 26 21 12  0-11
 -6 -3  0  2  4  5  5  3  1 -1 -3 -5 -6 * -9-12-11 -8 -2  4 10 13 13 10  6  0 -7
 4931.943 -209.082
-13 -9 -1  6 11 14 13  8  2 -3 -6-11-13 *-20-24-24-18 -7  8 19 25 25 19  8 -5-16
 -5 -4 -1  1  3  5  5  4  2  0 -2 -4 -6 *-12-15-14-10 -3  6 12 15 14 10  4 -3-10
 4931.944 -204.082
 -8 -4  3  8 11 11  8  4  0 -3 -6 -9 -9 *-19-23-22-16 -6  8 20 25 24 17  7 -6-16
 -3 -1  1  3  4  4  3  2  1 -1 -2 -3 -4 *-12-15-13 -9 -2  6 13 15 14 10  4 -3-10
 4931.944 -159.082
 -5 -1  3  7  9  8  4  1 -2 -4 -5 -6 -6 *-20-22-20-13 -3 11 22 27 24 17  6 -6-17
 -2  0  2  3  3  2  1  0 -1 -1 -2 -2 -2 *-13-15-13 -8 -1  8 14 16 14 10  4 -4-10
 4931.944 -154.082
 -2 -2 -1  1  2  1 -1 -2 -3 -3 -3 -3 -3 *-24-24-20-12  1 19 31 32 27 15  0-17-24
 -1 -1 -1  0  0  0 -1 -1 -1 -1 -1 -1 -1 *-18-18-14 -7  3 14 20 20 15  9  0-10-17
 4935.443 -306.583
-20-19-12 -2  8 15 19 18 12  4 -4-12-18 *-12-14-12 -7  0  8 13 14 12  7  1 -5-11
 -8 -8 -5 -2  2  5  7  8  7  4  0 -4 -7 * -7 -7 -6 -3  0  4  7  8  7  4  1 -3 -6
 4935.443 -301.583
-20-19-11 -1  9 16 19 17 11  3 -5-13-19 * -9-12-12 -8 -2  5 10 12 11  7  2 -3 -8
 -8 -8 -5 -2  2  5  7  8  7  4  0 -4 -7 * -6 -7 -6 -4  0  3  6  7  6  4  1 -2 -5
 4935.443 -256.583
-19-18-11 -1  8 14 17 15 10  3 -5-12-18 *-11-15-16-11 -4  4 11 14 14 10  4 -3 -9
 -8 -8 -5 -2  2  5  7  7  6  4  0 -4 -7 * -7 -9 -8 -5 -1  3  6  8  8  5  2 -2 -5
 4935.443 -251.583
-19-18-12 -2  7 14 18 16 11  4 -4-12-18 *-13-16-16-12 -4  4 11 15 15 11  5 -3-10
 -8 -8 -6 -2  1  5  7  8  7  4  0 -4 -7 * -7 -9 -8 -6 -2  3  7  9  8  6  3 -2 -5
 4935.443 -246.583
-21-20-14 -3  7 14 18 18 13  5 -3-11-19 *-15-18-18-13 -4  5 13 17 17 12  5 -4-12
 -8 -9 -7 -3  1  5  7  8  7  5  1 -3 -7 * -8-10 -9 -6 -2  3  7  9  9  6  3 -2 -6
 4935.443 -241.583
-22-22-14 -3  7 15 19 19 14  6 -3-12-20 *-15-18-17-12 -4  5 13 17 16 11  4 -5-13
 -9 -9 -7 -3  1  5  8  9  8  5  1 -3 -8 * -8 -9 -9 -6 -2  3  7  9  9  6  3 -2 -6
 4935.443 -236.583
-25-23-13  0 10 18 21 19 13  5 -5-16-24 *-12-14-14-11 -4  4 11 15 14  9  2 -5-11
-10-10 -6 -2  2  6  9  9  8  5  1 -4 -9 * -6 -8 -7 -5 -1  2  6  7  7  5  2 -2 -5
 4935.443 -231.583
-22-18 -5  7 15 19 19 15  8  0 -9-17-22 * -9-12-15-13 -7  1  9 13 12  7  1 -4 -7
 -9 -7 -4  1  4  7  8  7  5  3 -1 -5 -8 * -6 -7 -8 -6 -3  1  5  6  6  4  1 -2 -4
 4935.443 -226.583
-19-12  3 15 21 21 17 10  1 -7-14-18-20 * -7-11-14-12 -7  1  9 13 13  8  5  1 -4
 -8 -5  0  4  6  7  7  5  2 -1 -4 -7 -8 * -5 -7 -8 -6 -3  2  5  7  7  5  2 -1 -4
 4935.443 -221.583
-15 -9  4 16 22 23 17  8 -2 -8-13-17-17 *-10-14-14-10 -3  4 13 19 21 17 10  2 -7
 -6 -3  1  5  7  8  7  4  1 -2 -4 -6 -7 * -6 -9 -9 -6 -1  4  8 11 11  9  5  1 -4
 4938.943 -304.084
-20-20-12 -3  7 15 19 19 13  5 -3-12-19 *-11-12-11 -7  0  6 11 14 12  8  2 -4 -9
 -8 -8 -6 -2  1  5  7  8  7  4  1 -3 -7 * -6 -7 -6 -3  0  3  6  7  6  4  1 -2 -5
 4938.943 -259.083
-21-21-14 -4  7 15 20 19 14  5 -3-12-20 *-11-13-13 -8 -1  6 11 13 12  8  2 -4 -9
 -8 -9 -6 -3  1  5  7  8  7  4  1 -4 -7 * -6 -7 -6 -4  0  3  6  7  6  4  1 -2 -5
 4938.943 -254.083
-20-21-14 -4  6 14 19 18 13  5 -3-12-19 *-12-15-15-10 -3  5 11 14 13  9  3 -4-10
 -8 -8 -6 -3  1  5  7  8  7  4  1 -3 -7 * -6 -8 -7 -5 -1  3  6  7  7  5  2 -2 -5
 4938.943 -249.083
-20-20-14 -4  6 14 18 18 13  5 -3-11-18 *-12-16-16-12 -4  4 11 15 15 10  4 -3-10
 -8 -9 -6 -3  1  4  7  8  7  5  1 -3 -7 * -7 -8 -8 -5 -2  3  6  8  8  6  3 -1 -5
 4938.943 -244.083
-21-22-15 -4  6 14 19 18 14  6 -2-12-19 *-13-16-17-12 -5  4 12 16 16 11  5 -3-10
 -9 -9 -7 -3  1  5  7  9  8  5  1 -3 -7 * -7 -9 -8 -6 -2  3  6  8  8  6  3 -1 -5
 4938.943 -239.083
-23-22-15 -4  6 14 19 19 14  6 -3-12-21 *-14-18-19-15 -6  4 12 17 17 12  5 -3-11
 -9 -9 -7 -3  1  5  8  9  8  5  1 -3 -8 * -7 -9 -9 -6 -2  2  6  9  9  6  3 -1 -5
 4938.943 -234.083
-22-20-11 -2  8 15 19 17 12  5 -4-13-21 *-13-19-22-18 -9  2 11 17 17 13  6 -2-10
 -8 -8 -6 -2  2  5  7  8  7  4  1 -4 -7 * -7-10-10 -8 -4  1  6  8  9  7  3 -1 -5
 4938.943 -229.083
-17-12 -4  4 10 15 16 14  8  0 -7-15-18 *-12-19-24-20-11  0 11 18 19 14  7 -1 -9
 -7 -6 -3  0  3  5  7  6  5  2 -1 -4 -7 * -7-10-12-10 -5  1  6  9 10  8  4  0 -5
 4938.944 -224.083
-16 -7  2  8 14 18 17 12  4 -4-12-18-19 *-13-18-18-15 -8  1 11 19 20 16  8  0 -9
 -7 -4  0  3  5  7  7  6  4  0 -3 -6 -8 * -8-11-11 -8 -4  2  7 10 10  8  4  0 -5
 4942.443 -306.584
-18-17-11 -3  5 12 16 15 11  5 -2 -9-16 *-11-14-14 -9 -2  6 12 15 14  9  3 -4 -9
 -6 -7 -6 -3  0  3  5  7  6  5  2 -2 -5 * -7 -9 -8 -5 -1  3  7  9  8  5  2 -2 -6
 4942.443 -301.584
-19-19-13 -3  6 13 18 18 13  6 -2-10-17 *-11-14-14 -9 -2  6 12 15 14 10  4 -3 -9
 -7 -8 -6 -3  0  3  6  8  7  5  2 -2 -6 * -7 -8 -7 -5 -1  3  7  8  8  5  2 -2 -5
 4942.443 -256.583
-20-20-14 -4  6 13 18 18 14  6 -2-10-18 *-12-15-14 -9 -2  6 12 15 14  9  3 -4-10
 -8 -8 -7 -3  0  4  7  8  7  5  2 -3 -6 * -7 -8 -7 -5 -1  3  6  8  7  5  2 -2 -5
 4942.443 -251.583
-22-23-17 -7  4 14 19 20 16  8 -1-10-19 *-12-15-15-10 -2  6 12 15 14  9  3 -4-10
 -8 -9 -8 -4  0  4  7  9  8  5  2 -3 -7 * -6 -8 -7 -5 -1  3  6  8  7  5  2 -2 -5
 4942.443 -246.583
-22-23-17 -7  4 13 19 20 16  8 -1-10-19 *-13-16-16-11 -3  5 12 16 15 10  4 -4-11
 -9-10 -8 -4  0  4  7  9  8  6  2 -3 -7 * -7 -8 -8 -5 -1  3  6  8  8  5  2 -1 -5
 4942.443 -241.583
-22-23-17 -7  4 13 19 19 15  7 -1-11-20 *-11-15-16-12 -5  3 11 15 15 11  5 -2 -9
 -9-10 -7 -4  0  4  7  9  8  5  2 -3 -7 * -6 -8 -8 -6 -2  2  6  8  8  6  3 -1 -5
 4942.443 -236.583
-23-24-18 -8  3 13 19 20 15  8 -1-11-20 *-14-20-21-16 -7  3 12 18 18 13  6 -2-11
 -9-10 -8 -5  0  4  7  9  8  6  2 -3 -7 * -7-10-10 -7 -3  2  6  9  9  7  3 -1 -5
 4942.443 -231.583
-22-23-18 -9  2 12 18 19 15  8 -1-11-20 *-18-26-28-22-11  2 14 22 22 17  8 -2-13
 -9-10 -8 -5 -1  3  7  9  8  6  2 -3 -7 * -8-12-13-10 -5  1  7 10 11  9  5  0 -6
 4942.444 -226.583
-20-20-16 -8  2 12 17 16 12  5 -3-13-19 *-22-29-30-23-11  3 17 26 27 20 10 -2-16
 -9 -9 -8 -5 -1  3  7  8  7  5  1 -3 -7 *-10-15-15-12 -6  1  8 13 14 11  6  0 -6
 4942.444 -221.583
-14-14-11 -6  2 10 12  8  2 -4 -9-15-14 *-20-23-23-17 -7  6 19 29 30 23 11 -2-16
 -7 -6 -6 -4 -1  2  4  4  2  0 -2 -5 -7 *-12-16-15-10 -3  5 12 16 16 13  7  0 -8
 4945.943 -304.084
-18-18-12 -4  4 11 15 16 12  6 -1 -9-16 *-10-13-13-10 -3  5 11 14 14 10  4 -3 -9
 -6 -7 -6 -3 -1  2  5  6  7  5  3 -1 -5 * -7 -8 -7 -5 -1  3  6  8  8  6  3 -1 -5
 4945.943 -259.084
-19-19-13 -4  4 12 16 17 13  7 -1 -9-17 *-11-14-14-10 -3  4 11 14 14 10  4 -3 -9
 -7 -8 -6 -4  0  3  6  7  7  5  2 -2 -5 * -6 -8 -7 -5 -1  3  6  8  8  5  3 -1 -5
 4945.943 -254.084
-19-20-14 -5  5 12 17 18 14  7  0 -9-17 *-11-14-14-10 -3  4 11 14 14 10  4 -3 -9
 -7 -8 -7 -4  0  3  6  8  7  5  2 -2 -6 * -6 -8 -7 -5 -1  3  6  8  8  5  3 -1 -5
 4945.943 -249.083
-20-22-16 -7  4 12 18 19 15  8  0 -9-18 *-11-15-15-11 -4  4 11 14 14 10  4 -3 -9
 -8 -9 -7 -4  0  4  7  8  8  5  2 -2 -6 * -6 -8 -7 -5 -2  2  6  7  7  5  3 -1 -5
 4945.943 -244.083
-20-22-17 -8  3 12 18 20 16 10  1 -9-18 *-12-16-15-10 -3  5 12 15 15 11  5 -3-10
 -8 -9 -8 -4  0  4  7  9  8  6  2 -2 -6 * -6 -8 -7 -5 -1  2  6  8  8  6  3 -1 -4
 4945.944 -239.083
-25-27-22-11  2 13 21 23 19 11  1-10-21 *-12-16-17-12 -4  5 12 16 16 11  5 -3-10
-10-12-10 -6 -1  4  8 10 10  7  3 -3 -8 * -6 -8 -8 -5 -1  3  6  8  8  6  3 -1 -5
 4945.944 -234.083
-23-27-23-13 -1 11 19 22 19 12  2 -9-20 *-15-21-23-17 -7  4 14 19 19 14  6 -2-12
 -9-11-10 -7 -2  3  7 10 10  7  3 -2 -7 * -8-10-10 -8 -3  2  7  9 10  7  4 -1 -5
 4945.944 -229.083
-25-29-26-16 -3  9 19 23 20 13  3 -9-21 *-17-25-26-19 -9  3 14 22 23 18  9 -1-12
 -9-12-11 -8 -3  2  7 10 10  8  4 -2 -7 * -8-12-12 -9 -4  2  7 10 11  9  5  0 -5
 4945.944 -224.083
-32-37-33-21 -5 10 22 26 22 14  3-12-28 *-21-27-27-19 -8  5 18 27 29 22 12 -1-16
-13-16-15-11 -5  2  8 12 12  9  4 -2 -9 * -9-13-13-10 -4  2  8 13 14 12  7  1 -5
 4949.443 -306.584
-17-18-12 -5  3  9 14 15 12  6  0 -8-15 * -9-12-12 -9 -3  4 10 13 13 10  5 -2 -7
 -5 -7 -6 -4 -1  2  4  6  6  5  3 -1 -4 * -6 -7 -7 -5 -2  2  5  7  7  6  3 -1 -4
 4949.443 -301.584
-18-19-14 -5  3 10 15 16 13  7  0 -8-16 *-10-13-13-10 -3  4 10 13 13  9  4 -2 -8
 -6 -7 -6 -4 -1  2  5  6  7  5  3 -1 -5 * -6 -7 -7 -5 -2  2  5  7  7  5  3 -1 -4
 4949.443 -256.584
-18-19-14 -6  3 10 15 16 13  7  0 -8-16 *-10-13-13-10 -4  3 10 13 13 10  4 -2 -8
 -6 -8 -6 -4 -1  2  5  7  7  5  3 -1 -5 * -5 -7 -7 -5 -2  2  5  7  7  5  3 -1 -4
 4949.443 -251.584
-19-20-15 -6  3 10 16 17 14  8  0 -8-16 * -9-12-13 -9 -3  3  9 13 13 10  4 -2 -7
 -7 -8 -7 -4 -1  3  5  7  7  5  2 -2 -6 * -5 -7 -7 -5 -1  2  5  7  7  5  3 -1 -4
 4949.444 -246.583
-21-23-18 -9  1 11 18 19 16  9  1 -8-18 *-12-16-16-12 -4  4 11 15 15 11  5 -2-10
 -8-10 -9 -6 -2  3  6  8  8  6  3 -2 -6 * -6 -9 -8 -6 -2  2  6  8  8  6  3 -1 -5
 4949.444 -241.583
-22-25-20-11  1 11 19 22 19 12  3 -8-19 *-13-17-17-12 -3  5 13 17 17 12  5 -2-10
 -9-11 -9 -6 -2  3  7 10 10  7  4 -1 -7 * -7 -9 -8 -6 -2  3  6  8  8  6  3 -1 -5
 4949.444 -236.583
-21-25-21-11  0 11 19 22 20 13  4 -7-18 *-10-14-14-10 -3  4 10 14 13 10  4 -2 -8
 -9-11 -9 -6 -1  4  7 10 10  7  4 -2 -7 * -5 -7 -7 -5 -2  2  5  7  7  5  2 -1 -4
 4949.444 -231.583
-23-28-25-15 -1 11 20 24 21 14  4 -8-20 *-10-13-14-10 -3  4 10 14 14 10  5 -1 -7
-10-12-11 -7 -2  4  8 11 11  8  4 -2 -7 * -5 -7 -7 -5 -2  2  5  7  7  5  3  0 -3
 4949.444 -226.583
-25-32-30-20 -5  9 21 26 25 18  7 -7-20 *-11-15-16-11 -5  3 10 15 16 12  6 -1 -8
-10-14-13 -9 -3  3  8 12 12  9  5 -2 -8 * -5 -7 -7 -5 -2  2  5  7  7  6  3  0 -3
 4949.444 -221.583
-28-35-33-22 -7  9 22 30 29 21  9 -6-22 *-11-16-16-12 -5  3 11 17 18 15  8  0 -8
-11-15-14-10 -4  3  9 13 14 11  6 -1 -8 * -5 -8 -8 -6 -2  2  5  8  8  7  4  1 -3
 4949.444 -216.583
-29-37-35-23 -7 10 25 33 33 25 11 -6-24 *-10-12-12 -9 -2  4 10 14 14 11  6 -2 -8
-12-16-15-11 -4  3 10 15 16 13  7  0 -8 * -5 -7 -6 -4 -1  3  5  7  7  6  3  0 -3
 4949.444 -211.583
-29-34-32-21 -6 11 24 32 31 23 10 -7-24 *-11-12-11 -8 -1  6 10 11 10  6  1 -6-10
-12-16-15-10 -4  3 10 14 15 13  7  0 -8 * -7 -8 -7 -5 -1  3  6  6  5  3  1 -3 -6
 4949.444 -206.583
-32-37-34-23 -6 13 26 32 30 21  7-11-27 *-13-14-13 -8  0  9 15 14 11  6 -1 -7-12
-14-18-16-12 -4  5 12 15 15 12  6 -3-11 * -9 -9 -8 -5 -1  5  8  9  7  3  0 -4 -8
 4949.444 -201.583
-34-40-37-26 -7 15 31 35 32 22  7-12-29 *-11-12-11 -7  0  9 17 20 17 11  4 -3 -9
-16-20-18-13 -5  5 14 19 18 13  6 -3-12 * -6 -8 -7 -4  0  5  9 11 11  8  4 -1 -5
 4949.444 -156.582
-38-45-42-29 -8 16 37 45 43 32 14 -8-31 * -6 -7 -7 -5  0  6 10 15 15 11  6 -1 -5
-17-22-22-16 -6  6 16 23 23 18 10  0-12 * -3 -5 -4 -3  0  3  6  7  7  7  5  2 -2
 4949.444 -151.582
-36-43-40-28 -8 16 35 44 44 34 16 -8-30 * -1 -2 -2 -2  0  2  3  3  5  4  2  0  0
-16-22-21-15 -6  5 15 22 23 19 11  0-12 * -1 -1 -1 -1  0  2  2  2  2  1  1  0 -1
 4949.444 -146.582
-33-39-36-26 -8 14 31 39 39 30 14 -8-27 * -1 -2 -3 -3 -1  0  0  0  0  0 -1 -1 -1
-15-20-19-15 -6  4 13 19 20 17 10 -1-11 * -1 -2 -1 -1  0  1  1  1  0  0 -1 -1 -1
 4952.943 -304.084
-16-18-13 -6  2  8 13 15 12  7  0 -7-14 * -9-12-12 -9 -3  3  9 12 13 10  5 -1 -7
 -5 -7 -6 -4 -1  2  4  5  6  5  3 -1 -4 * -5 -7 -7 -5 -2  2  5  7  7  6  4  0 -4
 4952.943 -259.084
-17-19-14 -7  2  9 14 16 13  7  1 -7-14 * -9-12-13 -9 -3  3  9 12 12  9  4 -1 -7
 -6 -7 -6 -4 -1  2  4  6  6  5  3 -1 -4 * -5 -7 -7 -5 -2  2  5  7  7  5  3  0 -4
 4952.944 -254.084
-18-20-16 -8  1  9 15 17 14  9  1 -7-15 *-10-13-13 -9 -3  4  9 13 13 10  5 -2 -8
 -6 -8 -7 -5 -1  2  5  7  7  6  3 -1 -5 * -5 -7 -7 -5 -2  2  5  7  7  5  3  0 -4
 4952.944 -249.084
-20-23-18 -9  1 10 17 19 16 10  2 -8-17 *-10-13-13 -9 -3  4  9 13 13  9  4 -2 -8
 -7 -9 -8 -5 -2  2  6  8  8  6  4 -1 -6 * -5 -7 -7 -5 -1  2  5  7  7  5  3 -1 -4
 4952.944 -244.083
-20-23-19-10  0  9 16 19 17 10  3 -7-17 *-10-13-14-10 -4  3 10 13 13 10  4 -2 -8
 -8-10 -8 -6 -2  2  6  8  8  7  3 -1 -6 * -5 -7 -7 -5 -2  2  5  7  7  5  3 -1 -4
 4952.944 -239.083
-21-25-21-12  0 10 18 21 18 12  3 -7-18 *-10-14-14-10 -4  4 10 14 14 11  5 -1 -8
 -9-11-10 -6 -2  3  7  9  9  7  4 -1 -6 * -5 -7 -7 -5 -2  2  5  7  7  6  3  0 -4
 4952.944 -234.083
-22-26-23-14 -2  9 18 21 19 13  4 -7-18 *-11-15-15-11 -4  4 12 16 16 12  6 -1 -8
 -9-11-10 -7 -3  2  7 10 10  7  4 -1 -7 * -6 -8 -8 -6 -2  2  6  8  8  6  4  0 -4
 4952.944 -229.083
-24-29-26-16 -3 10 20 24 22 16  6 -7-19 *-10-14-14-10 -3  5 12 16 16 12  6 -1 -8
-10-13-12 -8 -3  3  8 11 11  9  4 -1 -7 * -6 -8 -7 -5 -2  2  6  8  8  6  3  0 -4
 4952.944 -224.083
-25-31-29-19 -5  9 21 26 25 18  8 -6-20 *-10-13-13 -9 -3  5 11 14 14 11  5 -1 -8
-10-14-13 -9 -4  3  8 12 13 10  5 -1 -8 * -5 -7 -7 -5 -1  3  6  7  7  5  3 -1 -4
 4952.944 -219.083
-26-34-33-23 -8  8 22 31 31 24 12 -3-20 *-11-15-15-10 -3  4 11 15 16 12  6 -1 -9
-11-15-15-11 -5  2  9 14 15 12  7  0 -7 * -6 -7 -7 -5 -2  2  5  7  7  6  3  0 -4
 4952.944 -214.083
-26-34-34-24 -9  7 21 30 32 25 13 -2-19 *-10-13-13 -9 -3  4  9 13 13 10  5 -2 -8
-10-15-15-11 -5  2  9 13 15 13  8  1 -7 * -5 -7 -6 -4 -2  2  5  6  6  5  3  0 -4
 4952.944 -209.083
-30-39-39-28-11  8 24 34 35 28 15 -3-23 *-10-13-13 -9 -3  4  9 12 12  8  3 -3 -8
-12-18-17-13 -6  2 10 15 17 14  8  0 -8 * -6 -7 -7 -5 -2  2  5  6  6  4  2 -1 -4
 4952.944 -204.083
-31-39-38-27-10 10 26 34 35 28 14 -5-24 * -8 -9 -9 -6 -1  5  9 11 10  7  2 -2 -7
-14-18-18-13 -6  3 11 16 17 14  7 -1-10 * -5 -6 -5 -3  0  3  5  6  6  4  2 -1 -4
 4952.944 -159.083
-33-42-40-29-10 11 29 38 38 30 15 -6-26 * -5 -6 -6 -4  0  5  8 11  9  6  2 -2 -5
-15-20-19-14 -6  4 13 18 19 15  8 -1-11 * -3 -4 -3 -2  0  3  5  6  5  4  2  0 -2
 4952.944 -154.083
-34-42-41-30-11 12 31 41 41 32 16 -6-27 * -4 -5 -5 -4 -1  3  6  7  7  5  2 -1 -3
-15-20-20-15 -7  4 13 19 21 17 10  0-10 * -3 -3 -3 -2  0  2  4  4  4  3  2  0 -2
 4952.944 -149.082
-32-41-40-29-11 11 30 40 40 32 16 -5-26 * -2 -4 -4 -3 -1  2  3  4  4  3  1 -1 -2
-14-20-20-15 -7  3 13 19 20 17 10  0-10 * -2 -2 -2 -1  0  2  3  3  2  1  0 -1 -2
 4952.944 -144.082
-30-38-38-29-12  8 26 36 37 30 15 -4-23 * -3 -5 -5 -3  0  2  5  7  7  4  1 -1 -2
-12-20-22-19-12 -1  9 16 19 18 12  1 -8 * -1 -2 -2 -2  0  1  2  3  4  3  2 -1 -1
 4956.443 -306.584
-15-16-12 -6  2  7 12 13 11  6  1 -6-13 * -8-11-11 -8 -2  3  8 11 11  9  5 -1 -6
 -5 -6 -5 -4 -1  1  3  5  5  4  3  0 -4 * -4 -6 -6 -5 -2  1  4  6  6  5  4  0 -3
 4956.444 -301.584
-16-18-13 -7  2  8 13 15 12  7  1 -6-13 * -8-11-11 -8 -2  3  8 11 11  9  4 -1 -6
 -5 -7 -6 -4 -1  2  4  6  6  5  3 -1 -4 * -4 -6 -6 -5 -1  2  4  6  6  5  4  0 -3
 4956.444 -256.584
-17-19-15 -8  1  8 13 16 14  8  2 -6-14 * -9-12-12 -8 -2  3  8 11 11  9  4 -2 -7
 -6 -8 -7 -5 -2  2  4  6  7  5  3 -1 -4 * -5 -6 -6 -5 -1  2  4  6  6  5  3  0 -3
 4956.444 -251.584
-18-21-17 -9  0  8 15 17 15 10  3 -6-15 * -9-12-12 -8 -2  3  9 12 12  9  4 -2 -7
 -7 -9 -8 -5 -2  2  5  7  8  6  4 -1 -5 * -5 -6 -6 -4 -1  2  4  6  6  5  3  0 -3
 4956.444 -246.584
-19-22-18-10  0  9 15 18 16 11  3 -6-16 * -9-12-12 -9 -3  3  9 12 12  9  4 -2 -7
 -7 -9 -8 -6 -2  2  5  8  8  6  4 -1 -5 * -5 -6 -6 -5 -2  2  4  6  6  5  3  0 -3
 4956.444 -241.584
-20-23-20-12 -1  9 16 19 17 12  4 -6-16 * -9-12-12 -9 -3  3  9 12 12  9  4 -1 -7
 -8-10 -9 -6 -2  2  6  8  9  7  4 -1 -6 * -5 -6 -6 -5 -2  2  4  6  6  5  3  0 -3
 4956.444 -236.583
-21-26-23-14 -2  9 18 21 20 14  5 -6-17 * -9-12-12 -9 -3  4  9 13 13  9  4 -1 -7
 -8-11-10 -7 -3  2  7  9 10  8  4 -1 -6 * -5 -6 -6 -4 -1  2  5  6  6  5  3  0 -3
 4956.444 -231.583
-22-27-24-15 -3  9 18 23 21 15  6 -5-18 * -9-13-13 -9 -3  4 10 14 14 10  5 -1 -7
 -9-12-11 -8 -3  2  7 10 11  9  5 -1 -6 * -5 -7 -7 -5 -2  2  5  7  7  5  3  0 -3
 4956.444 -226.583
-23-28-26-16 -4  9 19 24 23 17  8 -5-18 *-10-13-12 -8 -2  5 11 14 14 10  5 -1 -7
 -9-12-12 -8 -3  2  8 11 12 10  5  0 -6 * -5 -7 -7 -5 -1  2  5  7  7  5  3  0 -4
 4956.444 -221.583
-26-33-31-20 -6 10 22 28 28 21 10 -5-21 * -8-11-10 -7 -1  5 10 13 12  9  4 -2 -7
-11-15-14-10 -4  3  9 13 14 11  6  0 -7 * -5 -6 -5 -4 -1  3  5  6  6  4  2 -1 -3
 4956.444 -216.583
-25-32-31-21 -7  8 21 28 28 22 10 -4-20 * -9-11-10 -7 -1  5  9 12 11  8  3 -2 -7
-11-15-14-10 -5  2  9 13 14 11  6  0 -7 * -5 -6 -6 -4 -1  2  5  6  6  4  2 -1 -4
 4956.444 -211.583
-29-37-36-26 -9  8 23 31 32 25 13 -4-23 *-10-12-12 -8 -2  5 10 14 13  9  3 -3 -8
-12-17-17-13 -6  2 10 15 16 13  8  0 -8 * -5 -7 -6 -4 -1  3  5  7  6  5  2 -1 -4
 4956.444 -206.583
-26-34-33-25-10  7 21 29 31 25 13 -3-20 *-10-13-12 -9 -3  4 10 13 12  9  4 -2 -8
-11-16-16-12 -6  2  9 14 15 12  7  0 -8 * -5 -7 -6 -5 -1  2  5  6  6  5  2 -1 -4
 4956.444 -201.583
-30-39-39-29-12  8 25 35 36 30 16 -3-23 * -9-11-11 -8 -2  5 10 13 12  9  4 -2 -7
-13-18-19-14 -7  2 11 16 18 15  9  0 -9 * -5 -6 -6 -4 -1  3  5  6  6  5  2 -1 -4
 4956.444 -156.583
-31-41-41-31-13  9 27 38 40 33 18 -3-24 * -7 -9 -9 -6 -1  4  8 10 10  7  3 -1 -5
-14-20-20-15 -7  2 12 18 19 16 10  1 -9 * -4 -5 -4 -3  0  2  4  5  5  4  2 -1 -3
 4956.444 -151.583
-30-40-40-30-13  8 27 37 39 32 17 -2-23 * -5 -6 -7 -5 -1  3  5  7  7  5  2 -1 -4
-13-19-19-15 -7  2 11 17 19 16 10  1 -9 * -3 -4 -3 -2  0  2  4  4  4  3  1 -1 -2
 4956.444 -146.582
-30-39-39-30-13  8 26 36 38 32 17 -2-23 * -3 -5 -6 -4 -1  2  4  5  5  4  1 -1 -3
-13-19-20-16 -9  1 11 17 19 17 10  1 -8 * -2 -3 -3 -2  0  2  3  3  3  2  1 -1 -2
 4959.944 -304.084
-13-15-12 -7  1  6 10 13 12  7  2 -5-11 * -9-12-11 -8 -1  3  8 11 11  9  4 -1 -7
 -4 -6 -6 -4 -1  1  3  5  6  4  4  0 -3 * -4 -6 -6 -5 -1  2  4  5  6  5  4  1 -3
 4959.944 -259.084
-15-17-14 -8  1  7 12 14 13  8  2 -5-12 * -9-11-11 -7 -1  4  8 11 11  8  4 -2 -7
 -5 -7 -6 -5 -2  1  4  6  6  5  4  0 -4 * -4 -6 -6 -4 -1  2  4  5  6  5  4  0 -3
 4959.944 -254.084
-16-18-15 -9  0  7 13 15 14  9  3 -5-13 * -9-12-12 -8 -2  3  8 11 11  8  4 -2 -7
 -6 -8 -7 -5 -2  1  4  6  7  5  4  0 -4 * -4 -6 -6 -5 -2  2  4  6  6  5  3  0 -3
 4959.944 -249.084
-17-20-17-10  0  8 14 17 15 10  3 -5-14 * -8-11-11 -8 -2  3  8 11 11  8  4 -1 -7
 -6 -8 -8 -5 -2  2  5  7  8  6  4  0 -5 * -4 -6 -6 -4 -2  1  4  5  6  5  3  0 -3
 4959.944 -244.084
-18-22-19-11 -1  8 15 18 17 11  4 -5-15 * -8-11-11 -8 -2  3  8 11 11  8  4 -1 -6
 -7 -9 -9 -6 -2  2  5  8  8  7  4 -1 -5 * -4 -6 -6 -4 -1  2  4  5  6  4  3  0 -3
 4959.944 -239.084
-20-24-21-13 -2  8 16 20 19 13  5 -5-16 * -8-11-11 -8 -2  3  8 12 12  8  4 -1 -6
 -8-10-10 -7 -3  2  6  9  9  8  4  0 -5 * -4 -6 -6 -4 -1  2  4  6  6  5  3  0 -3
 4959.944 -234.084
-21-26-24-15 -3  8 17 22 21 15  6 -5-17 * -8-11-11 -8 -2  4  8 11 11  8  4 -1 -6
 -8-11-11 -8 -3  2  7 10 10  8  5  0 -6 * -4 -6 -5 -4 -1  2  4  6  6  4  2  0 -3
 4959.944 -229.083
-21-27-25-16 -4  8 18 23 22 16  7 -4-17 * -8-11-11 -8 -2  3  8 11 11  8  4 -1 -6
 -9-12-11 -8 -3  2  7 10 11  9  5  0 -6 * -4 -6 -5 -4 -1  2  4  5  6  4  2  0 -3
 4959.944 -224.083
-22-28-26-17 -5  8 18 24 23 18  8 -4-17 * -8-10-10 -7 -1  4  9 12 11  8  4 -1 -6
 -9-13-12 -9 -4  2  7 11 12 10  5  0 -6 * -4 -5 -5 -3 -1  2  4  6  6  4  2  0 -3
 4959.944 -219.083
-25-31-29-20 -6  9 21 27 27 21 10 -4-20 * -8-10 -9 -6 -1  5  9 11 11  7  3 -2 -6
-10-14-14-10 -4  2  9 13 14 11  6  0 -7 * -5 -6 -5 -3  0  3  5  6  5  4  2 -1 -3
 4959.944 -214.083
-25-32-31-21 -7  9 22 29 29 23 11 -4-20 * -9-11-10 -7 -1  5  9 12 11  7  3 -3 -7
-11-15-15-11 -5  2  9 14 15 12  7  0 -7 * -5 -6 -5 -3  0  3  5  6  6  4  2 -1 -4
 4959.944 -209.083
-27-35-34-24 -8  9 24 31 32 25 13 -4-22 * -7 -9 -9 -6 -1  4  8 10  9  5  1 -3 -6
-12-16-16-12 -5  3 10 15 16 13  8  0 -8 * -4 -5 -5 -3  0  3  4  5  4  3  1 -2 -4
 4959.944 -204.083
-25-32-32-23 -9  8 22 30 30 25 13 -3-20 * -8-10 -9 -6 -1  4  8 11 10  7  2 -2 -6
-11-15-15-12 -5  2  9 14 15 13  7  0 -7 * -4 -5 -5 -3 -1  2  4  6  5  4  2 -1 -3
 4959.944 -159.083
-28-37-36-27-11  8 24 33 35 28 15 -3-22 * -6 -8 -8 -6 -1  4  7 10  9  6  2 -2 -5
-12-18-18-14 -6  2 10 16 17 15  9  1 -8 * -4 -5 -4 -2  0  3  4  5  5  3  1 -1 -3
 4959.944 -154.083
-28-37-37-28-12  8 25 35 36 30 16 -2-22 * -5 -6 -7 -5 -1  3  6  7  7  5  2 -1 -4
-13-18-18-14 -7  2 11 16 18 15  9  1 -8 * -3 -4 -3 -2  0  3  4  4  4  2  1 -1 -3
 4959.944 -149.083
-30-40-41-31-14  7 26 37 39 33 18 -2-23 * -4 -6 -7 -5 -2  2  4  6  5  4  1 -1 -3
-13-19-20-16 -8  2 11 18 19 17 10  1 -9 * -3 -4 -3 -2  0  2  3  3  3  2  0 -1 -3
 4959.945 -144.082
-30-39-38-29-13  7 25 34 36 29 15 -1-24 * -4 -6 -7 -5 -1  2  6  8  7  5  1 -1 -3
-13-20-22-19-11 -1  9 16 19 17 11  2 -9 * -2 -3 -3 -2 -1  1  3  4  4  3  2 -1 -2
 5003.444 -306.584
-12-14-11 -7  1  5  9 12 12  8  2 -4-10 * -9-11-11 -7  0  4  8 10 10  8  4 -2 -7
 -4 -6 -5 -4 -1  1  3  5  6  4  4  0 -3 * -4 -6 -6 -4 -1  2  3  5  5  4  4  0 -3
 5003.444 -301.584
-13-15-13 -8  0  5 10 13 13  8  3 -4-11 * -9-11-11 -7  0  4  8 10 10  8  3 -2 -7
 -5 -6 -6 -5 -2  1  3  5  6  5  5  0 -4 * -4 -6 -5 -4 -1  2  4  5  5  4  4  0 -3
 5003.444 -256.584
-14-17-14 -8  0  6 11 14 13  9  3 -5-12 * -8-11-10 -7 -1  3  7 10 10  7  3 -2 -7
 -5 -7 -6 -5 -2  2  4  6  7  5  4  0 -4 * -4 -5 -5 -4 -1  2  3  5  5  4  3  0 -3
 5003.444 -251.584
-15-18-16 -9  0  7 12 15 14  9  3 -5-13 * -8-10-10 -7 -2  3  7 10 10  7  3 -1 -6
 -6 -8 -7 -5 -2  2  4  6  7  5  4  0 -4 * -4 -5 -5 -4 -1  1  3  5  5  4  3  0 -2
 5003.444 -246.584
-17-20-18-10 -1  7 14 17 16 11  4 -5-14 * -7-10-10 -7 -2  3  7 10 10  7  3 -1 -6
 -6 -9 -8 -6 -2  2  5  7  8  6  4  0 -4 * -4 -5 -5 -4 -1  1  3  5  5  4  3  0 -3
 5003.444 -241.584
-18-22-20-12 -2  7 15 19 18 13  5 -5-15 * -7-10-10 -7 -2  3  7 10 10  7  3 -1 -6
 -7-10 -9 -6 -3  2  5  8  9  7  4  0 -5 * -4 -5 -5 -4 -1  2  4  5  5  4  2  0 -3
 5003.444 -236.584
-19-24-22-14 -3  7 16 20 19 14  6 -4-15 * -7-10-10 -7 -2  3  7 10 10  7  3 -1 -6
 -7-10-10 -7 -3  2  6  9 10  8  5  0 -5 * -4 -5 -5 -4 -1  2  4  5  5  4  2  0 -3
 5003.444 -231.584
-20-25-23-15 -4  7 16 21 21 16  7 -4-16 * -7 -9 -9 -6 -2  3  7 10 10  7  3 -1 -5
 -8-11-10 -8 -3  2  6 10 10  9  5  0 -5 * -4 -5 -5 -3 -1  2  4  5  5  4  2  0 -3
 5003.444 -226.583
-21-27-25-17 -5  7 18 23 23 18  9 -3-16 * -8-10-10 -7 -2  4  8 11 11  8  3 -1 -6
 -9-12-12 -9 -4  2  7 10 11 10  6  0 -6 * -4 -5 -5 -4 -1  2  4  5  5  4  2  0 -3
 5003.444 -221.583
-22-29-28-19 -6  7 19 25 25 20 10 -3-17 * -7-10-10 -6 -1  4  8 11 10  7  3 -2 -6
 -9-13-13-10 -4  2  8 12 13 11  7  0 -6 * -4 -5 -5 -3 -1  2  4  5  5  4  2 -1 -3
 5003.444 -216.583
-24-31-30-21 -7  8 20 27 27 22 11 -3-19 * -8-10 -9 -6 -1  4  8 10  9  6  2 -2 -6
-10-14-14-10 -5  2  8 13 14 12  7  0 -7 * -4 -5 -5 -3  0  2  4  5  5  3  1 -1 -3
 5003.444 -211.583
-25-33-32-23 -8  8 21 29 29 24 13 -3-19 * -7 -9 -9 -6  0  5  8 10  9  6  2 -2 -6
-11-15-15-11 -5  2  9 14 15 13  8  1 -7 * -4 -5 -4 -3  0  3  4  5  5  3  1 -1 -3
 5003.444 -206.583
-26-34-33-24 -9  8 22 30 31 25 13 -3-20 * -6 -8 -8 -5  0  4  8  9  8  5  1 -2 -5
-11-16-16-12 -6  2  9 14 16 13  8  0 -7 * -4 -5 -4 -2  0  3  4  5  4  3  1 -1 -3
 5003.444 -201.583
-26-34-34-25-10  7 23 31 32 27 14 -2-20 * -6 -8 -8 -6 -1  4  7  9  9  5  2 -2 -5
-11-16-16-13 -6  2 10 15 16 14  8  1 -7 * -4 -5 -4 -2  0  3  4  5  4  3  1 -1 -3
 5003.444 -156.583
-27-35-35-27-11  7 23 32 34 28 15 -2-21 * -5 -7 -7 -5  0  4  6  8  7  4  1 -2 -4
-12-17-17-13 -6  2 10 16 17 15  9  1 -8 * -3 -4 -3 -2  0  3  4  4  4  2  1 -1 -3
 5003.445 -151.583
-28-37-37-29-13  7 24 34 36 30 17 -1-21 * -5 -7 -7 -5 -1  3  6  7  7  4  1 -2 -4
-12-18-18-14 -7  2 11 17 18 16 10  1 -8 * -3 -4 -3 -2  1  3  4  4  4  2  1 -1 -3
 5003.445 -146.583
-29-38-39-30-14  7 25 35 37 31 17 -1-22 * -4 -6 -6 -4 -1  3  5  6  6  4  1 -2 -3
-13-19-20-16 -9  1 10 17 19 17 10  1 -8 * -3 -3 -3 -2  0  2  3  3  3  2  1 -2 -2
 5006.944 -304.084
-12-14-12 -7  1  5  9 12 12  8  3 -4-10 * -9-11-11 -7  0  4  8 10 10  8  4 -2 -7
 -4 -6 -6 -4 -1  1  3  5  6  4  5  0 -3 * -4 -5 -5 -4 -1  2  3  5  5  4  4  0 -3
 5006.944 -259.084
-13-15-13 -8  1  6 10 13 13  8  3 -4-11 * -8-10-10 -6  0  4  7  9  9  7  3 -2 -7
 -5 -6 -6 -5 -1  1  3  5  6  5  4  0 -4 * -4 -5 -5 -4 -1  2  3  4  5  4  4  0 -3
 5006.944 -254.084
-14-17-14 -9  0  6 11 14 13  9  3 -4-12 * -8-10-10 -6 -1  3  7  9  9  7  3 -2 -6
 -5 -7 -7 -5 -2  1  4  6  7  5  4  0 -4 * -3 -5 -5 -4 -1  1  3  4  5  4  3  0 -2
 5006.944 -249.084
-16-19-17-10 -1  7 13 16 15 10  4 -4-13 * -7 -9 -9 -6 -1  3  7  9  9  6  3 -1 -5
 -6 -8 -7 -5 -2  1  4  7  7  6  4  0 -4 * -3 -5 -5 -3 -1  1  3  4  5  4  3  0 -2
 5006.944 -244.084
-17-21-19-12 -2  6 14 18 17 12  5 -4-14 * -7 -9 -9 -6 -1  3  7  9  9  6  2 -2 -6
 -6 -9 -9 -6 -3  1  5  8  8  7  5  0 -4 * -3 -5 -4 -3 -1  1  3  4  4  3  2  0 -2
 5006.944 -239.084
-18-23-21-14 -3  6 15 19 18 14  6 -3-14 * -7 -9 -8 -6 -1  3  7  9  9  6  2 -1 -5
 -7-10-10 -7 -3  1  5  8  9  8  5  0 -5 * -3 -5 -4 -3 -1  1  3  4  4  3  2  0 -2
 5006.944 -234.084
-19-24-22-15 -4  6 15 20 20 15  7 -3-14 * -6 -8 -8 -6 -1  3  7  9  9  6  2 -1 -5
 -7-11-10 -8 -3  1  6  9 10  8  5  0 -5 * -3 -4 -4 -3 -1  2  3  4  4  3  2  0 -2
 5006.944 -229.084
-20-26-25-17 -5  7 16 22 22 17  9 -3-15 * -7 -9 -8 -6 -1  4  7  9  9  6  2 -1 -5
 -8-12-11 -8 -4  1  6 10 11  9  6  1 -5 * -3 -5 -4 -3 -1  2  4  4  4  3  2  0 -2
 5006.944 -224.084
-21-28-27-18 -6  6 17 24 24 19 10 -2-16 * -6 -8 -8 -5 -1  4  7  9  9  6  2 -2 -5
 -8-12-12 -9 -4  1  7 11 12 10  6  1 -5 * -3 -5 -4 -3 -1  2  4  4  4  3  2 -1 -3
 5006.944 -219.083
-22-29-29-20 -7  7 19 25 26 21 11 -2-17 * -6 -8 -8 -5 -1  4  7  9  8  5  2 -2 -5
 -9-13-13-10 -5  2  8 12 13 11  7  1 -6 * -4 -4 -4 -3  0  2  4  4  4  3  1 -1 -3
 5006.944 -214.083
-23-31-30-22 -8  7 19 27 27 23 12 -2-18 * -6 -8 -8 -5 -1  4  7  9  8  5  2 -2 -5
-10-14-14-11 -5  2  8 12 14 12  7  1 -6 * -4 -5 -4 -3  0  2  4  4  4  3  1 -1 -3
 5006.944 -209.083
-25-33-32-24 -9  7 21 29 30 25 14 -2-19 * -6 -7 -7 -4  0  4  7  8  7  4  1 -2 -5
-11-15-15-12 -5  2  9 14 15 13  8  1 -7 * -3 -4 -3 -2  0  2  4  4  4  3  1 -1 -3
 5006.945 -204.083
-25-33-33-24-10  7 21 29 31 26 14 -2-19 * -6 -7 -7 -4  0  4  6  8  7  4  1 -2 -5
-11-16-16-12 -6  2  9 14 15 13  8  1 -7 * -3 -4 -3 -2  0  2  4  4  4  2  1 -1 -3
 5006.945 -159.083
-25-34-34-25-10  7 22 30 32 27 15 -2-19 * -5 -6 -6 -4  0  4  6  7  6  4  1 -2 -4
-11-16-16-13 -6  2 10 15 16 14  8  1 -7 * -3 -4 -3 -2  0  2  4  4  3  2  1 -1 -3
 5006.945 -154.083
-26-35-36-27-12  7 23 32 34 29 16 -1-20 * -4 -5 -6 -4  0  4  5  6  6  3  1 -2 -4
-12-17-17-13 -6  2 10 16 17 15  9  1 -8 * -3 -3 -3 -1  1  3  4  4  3  2  0 -1 -3
 5006.945 -149.083
-26-36-36-28-13  6 23 33 35 30 17 -1-20 * -3 -4 -5 -3  0  3  4  5  4  2  0 -2 -3
-12-17-18-14 -7  2 11 16 18 15  9  1 -8 * -3 -3 -2 -1  1  3  3  3  2  1  0 -1 -2
 5006.945 -144.083
-29-38-38-29-12  7 25 34 35 29 15  0-23 * -4 -5 -5 -4 -1  2  5  8  8  5  1 -1 -3
-12-20-22-19-12 -2  8 16 19 17 11  1 -8 * -2 -3 -3 -2 -1  1  2  4  4  4  2 -2 -1
 5010.444 -306.584
-12-14-11 -7  1  5  9 12 12  8  2 -4-10 * -9-11-11 -6  0  4  7  9 10  7  3 -2 -7
 -4 -6 -5 -4 -1  1  3  5  6  4  4  0 -3 * -4 -5 -5 -4 -1  2  3  4  5  4  4  0 -3
 5010.444 -301.584
-12-14-12 -8  1  6  9 12 12  8  3 -4-10 * -9-11-10 -6  0  4  7  9  9  7  3 -2 -7
 -4 -6 -6 -4 -1  1  3  5  6  4  4  0 -3 * -4 -5 -5 -4 -1  2  3  4  5  4  4  0 -3
 5010.444 -256.584
-14-16-14 -8  0  6 11 14 13  8  3 -4-11 * -7 -9 -9 -6  0  3  7  9  9  6  3 -2 -6
 -5 -7 -6 -5 -2  1  4  6  6  5  4  0 -4 * -3 -5 -5 -4 -1  1  3  4  4  4  3  0 -2
 5010.444 -251.584
-14-18-15 -9 -1  6 12 15 14  9  4 -4-12 * -7 -9 -8 -5 -1  3  7  9  9  6  3 -1 -5
 -5 -7 -7 -5 -2  1  4  6  7  6  4  0 -4 * -3 -4 -4 -3 -1  1  3  4  4  3  3  0 -2
 5010.444 -246.584
-16-21-19-12 -2  6 13 17 16 12  5 -3-13 * -6 -8 -8 -5 -1  3  7  8  8  5  2 -2 -5
 -6 -9 -9 -6 -3  1  5  7  8  7  5  0 -4 * -3 -4 -4 -3 -1  1  3  4  4  3  2  0 -2
 5010.444 -241.584
-16-21-20-13 -3  6 13 18 17 13  7 -2-12 * -6 -8 -7 -5 -1  3  6  8  7  5  1 -2 -5
 -6 -9 -9 -7 -3  1  5  8  9  8  5  1 -4 * -3 -4 -4 -3 -1  1  3  4  4  3  2  0 -2
 5010.444 -236.584
-17-23-21-14 -4  5 14 19 19 15  8 -2-13 * -5 -7 -6 -4 -1  3  6  7  7  4  1 -1 -4
 -6-10-10 -8 -4  1  5  8  9  8  5  1 -4 * -3 -4 -3 -2 -1  1  3  3  3  3  1  0 -2
 5010.444 -231.584
-19-25-24-16 -5  6 15 21 21 17  9 -2-14 * -6 -7 -7 -4 -1  3  6  8  7  5  1 -1 -4
 -7-11-11 -8 -4  1  6  9 10  9  6  1 -4 * -3 -4 -3 -2 -1  2  3  4  4  3  1  0 -2
 5010.444 -226.584
-20-26-25-18 -6  6 16 22 22 18 10 -2-15 * -6 -7 -7 -4  0  4  6  8  7  4  1 -2 -5
 -8-12-12 -9 -4  1  6 10 11 10  6  1 -5 * -3 -4 -3 -2 -1  2  3  4  4  3  1 -1 -2
 5010.444 -221.584
-21-28-27-19 -7  6 17 24 24 20 11 -2-16 * -6 -7 -7 -4  0  4  6  8  7  4  1 -2 -5
 -9-13-13-10 -4  1  7 11 12 11  7  1 -5 * -3 -4 -3 -2  0  2  3  4  4  3  1 -1 -2
 5010.444 -216.583
-22-30-29-21 -8  6 18 25 26 22 12 -2-17 * -5 -7 -6 -4  0  4  6  8  7  4  1 -2 -4
 -9-14-14-10 -5  1  8 12 13 11  7  1 -6 * -3 -4 -3 -2  0  2  3  4  3  2  1 -1 -2
 5010.445 -211.583
-23-31-30-22 -8  6 19 27 28 23 13 -1-17 * -5 -7 -6 -4  0  4  6  8  7  4  1 -2 -4
-10-14-14-11 -5  2  8 13 14 12  7  1 -6 * -3 -4 -3 -2  0  2  3  4  3  2  1 -1 -2
 5010.445 -206.583
-24-32-32-24 -9  7 20 28 30 25 14 -1-18 * -5 -6 -5 -3  0  4  6  7  6  3  1 -2 -4
-10-15-15-12 -5  2  9 13 15 13  8  1 -7 * -3 -3 -3 -1  0  2  3  3  3  2  1 -1 -2
 5010.445 -201.583
-24-32-33-25-10  6 20 29 30 26 15 -1-18 * -4 -6 -5 -3  0  4  5  6  5  3  0 -2 -4
-11-15-15-12 -6  2  9 14 15 13  8  1 -7 * -3 -3 -3 -1  0  2  3  3  3  2  0 -1 -2
 5010.445 -156.583
-25-34-34-26-11  6 21 30 32 28 16 -1-19 * -4 -5 -5 -3  0  3  5  6  5  3  0 -2 -3
-11-16-16-13 -6  2 10 15 16 14  9  1 -7 * -3 -3 -2 -1  1  2  3  3  3  2  0 -1 -2
 5010.445 -151.583
-25-34-35-27-12  6 22 31 33 29 17  0-18 * -3 -4 -5 -3  0  3  4  5  4  2  0 -2 -3
-11-16-17-13 -6  2 10 15 17 14  9  1 -7 * -3 -3 -2 -1  1  2  3  3  2  1  0 -1 -2
 5010.445 -146.583
-25-35-36-28-13  6 22 32 35 30 18  0-19 * -3 -3 -4 -3  0  3  3  4  3  1  0 -2 -2
-12-17-18-14 -7  2 11 16 18 15  9  1 -7 * -2 -2 -2  0  1  2  3  2  2  1  0 -2 -2
 5010.445 -141.583
-27-36-36-28-13  6 23 33 35 30 16  0-21 * -2 -3 -4 -3  0  2  3  5  5  3  1 -2 -1
-11-18-20-17 -9  0  9 16 18 16 11  1 -7 * -2 -2 -2 -1  0  1  2  3  3  2  1 -2 -1
 5010.445 -136.583
-26-35-36-28-13  6 23 33 35 30 16  1-20 * -1 -2 -3 -2  0  1  2  3  4  2  1 -1  0
-11-18-19-16 -9  0  9 16 18 16 10  1 -7 * -1 -1 -1 -1  1  1  2  2  2  1  1 -2 -1
 5010.445 -131.583
-26-36-38-30-15  5 23 34 37 32 18  2-19 *  0 -1 -2 -2 -1  0  0  2  3  2  0 -1  0
-12-18-19-16 -8  1 11 17 19 17 11  2 -7 * -1 -1 -1  0  1  1  1  1  1  1  0 -1 -1
 5010.445 -126.582
-26-36-38-30-15  5 23 35 38 32 18  3-19 *  1 -1 -2 -2 -1 -1  0  1  3  3  1  1  1
-11-18-19-16 -9  1 10 16 19 17 11  2 -7 *  0  0  0  0  1  1  1  1  1  1  0 -1  0
 5010.445 -121.582
-26-36-38-30-14  6 24 36 38 32 18  4-18 *  2 -1 -1 -2 -1 -1  0  2  4  4  3  2  2
-10-17-19-16-10  0  9 16 19 17 12  2 -6 *  0  0  0  0  0  1  1  1  2  2  1  0  0
 5013.944 -304.085
-13-15-12 -7  1  6 10 13 12  7  2 -5-11 * -8-10 -9 -6  0  4  7  9  9  6  3 -2 -6
 -5 -6 -6 -4 -1  2  3  5  6  4  4  0 -4 * -3 -5 -5 -4 -1  1  3  4  4  4  4  0 -2
 5013.944 -259.084
-13-16-13 -8  1  6 11 13 12  8  2 -4-11 * -7 -9 -9 -5  0  4  7  8  8  6  2 -2 -6
 -5 -7 -6 -4 -1  2  4  5  6  5  4  0 -4 * -3 -4 -4 -3 -1  1  3  4  4  3  3  0 -2
 5013.944 -254.084
-14-17-15 -9  0  6 12 14 13  9  3 -4-11 * -6 -8 -8 -5  0  3  6  8  8  5  2 -2 -5
 -5 -7 -7 -5 -2  1  4  6  7  5  4  0 -4 * -3 -4 -4 -3 -1  1  3  4  4  3  3  0 -2
 5013.944 -249.084
-15-20-18-11 -2  6 13 16 15 11  5 -3-12 * -6 -7 -7 -4  0  4  6  7  7  4  1 -2 -5
 -6 -8 -8 -6 -3  1  4  7  8  7  5  1 -4 * -3 -4 -3 -2 -1  1  3  3  3  3  2  0 -2
 5013.944 -244.084
-16-21-20-13 -3  5 13 17 17 14  7 -2-12 * -5 -6 -5 -3  0  4  5  6  6  3  0 -2 -4
 -6 -9 -9 -7 -3  1  5  8  9  8  5  1 -3 * -2 -3 -3 -2 -1  1  3  3  3  2  1  0 -2
 5013.944 -239.084
-16-22-21-14 -5  4 13 18 18 15  8 -1-11 * -5 -6 -5 -3  0  4  5  6  6  3  0 -2 -4
 -6-10-10 -8 -4  0  5  8  9  8  6  2 -3 * -2 -3 -3 -2 -1  1  3  3  3  2  1 -1 -2
 5013.944 -234.084
-17-23-22-15 -5  4 14 19 20 16  9 -1-12 * -5 -6 -5 -3  0  4  6  6  6  3  0 -2 -4
 -6-10-10 -8 -4  0  5  9 10  9  6  2 -3 * -2 -3 -3 -2 -1  1  3  3  3  2  1 -1 -2
 5013.944 -229.084
-18-25-24-17 -6  5 15 20 21 17 10 -1-13 * -5 -6 -5 -3  0  3  5  6  6  3  0 -2 -4
 -7-11-11 -9 -4  1  6  9 11 10  6  1 -4 * -2 -3 -3 -2  0  1  3  3  3  2  1 -1 -2
 5013.944 -224.084
-19-26-26-18 -6  5 16 22 23 19 11 -1-14 * -5 -6 -6 -4  0  3  5  7  6  3  1 -2 -4
 -8-12-12 -9 -4  1  6 10 11 10  7  1 -5 * -3 -3 -3 -2  0  1  3  3  3  2  1 -1 -2
 5013.945 -219.084
-21-28-27-20 -7  6 17 24 25 21 12 -1-15 * -5 -6 -6 -4  0  4  5  7  6  3  1 -2 -4
 -8-13-13-10 -5  1  7 11 12 11  7  1 -5 * -3 -3 -3 -2  0  2  3  3  3  2  1 -1 -2
 5013.945 -214.084
-22-29-29-21 -8  6 18 25 26 22 13 -1-16 * -5 -6 -5 -3  0  4  5  7  5  3  0 -2 -4
 -9-14-14-10 -5  2  8 12 13 11  7  1 -6 * -3 -3 -3 -2  0  2  3  3  3  2  1 -1 -2
 5013.945 -209.083
-23-31-31-23 -9  6 19 27 28 24 14 -1-17 * -4 -5 -5 -3  0  4  5  6  5  3  0 -2 -4
-10-14-14-11 -5  2  8 13 14 12  8  1 -6 * -3 -3 -3 -1  0  2  3  3  3  2  1 -1 -2
 5013.945 -204.083
-23-31-32-24-10  6 20 28 29 25 14 -1-17 * -4 -5 -5 -3  1  4  5  6  5  2  0 -2 -3
-10-15-15-12 -5  2  9 13 15 13  8  1 -7 * -3 -3 -2 -1  0  2  3  3  2  1  0 -1 -2
 5013.945 -159.083
-24-32-33-25-11  6 20 29 31 27 15 -1-18 * -4 -4 -4 -3  1  3  4  5  4  2  0 -2 -3
-11-16-16-12 -6  2  9 14 16 13  8  1 -7 * -2 -3 -2 -1  1  2  3  3  2  1  0 -1 -2
 5013.945 -154.083
-24-33-34-26-12  6 21 29 32 28 16  0-18 * -3 -4 -4 -3  1  3  4  5  3  2  0 -2 -3
-11-16-16-13 -6  2 10 15 16 14  9  1 -7 * -2 -2 -2 -1  1  2  3  2  2  1  0 -1 -2
 5013.945 -149.083
-24-33-34-27-12  6 21 30 33 29 17  0-18 * -3 -3 -4 -3  0  3  3  4  3  1  0 -2 -3
-11-16-17-13 -6  2 10 15 17 14  9  1 -7 * -2 -2 -2  0  1  2  3  2  2  1  0 -1 -2
 5013.945 -144.083
-24-33-35-27-13  5 21 30 34 30 17  0-18 * -2 -3 -3 -2  0  2  2  3  2  1 -1 -2 -2
-11-17-17-13 -6  2 10 16 17 15  9  1 -7 * -2 -2 -1  0  1  2  2  2  1  0 -1 -2 -2
 5013.945 -139.083
-24-33-35-28-14  5 21 31 34 30 18  1-18 * -1 -1 -2 -2  0  1  1  1  1  0 -1 -2 -1
-12-17-17-13 -6  2 11 16 17 15  9  1 -7 * -2 -1 -1  0  1  2  2  1  0  0 -1 -2 -2
 5013.945 -134.083
-25-35-37-29-15  4 21 32 37 32 19  1-18 *  0 -1 -2 -3 -2 -1 -1  1  1  0 -1 -1  0
-12-18-18-14 -7  3 12 17 19 16 10  1 -8 * -1 -1  0  0  1  2  1  1  0  0 -1 -1 -2
 5013.945 -129.083
-25-35-37-30-15  4 22 33 37 32 19  2-18 *  1  0 -2 -3 -2 -1 -1  0  1  1  0 -1  0
-12-18-19-15 -7  2 11 17 19 16 10  1 -8 * -1  0  0  0  1  1  1  0  0  0 -1 -1 -1
 5013.945 -124.082
-25-35-37-29-15  4 22 33 37 32 18  2-18 *  1  0 -2 -3 -2 -1 -1  1  2  2  1  1  1
-11-18-19-15 -8  1 10 17 19 16 10  1 -7 *  0  0  0  0  1  1  1  1  1  1  0 -1 -1
 5017.444 -306.585
-13-15-12 -6  2  8 11 13 11  5  0 -5-11 * -7 -9 -8 -5  0  4  7  8  8  5  2 -2 -6
 -5 -6 -5 -3 -1  2  4  5  5  4  2 -1 -4 * -3 -4 -4 -3 -1  1  2  3  4  3  3  0 -2
 5017.444 -301.585
-13-16-13 -7  2  7 11 13 11  7  1 -5-11 * -6 -8 -7 -4  0  3  6  8  7  5  2 -2 -5
 -5 -6 -6 -4 -1  2  4  5  6  4  3 -1 -4 * -3 -4 -4 -3 -1  1  2  3  4  3  2  0 -2
 5017.444 -256.584
-14-17-14 -8  0  6 11 14 13  8  3 -4-11 * -6 -7 -7 -4  0  3  6  7  7  4  1 -2 -5
 -5 -7 -6 -5 -2  1  4  6  6  5  3  0 -4 * -2 -4 -3 -2 -1  1  2  3  3  3  2  0 -2
 5017.444 -251.584
-15-19-17-10 -1  6 12 15 14 10  4 -3-11 * -5 -6 -5 -3  0  3  6  7  6  4  1 -2 -4
 -5 -8 -8 -6 -2  1  4  6  7  6  4  0 -4 * -2 -3 -3 -2 -1  1  2  3  3  2  2  0 -2
 5017.444 -246.584
-15-20-19-12 -3  5 12 17 16 13  7 -2-11 * -5 -5 -4 -2  1  4  5  6  5  3  0 -2 -4
 -5 -9 -9 -7 -3  1  4  7  8  7  5  1 -3 * -2 -3 -2 -2  0  1  2  3  3  2  1  0 -2
 5017.444 -241.584
-15-22-21-14 -5  4 13 18 18 16  9  0-10 * -5 -5 -4 -2  0  4  5  5  4  2  0 -2 -4
 -5-10-10 -8 -4  0  5  8  9  9  6  2 -3 * -2 -3 -2 -2  0  1  3  2  2  2  0 -1 -2
 5017.444 -236.584
-15-22-22-15 -6  3 13 18 19 17 10  1-10 * -4 -5 -4 -2  1  4  5  5  4  2 -1 -2 -4
 -5-10-10 -9 -5  0  5  8 10  9  7  3 -2 * -2 -3 -2 -1  0  1  3  2  2  1  0 -1 -1
 5017.445 -231.584
-17-23-23-16 -6  4 14 19 20 17 10  0-12 * -4 -5 -4 -2  0  4  5  5  4  2  0 -2 -3
 -6-11-11 -9 -5  0  5  9 10  9  7  2 -3 * -2 -3 -2 -1  0  1  2  2  2  1  0 -1 -2
 5017.445 -226.584
-18-25-25-17 -6  5 15 21 22 18 11  0-13 * -4 -5 -4 -3  0  3  4  5  4  2  0 -2 -3
 -7-11-12 -9 -4  1  6 10 11 10  7  2 -4 * -2 -3 -2 -1  0  1  2  2  2  1  0 -1 -2
 5017.445 -221.584
-20-27-27-19 -7  6 16 23 24 20 11 -1-15 * -4 -5 -5 -3  0  3  5  6  5  2  0 -2 -3
 -8-12-12-10 -5  1  7 11 12 11  7  1 -5 * -2 -3 -2 -2  0  1  2  3  2  2  1 -1 -2
 5017.445 -216.584
-21-28-28-20 -7  6 17 24 25 22 13  0-15 * -4 -5 -5 -3  0  3  5  6  5  3  0 -2 -3
 -9-13-13-10 -5  1  7 11 13 11  7  1 -5 * -2 -3 -2 -2  0  1  2  3  3  2  1 -1 -2
 5017.445 -211.584
-22-29-29-21 -8  6 18 25 27 23 13 -1-16 * -4 -5 -5 -3  1  3  5  6  5  3  0 -2 -3
 -9-14-14-11 -5  2  8 12 14 12  7  1 -6 * -2 -3 -2 -1  0  2  3  3  2  2  1 -1 -2
 5017.445 -206.583
-22-30-31-23 -9  6 19 27 28 24 14 -1-17 * -4 -5 -4 -3  1  3  5  6  4  2  0 -2 -3
-10-14-15-11 -5  2  8 13 14 12  8  1 -6 * -2 -3 -2 -1  0  2  3  3  2  1  0 -1 -2
 5017.445 -201.583
-23-31-32-24-10  6 20 27 29 25 15 -1-17 * -4 -5 -5 -3  1  3  4  6  4  2  0 -2 -3
-10-15-15-12 -5  2  9 14 15 13  8  1 -7 * -2 -3 -2 -1  1  2  3  3  2  1  0 -1 -2
 5017.445 -156.583
-23-32-32-25-10  6 20 28 31 27 15  0-18 * -3 -4 -4 -2  1  3  4  5  3  2  0 -2 -3
-11-15-16-12 -6  2  9 14 16 13  8  1 -7 * -2 -2 -2 -1  1  2  3  2  2  1  0 -1 -2
 5017.445 -151.583
-24-32-33-25-11  6 20 28 31 27 16  0-18 * -2 -3 -3 -2  1  3  3  3  2  1 -1 -2 -2
-11-16-16-12 -6  2 10 14 16 14  8  1 -7 * -2 -2 -1  0  1  2  2  2  1  0 -1 -1 -2
 5017.445 -146.583
-24-32-33-26-12  6 20 29 32 28 16  0-18 * -2 -2 -3 -2  1  3  2  3  2  0 -1 -2 -2
-11-16-16-13 -6  2 10 15 16 14  8  1 -7 * -2 -2 -1  0  1  2  2  2  1  0 -1 -2 -2
 5017.445 -141.583
-23-32-33-26-13  5 20 29 33 29 17  0-17 * -2 -2 -3 -2  0  2  2  2  1  0 -1 -2 -2
-11-16-17-13 -6  2 10 15 17 14  9  1 -7 * -2 -2 -1  0  1  2  2  1  1  0 -1 -2 -2
 5017.445 -136.583
-23-32-33-27-14  4 20 29 33 29 17  1-17 *  0 -1 -2 -2  0  1  0  0  0 -1 -1 -2 -1
-12-17-17-13 -6  2 11 16 17 14  9  1 -8 * -1 -1  0  0  1  2  1  0  0 -1 -1 -2 -1
 5017.445 -131.583
-24-34-36-29-16  3 20 31 36 32 19  1-18 *  0  0 -2 -3 -2 -1 -1  0  0 -1 -1 -1  0
-12-18-18-14 -7  3 11 17 18 15  9  1 -8 * -1  0  0  1  1  1  1  0  0 -1 -1 -1 -1
 5017.445 -126.583
-25-34-36-30-16  3 20 31 36 32 19  2-18 *  1  0 -2 -3 -2 -1 -2 -1  0  0 -1 -1  0
-12-18-18-14 -7  2 11 17 18 16 10  1 -8 * -1  0  0  1  1  1  1  0  0 -1 -1 -1 -1
 5017.445 -121.583
-24-34-36-29-17  2 20 31 36 32 19  4-18 *  1  0 -2 -3 -2 -1 -2 -1  0  0  0  0  0
-12-18-18-14 -7  2 11 17 18 16 10  2 -8 * -1  0  0  0  1  1  0  0  0  0 -1 -1 -1
