Saint-Malo                	
 4847.609 -200.081
-14 -6  9 24 28 22 12  2 -7-15-19-20-16 * -3 -3 -3 -1  1  2  4  5  4  2  0 -1 -3	
 -5  1  6 10 10  8  4  0 -3 -6 -8 -8 -7 * -2 -2 -2 -1  0  1  2  2  2  1  0 -1 -1	
 4847.609 -157.081
-14 -6  9 24 28 23 12  2 -7-15-20-20-17 * -2 -3 -3 -1  1  2  4  5  4  2  0 -1 -2	
 -5  1  6 10 11  8  4  0 -4 -7 -9 -9 -7 * -2 -2 -1 -1  0  1  2  2  2  1  0 -1 -1	
 4847.609 -154.081
-13 -6  9 24 28 22 12  1 -7-15-20-19-16 * -1 -2 -3 -2 -1  0  4  6  5  3  2  1  0	
 -4  1  7 10 10  8  3 -1 -4 -7 -9 -8 -7 * -1 -2 -2 -1  0  1  2  2  2  1  1  0 -1	
 4847.610 -151.081
-12 -5  9 22 26 21 11  1 -7-14-18-18-14 *  0 -1 -3 -4 -3 -1  3  6  5  5  4  2  1	
 -4  1  6 10 10  7  3 -1 -4 -6 -8 -8 -6 * -1 -2 -2 -2 -1  1  2  3  2  2  1  1  0	
 4847.610 -148.081
-10 -4  8 20 24 19 10  1 -6-12-16-15-12 *  1 -1 -3 -4 -5 -3  2  5  5  5  4  3  2	
 -3  1  6  9  9  6  3 -1 -3 -5 -7 -7 -5 * -1 -2 -2 -2 -1  0  2  2  2  2  2  1  0	
 4847.610 -145.081
 -9 -3  7 17 21 17  9  1 -5-11-13-13-11 *  0 -1 -3 -4 -5 -4  2  5  4  5  4  3  1	
 -3  1  5  7  8  5  2 -1 -3 -5 -6 -6 -4 * -1 -2 -2 -2 -2  0  2  2  2  2  1  1  0	
 4847.610 -142.080
 -9 -4  8 17 19 15  7  0 -5-10-13-13-11 * -2 -3 -3 -3 -5 -4  2  5  4  4  3  1 -1	
 -3  1  5  7  7  5  2 -1 -3 -5 -6 -6 -4 * -2 -2 -2 -2 -2  0  2  2  2  1  1  0 -1	
 4847.610 -139.080
 -6 -2  5 10 12 10  4 -1 -4 -7 -9 -8 -7 * -2 -3 -3 -3 -4 -5  2  5  3  4  3  1 -1	
 -2  1  3  5  5  3  1 -1 -2 -3 -4 -4 -3 * -2 -2 -2 -2 -1  0  2  2  1  1  1  0 -1	
 4847.610 -136.080
 -4 -1  4  7  8  5  2 -1 -2 -4 -5 -5 -4 * -3 -3 -1 -1 -3 -4  1  4  3  3  2  0 -3	
  0  1  2  3  3  1  0 -1 -1 -2 -2 -2 -1 * -2 -2 -2 -1 -1  1  2  2  1  1  0 -1 -2	
 4849.609 -158.581
-14 -6  9 23 27 22 12  2 -7-15-19-19-16 * -3 -4 -4 -2  1  2  5  6  5  4  1 -1 -2	
 -4  1  6 10 10  7  3 -1 -4 -7 -8 -8 -7 * -2 -3 -2 -1  0  1  3  3  2  2  1  0 -1	
 4849.609 -155.581
-13 -5  9 23 26 21 11  1 -7-14-19-19-15 * -2 -4 -4 -3  0  1  5  7  5  4  2  0 -2	
 -4  1  7 10 10  7  3 -1 -4 -6 -8 -8 -6 * -2 -3 -2 -2  0  1  3  3  2  2  1  0 -1	
 4849.610 -152.581
-12 -5  9 23 26 20 10  1 -7-14-18-18-14 * -1 -3 -3 -3 -2 -1  4  6  5  4  3  1 -1	
 -4  1  6 10 10  7  3 -1 -3 -6 -8 -8 -6 * -2 -2 -2 -2 -1  1  2  3  2  2  1  0 -1	
 4849.610 -149.581
-11 -4  9 22 25 20 11  2 -6-12-16-16-13 * -1 -2 -2 -2 -2 -1  3  6  5  4  2  1  0	
 -4  1  6  9  9  7  3  0 -3 -6 -7 -7 -5 * -1 -2 -2 -1  0  1  3  3  2  2  1  0 -1	
 4849.610 -146.581
-10 -4  7 19 22 18 10  2 -4-10-14-14-12 * -1 -2 -2 -1 -1  0  4  7  5  3  2  0 -1	
 -3  1  5  7  8  6  3  0 -2 -5 -6 -6 -5 * -2 -2 -2 -1  0  2  3  3  2  1  0 -1 -2	
 4849.610 -143.581
-10 -4  8 18 20 16  8  1 -4-10-13-13-11 * -3 -3 -3 -2 -2 -1  4  7  5  4  2  0 -2	
 -3  1  5  7  7  5  2  0 -2 -4 -6 -6 -5 * -2 -2 -2 -1  0  1  3  3  2  1  0 -1 -2	
 4849.610 -140.580
 -8 -4  7 14 16 12  7  1 -3 -8-11-11 -9 * -6 -7 -3  0  0 -1  5  8  4  3  1 -3 -5	
 -3  1  4  6  6  4  2  0 -2 -4 -5 -5 -4 * -4 -3 -2 -1  0  2  4  3  2  1 -1 -2 -3	
 4849.610 -137.580
 -1  1  6  8  9  7  1 -4 -4 -6 -6 -4 -2 * -6 -7 -3  1  1  0  7  9  4  2  0 -3 -5	
  1  2  3  3  3  1 -2 -2 -2 -3 -2 -1  0 * -5 -4 -2 -1  1  3  5  4  2  0 -2 -3 -5	
 4851.610 -200.081
-13 -5  9 23 27 21 12  2 -7-14-18-18-15 * -4 -5 -5 -1  2  3  6  8  6  4  2 -1 -3	
 -4  1  6 10 10  7  3  0 -3 -6 -8 -8 -6 * -2 -3 -3 -1  0  2  3  3  3  2  1 -1 -2	
 4851.610 -157.081
-11 -3 10 21 25 19 10  1 -7-14-17-17-13 * -3 -5 -6 -4  0  2  6  8  7  5  3  0 -2	
 -4  2  6  9  9  7  3 -1 -4 -6 -8 -7 -6 * -3 -4 -3 -2 -1  1  3  4  3  2  1  0 -2	
 4851.610 -154.081
 -8  0 11 20 23 17  9  0 -7-13-17-16-11 * -4 -6 -6 -5 -3  0  5  8  6  5  3  0 -2	
 -2  3  6  9  8  6  2 -1 -4 -6 -7 -7 -4 * -3 -4 -4 -3 -1  1  3  3  3  2  1  0 -2	
 4851.610 -151.081
 -5  3 13 22 23 17  7 -2 -8-14-17-14 -8 * -1 -2 -4 -6 -6 -4  1  5  5  5  4  3  0	
  0  5  8 10  8  5  1 -3 -5 -7 -7 -6 -3 * -1 -2 -2 -3 -2  0  2  2  2  2  2  1  0	
 4851.610 -148.081
 -8 -1 10 19 21 16 10  3 -4-10-14-14-11 * -2 -1  1  4  5  4  6  7  3  0 -3 -4 -2	
 -3  2  6  8  8  6  3  0 -2 -5 -6 -6 -5 * -2  0  1  2  3  4  4  3  1  0 -1 -2 -2	
 4851.610 -145.081
-12 -8  5 18 19 15 10  4 -2 -8-12-13-13 * -8 -6  1  7  7  6  8  9  5  1 -3 -6 -8	
 -5 -2  3  7  7  6  4  2 -1 -3 -5 -6 -6 * -4 -3  0  2  3  4  5  4  2  0 -2 -3 -4	
 4851.610 -142.081
-13 -9  5 16 18 14  9  4 -2 -7-11-13-13 * -9-10 -4  3  4  4  8 10  6  3 -1 -4 -8	
 -5 -1  3  6  7  5  3  1 -1 -3 -5 -6 -6 * -5 -5 -2  0  2  4  5  4  2  0 -1 -3 -5	
 4851.610 -139.081
 -6 -3  6 11 11  8  5  2 -1 -4 -7 -8 -7 * -9-11 -5  1  2  2  8 11  6  3  0 -5 -8	
 -2  1  3  4  4  3  2  0 -1 -2 -3 -4 -3 * -6 -5 -2 -1  1  4  6  5  3  1 -1 -3 -5	
 4851.610 -136.080
 -5 -3  3  6  6  5  5  4  1 -2 -4 -5 -5 * -5 -5 -1  5  5  5  8  6  1 -2 -4 -5 -6	
 -2 -1  1  2  2  3  2  2  0 -1 -2 -3 -3 * -4 -3  0  2  3  4  5  3  0 -1 -3 -4 -4	
 4853.610 -158.581
 -9 -4  6 17 20 15  8  0 -6-12-14-13-11 * -7 -8 -7 -2  4  6  9 11  8  5  2 -2 -5	
 -3  1  5  7  7  6  3  0 -3 -5 -6 -6 -5 * -4 -5 -4 -2  0  3  5  5  4  3  1 -1 -3	
 4853.610 -155.581
-11 -7  3 17 20 15  9  2 -5-11-13-13-12 *-10-11 -8 -2  3  5 10 12  9  5  0 -5 -8	
 -4 -1  4  7  7  6  3  0 -2 -4 -6 -6 -5 * -6 -6 -4 -1  1  3  5  5  4  2  0 -2 -5	
 4853.610 -153.081
 -6 -4  1  9 12 10  6  1 -3 -6 -6 -5 -6 *-13-15 -9 -1  3  5 11 14  9  4 -2 -6-11	
 -3 -1  2  4  4  4  2  1 -1 -3 -3 -3 -3 * -8 -8 -5 -2  1  5  7  7  5  2 -1 -5 -7	
 4853.610 -149.581
  0  0  1  7 12  9  3 -2 -5 -8-10  0  0 *  0  0  0 -4  1  3  9  9  7  6  4  0  0	
 -3 -1  4  6  5  3  1  0 -2 -3 -5 -5 -4 * -3 -3 -2  0  1  4  6  4  3  1  0 -1 -2	
 4853.610 -146.581
  0  0  3  6  8  5  0 -1 -3 -6 -7  0  0 *  0  0 -3 -1 -1  1 10 14 10  7  3  0  0	
 -1  1  3  4  4  2  1  0 -1 -2 -3 -3 -2 * -7 -6 -3  0  2  6  8  7  5  3  0 -3 -6	
 4853.610 -143.581
  0  4  5  7  7  4  2  1 -2 -5 -7 -6 -2 *-11-13 -8  0  0  1 10 14 10  7  3 -3 -9	
  0  3  4  4  3  2  1  0 -1 -2 -3 -2 -1 * -8 -8 -4 -1  2  5  8  8  5  3  0 -3 -6	
 4853.610 -140.581
 -5 -2  7 13 12  8  4  1 -3 -6 -8 -8 -7 * -9-10 -7 -1  2  3  9 12  7  4  1 -3 -7	
 -1  2  4  5  5  3  1  0 -1 -3 -3 -3 -2 * -6 -6 -3 -1  1  4  6  6  4  2 -1 -3 -5	
 4853.610 -137.581
 -6 -2  7 11 10  7  4  1 -2 -4 -6 -7 -6 * -8 -8 -4  1  3  4  9 10  5  2 -2 -6 -7	
 -1  1  3  4  4  3  1  0 -1 -2 -3 -3 -2 * -6 -5 -2  0  2  5  6  5  3  0 -2 -4 -5	
 4855.610 -200.081
 -9 -6  2 11 13  8  3 -1 -5 -9-11-11-10 *-10-12 -8  1  6  6 10 13  9  6  1 -4 -8	
 -4 -1  3  5  5  4  2  0 -2 -3 -5 -5 -5 * -5 -6 -4 -1  2  4  7  7  5  3  1 -2 -4	
 4855.610 -157.081
-12 -8  3 14 17 12  6  0 -5-10-13-14-13 * -8-10 -9 -3  3  6 11 13 10  7  2 -2 -7	
 -4 -1  3  6  6  5  3  0 -2 -4 -5 -6 -5 * -5 -6 -4 -2  0  3  6  6  5  3  1 -1 -4	
 4855.610 -154.081
-12 -9  2 13 16 11  6  0 -4 -9-12-13-13 * -8-10 -8 -3  0  3  9 12  9  5  0 -4 -7	
 -4 -1  3  6  6  4  2  0 -1 -3 -5 -6 -5 * -5 -6 -4 -2  0  3  5  5  4  2  0 -2 -4	
 4855.610 -151.081
-18-13  1 18 21 15  8  2 -5-11-16-17-18 * -6 -7 -6 -1  2  3  9 10  6  3  0 -2 -5	
 -7 -3  3  7  7  6  4  1 -1 -4 -7 -8 -8 * -4 -4 -3 -1  1  3  5  5  3  1  0 -2 -3	
 4855.610 -148.081
-10 -6  5 16 18 13  6 -1 -7-11-13-13-11 * -2 -3 -4 -4 -2  0  6  8  5  4  2  0 -1	
 -3  1  4  6  6  4  2 -1 -3 -5 -6 -6 -4 * -4 -4 -3 -1  0  2  4  4  2  1  0 -1 -3	
 4855.610 -145.081
 -6 -1  8 16 16 11  4 -3 -7-10-11-11 -8 * -3 -5 -7 -5 -3  0  6 10  7  6  4  1 -2	
 -1  3  5  7  6  4  0 -2 -4 -5 -5 -5 -3 * -4 -5 -4 -2  0  3  5  5  4  3  1 -1 -3	
 4855.610 -142.081
 -5  0  9 15 15  9  3 -3 -6 -8-10-10 -7 * -6 -9 -9 -5 -2  1  8 12  9  6  3 -1 -5	
 -1  3  5  6  5  3  0 -2 -3 -4 -4 -4 -2 * -6 -6 -4 -2  0  4  7  7  5  3  1 -2 -4	
 4855.610 -139.081
 -6 -3  6 11 12  7  3 -1 -4 -6 -8 -8 -7 * -9-10 -7  0  2  3 10 12  7  4  0 -4 -7	
 -1  2  4  5  4  2  0 -1 -2 -3 -3 -3 -2 * -7 -6 -3 -1  2  5  7  6  4  2 -1 -4 -6	
 4855.610 -136.081
 -3 -2  1  7  8  4  2 -1 -2 -4 -5 -6 -4 * -4 -4 -2  6  7  7 11 11  5  2 -3 -6 -4	
 -1  1  2  3  2  1  0 -1 -1 -2 -2 -2 -2 * -6 -5 -1  2  4  6  7  5  3  0 -3 -5 -6	
 4857.610 -158.581
-10 -6  4 12 13  7  0 -4 -7-10-12-12-11 * -5 -8 -9 -7 -3  0  6 11 10  8  5  1 -3	
 -3  0  4  5  5  3  1 -1 -2 -4 -5 -5 -5 * -4 -5 -5 -4 -2  2  5  6  5  4  2  0 -3	
 4857.610 -155.581
-11 -8  1 11 14 10  4 -1 -5 -8-10-11-11 * -7-11-12 -7 -1  2  9 13 11  8  4  0 -5	
 -4 -1  3  5  5  4  2  0 -1 -3 -4 -5 -5 * -5 -7 -5 -4 -1  3  6  6  5  4  2 -1 -4	
 4857.610 -152.581
 -8 -5  3 10 12  8  3 -1 -4 -8-10-10 -9 * -6-10-13-10 -5  1  9 13 11  8  4  1 -4	
 -3  0  3  4  4  3  1  0 -1 -3 -4 -4 -4 * -5 -7 -6 -4 -1  3  6  7  5  4  2 -1 -4	
 4857.610 -149.581
-10 -6  5 14 15  9  4  0 -5 -9-12-13-11 * -4 -7-10 -8 -5 -1  7 11  9  7  4  1 -3	
 -3  0  4  5  5  3  1  0 -2 -4 -5 -5 -4 * -5 -6 -5 -4 -1  2  6  6  5  3  1 -1 -4	
 4857.610 -146.581
 -8 -5  5 13 14  9  4  0 -5 -9-11-11 -9 * -6 -9-10 -6 -4  0  7 12  8  6  3  0 -4	
 -3  0  4  5  5  3  1 -1 -2 -4 -5 -5 -4 * -6 -7 -5 -3  0  3  6  7  5  3  1 -2 -4	
 4857.610 -143.581
 -7 -4  6 14 14  9  4 -1 -5 -9-10-10 -8 * -7-10 -9 -5 -2  1  9 12  9  7  3 -1 -5	
 -2  1  4  5  5  3  1 -1 -2 -4 -5 -4 -3 * -6 -7 -5 -2  1  4  7  7  5  3  1 -2 -5	
 4857.610 -140.581
 -5 -1  9 14 13  7  2 -3 -6 -8 -9 -8 -6 * -6 -8 -9 -5 -2  2  9 12  9  6  3 -1 -5	
  0  3  5  5  4  2 -1 -2 -3 -3 -4 -3 -1 * -6 -7 -5 -2  1  4  7  7  5  3  0 -2 -5	
 4857.610 -137.581
 -3 -2  4 10  9  4  0 -3 -5 -6 -7 -6 -5 * -6 -7 -7 -1  1  4 11 12  8  5  1 -2 -5	
  0  3  4  4  3  1 -1 -2 -2 -3 -3 -2 -1 * -6 -6 -3 -1  3  6  8  7  4  2 -1 -3 -5	
 4857.610 -134.581
  0  0  2  1  4  1  0 -1 -1 -1 -3  0  0 *  0  0  0  1  4  7 11  8  3  0 -3  0  0	
 -1  0  2  1  1  0 -1 -1 -1 -1 -1 -1 -1 * -1  0  2  2  4  5  5  3  1 -1 -2 -2 -2	
 4859.610 -200.081
 -8 -3  9 16 16 10  2 -5 -9-11-12-11 -9 *  0 -8-17-18-13 -7  3 11 13 14 13  9  3	
 -2  2  6  7  5  3  0 -2 -4 -5 -5 -5 -3 * -3 -7 -8 -8 -5 -1  4  6  7  7  6  3  0	
 4859.610 -157.081
-10 -6  4 12 13  8  2 -3 -6 -9-11-11-11 * -4 -9-13-10 -6 -2  6 12 12 12  9  5 -1	
 -3  0  4  5  4  2  0 -1 -2 -3 -4 -5 -4 * -4 -7 -7 -5 -2  2  5  7  6  6  4  1 -2	
 4859.610 -154.081
-10 -6  4 13 15  9  3 -2 -6 -9-11-11-10 * -4 -9-14-13 -7 -1  7 12 11 10  7  3 -2	
 -3  0  3  5  5  3  1 -1 -2 -3 -4 -5 -4 * -5 -7 -7 -5 -3  2  5  6  5  4  3  0 -3	
 4859.610 -151.081
-10 -6  4 13 15 10  5 -1 -5 -9-11-11-10 * -5 -9-12-12 -8 -2  7 12 11  9  6  2 -3	
 -3  0  3  5  5  3  1  0 -2 -3 -4 -5 -4 * -5 -7 -6 -5 -2  2  5  6  5  4  2  0 -3	
 4859.610 -148.081
 -9 -5  5 14 15 10  4 -1 -5 -8-11-11-10 * -5 -9-12-10 -7 -2  7 12 10  8  5  2 -3	
 -3  0  4  5  5  3  1 -1 -2 -3 -4 -4 -4 * -6 -7 -6 -4 -1  3  6  7  5  4  2 -1 -4	
 4859.610 -145.081
 -8 -5  5 14 14  9  3 -1 -5 -8-10-10 -9 * -7-11-12 -9 -6 -1  8 13 10  8  4  0 -5	
 -2  1  4  5  5  3  1 -1 -2 -3 -4 -4 -3 * -7 -8 -6 -4 -1  4  7  8  6  4  1 -2 -5	
 4859.610 -142.081
 -5 -1  7 13 12  7  2 -3 -5 -8 -9 -9 -6 * -7-11-12 -9 -5  0 10 14 10  8  4  1 -4	
  0  2  4  5  4  2  0 -2 -3 -3 -4 -3 -2 * -7 -9 -6 -4  0  5  8  8  6  4  1 -2 -6	
 4859.610 -139.081
 -3  1  8 13 11  5  0 -4 -6 -7 -8 -7 -4 * -6 -7 -7 -4 -3  2 11 14 10  7  3 -1 -5	
  1  3  4  4  3  1 -2 -3 -3 -3 -3 -2 -1 * -7 -7 -5 -2  2  6  9  8  5  3  0 -3 -6	
 4859.610 -136.081
  0  0 -1  8  5  3  1 -4 -5 -4 -4  0  0 *  0  0  0 -1  2  7 13 13  7  4 -2  0  0	
 -1  1  1  2  1  0 -1 -2 -2 -2 -1 -1 -1 * -3 -1  1  2  5  7  8  6  3  0 -3 -4 -3	
 4901.610 -158.581
-14 -8 12 29 29 20  9 -1-10-15-18-18-16 *  2 -3-10-13-11 -5  3  8 10 11 11  8  4	
 -4  1  7 11 10  7  3 -1 -4 -6 -8 -7 -6 * -1 -4 -6 -6 -4  0  3  5  5  5  4  3  0	
 4901.610 -155.581
-12 -7  9 25 26 18  9  0 -8-13-15-15-13 * -1 -5-11-12 -9 -4  4 10 11 11  9  6  1	
 -4  0  6  9  8  6  3  0 -3 -5 -7 -6 -5 * -3 -5 -6 -5 -3  1  4  5  5  5  4  2 -1	
 4901.610 -152.581
-11 -8  5 19 21 15  8  1 -6-10-12-13-12 * -5 -9-12-12 -8 -3  6 11 11 10  7  3 -2	
 -4 -1  4  7  7  5  3  0 -2 -4 -5 -6 -5 * -5 -7 -6 -5 -2  1  5  6  5  4  3  0 -3	
 4901.610 -149.581
-10 -7  4 16 18 12  7  0 -5 -9-11-12-10 * -5-10-13-12 -8 -2  7 12 11  9  6  2 -3	
 -3  0  4  6  6  4  2  0 -2 -4 -5 -5 -4 * -6 -8 -7 -5 -2  2  6  7  6  4  2 -1 -4	
 4901.610 -146.581
 -9 -7  4 14 16 11  5  0 -5 -8-10-11-10 * -7-10-12-10 -6 -1  8 13 10  8  5  1 -4	
 -3  0  3  5  5  3  2  0 -2 -3 -4 -5 -4 * -7 -8 -7 -4 -1  3  7  8  6  4  2 -1 -5	
 4901.610 -143.581
 -5 -2  6 13 12  7  3 -2 -5 -7 -9 -9 -7 * -7-11-14-12 -7  0 10 14 11  9  5  1 -4	
 -1  2  4  5  4  2  0 -1 -2 -3 -4 -3 -2 * -7 -9 -7 -5 -1  4  8  9  6  4  2 -2 -5	
 4901.610 -140.581
 -5 -2  6 14 11  6  1 -2 -5 -6 -7 -8 -6 * -7 -9 -9 -6 -5  1 11 15 11  7  3 -1 -5	
 -1  2  4  5  4  2  0 -2 -2 -3 -3 -3 -2 * -7 -8 -5 -3  0  5  9  8  6  3  1 -3 -6	
 4901.610 -137.581
  0  0  6  9  7  3  0 -3 -3 -4 -4  0  0 *  0  0 -5 -3  0  5 13 15  9  6  2  0  0	
  0  2  3  3  2  0 -1 -1 -1 -2 -2 -2 -1 * -6 -6 -3 -1  3  7  9  8  5  2 -1 -4 -5	
 4903.610 -200.081
-18 -9 11 30 31 22 12  3 -9-18-22-23-20 *  0 -2 -4 -6 -6 -3  3  6  7  7  6  4  1	
 -6 -1  7 11 11  8  5  1 -3 -7 -9-10 -8 * -1 -3 -3 -3 -2  0  2  3  3  3  2  1  0	
 4903.610 -157.081
-16-10  9 28 30 21 12  3 -7-15-19-20-18 * -2 -5 -8 -8 -6 -2  4  8  9  9  7  4  0	
 -6 -1  6 10 10  8  5  1 -2 -6 -8 -9 -8 * -3 -5 -5 -4 -2  1  4  5  4  4  3  1 -1	
 4903.610 -154.081
-13 -9  6 22 24 17 11  4 -5-11-15-15-14 * -5 -8-10 -8 -5 -1  6 11 10  8  6  2 -3	
 -5 -1  4  8  8  6  4  1 -2 -4 -6 -7 -6 * -5 -6 -6 -4 -2  2  5  6  5  4  2  0 -3	
 4903.610 -151.081
-11 -8  5 19 20 15  9  3 -4-10-13-13-12 * -6-10-12-10 -6  0  8 12 10  9  5  1 -4	
 -4 -1  4  6  7  5  3  1 -1 -4 -5 -6 -5 * -6 -8 -6 -4 -1  3  6  7  6  4  2 -1 -4	
 4903.610 -148.081
-10 -8  3 15 17 12  7  3 -3 -8-11-12-11 * -8-11-12 -9 -5  1  9 13 11  8  5  0 -5	
 -4 -1  3  5  5  4  3  1 -1 -3 -4 -5 -4 * -7 -8 -6 -4 -1  4  7  8  6  4  2 -2 -5	
 4903.610 -145.081
 -6 -4  2 10 12  8  4  0 -3 -6 -8 -8 -7 * -8-13-14-11 -5  1 10 15 12  9  5  1 -5	
 -2  0  2  3  3  2  1  0 -1 -2 -3 -3 -3 * -8-10 -8 -5 -1  4  8  9  7  5  2 -2 -5	
 4903.610 -142.081
 -3 -1  4 10 10  6  2 -2 -4 -6 -7 -7 -5 * -9-12-15-13 -8  1 12 16 13  9  5  0 -6	
 -1  1  3  3  3  1  0 -1 -2 -3 -3 -3 -1 * -9-11 -8 -5 -1  5  9 10  7  5  2 -2 -7	
 4903.610 -139.081
 -6 -4  7 14  8  4  1 -2 -4 -5 -7 -7 -7 * -8 -6 -1  0 -3  3 14 16 10  6  2 -3 -8	
 -1  1  2  2  2  1  0 -1 -2 -2 -3 -2 -2 * -7 -7 -4 -1  3  7 10  9  5  3 -1 -4 -7	
 4905.610 -152.581
-11 -8  2 14 16 11  9  5 -1 -7-11-12-12 *-11-17-16 -8 -3  3 12 16 13 10  6  0 -8	
 -5 -2  2  5  5  5  4  3  1 -2 -4 -5 -5 * -9-11 -8 -5  0  5  9 10  7  5  2 -2 -7	
 4905.610 -149.581
 -7 -3  5 14 14  9  5  2 -3 -8-11-11 -9 * -7-11-14-13 -8  0 11 15 13 10  7  2 -4	
 -2  1  3  5  4  3  2  0 -1 -3 -4 -4 -3 * -7 -9 -8 -6 -2  3  8  9  7  5  2 -1 -5	
 4905.610 -146.581
 -8 -7  1  9 10  6  4  2 -2 -6 -8 -9 -8 * -8-11-11 -7 -4  1 11 15 12  9  5  1 -5	
 -3 -1  1  3  3  2  2  1  0 -2 -3 -4 -3 * -7 -9 -6 -4  0  5  9  9  7  5  2 -1 -5	
 4905.610 -143.581
 -6 -5 -2  5  7  5  3  2 -1 -3 -5 -6 -6 *-10-14-16-11 -5  2 12 16 13  9  4 -1 -7	
 -2 -2  0  2  2  2  1  1  0 -1 -2 -2 -3 * -8-10 -8 -5 -1  5  9 10  7  5  2 -2 -6	
 4905.610 -140.581
 -7 -6 -3  4  6  4  2  1 -2 -3 -5 -6 -6 * -7-10-13-12 -7  2 13 17 12  8  3 -1 -6	
 -3 -2  0  1  2  1  1  1  0 -1 -2 -3 -3 * -9-10 -8 -5  0  6 10 10  7  4  0 -4 -7	
 4905.610 -137.581
  0  0  2  2  2  1  1  1  0 -1 -2  0  0 *  0  0 -9 -8 -4  6 16 17 11  7  3  0  0	
 -1 -1  0  1  1  1  1  0  0  0 -1 -1 -1 * -7 -8 -6 -3  2  8 11  9  6  3 -1 -4 -6	
 4907.610 -154.081
 -6 -3  5 13 13  8  4  3 -1 -5 -9 -9 -8 *-12-18-17-11 -5  2 13 19 16 13  8  2 -8	
 -2  0  3  5  5  3  2  2  1 -1 -2 -3 -2 *-11-13-10 -6  0  6 11 12  9  6  3 -2 -8	
 4907.610 -151.081
 -7 -5  2 11 12  8  3  2 -1 -5 -7 -8 -7 *-10-16-17-12 -7  1 13 19 16 12  7  2 -7	
 -2  0  2  4  4  3  1  1  0 -1 -2 -3 -2 * -9-12 -9 -6 -1  5 10 12  9  6  3 -1 -7	
 4907.610 -148.081
 -6 -3  4 11 11  7  2  0 -2 -5 -7 -7 -6 * -7-12-16-13 -8  1 12 17 15 11  7  2 -4	
 -1  1  3  4  3  2  0  0  0 -1 -2 -2 -1 * -8-11 -9 -6 -2  4 10 11  9  6  3 -1 -6	
 4907.610 -145.081
 -4  0  8 14 12  6  0 -2 -4 -6 -7 -7 -5 * -7-13-16-15 -9  0 11 18 16 12  8  3 -4	
  0  3  5  5  4  1 -1 -2 -2 -2 -2 -2 -1 * -8-11 -9 -6 -2  4  9 11  9  7  3  0 -5	
 4907.610 -142.081
 -5 -3  2  8  8  5  2  0 -2 -3 -5 -6 -5 * -7-11-12-11 -6  1 11 15 12  8  4  0 -5	
 -1  0  2  3  3  2  1  0 -1 -1 -2 -2 -2 * -7 -9 -7 -5 -1  4  8  9  7  4  2 -2 -5	
 4907.610 -139.081
 -6 -5  2  9  8  5  2  0 -2 -4 -5 -6 -6 * -3 -5 -7 -7 -4  3 10 13  9  6  3  0 -3	
 -1  0  2  3  2  1  0  0 -1 -2 -2 -2 -2 * -5 -6 -5 -3  0  4  7  7  5  3  1 -2 -4	
 4909.610 -152.581
 -4  0  8 15 15  8  1 -3 -5 -7 -8 -8 -5 * -6-11-14-13 -9 -1 11 18 17 13  9  4 -3	
  1  3  6  6  5  2 -1 -2 -2 -2 -2 -2 -1 * -7-10 -9 -6 -2  4 10 12 10  7  4  0 -5	
 4909.610 -149.581
 -4  0  7 14 13  8  1 -3 -5 -7 -8 -7 -5 * -5-10-13-12 -8 -1 10 16 15 12  8  4 -3	
  1  3  5  6  5  2 -1 -2 -3 -3 -3 -2 -1 * -7 -9 -8 -6 -2  4  9 10  8  6  3  0 -4	
 4909.610 -146.581
 -3  1  8 14 13  7  0 -5 -7 -8 -8 -7 -4 * -5-10-14-15-10 -1 10 16 15 12  9  4 -2	
  1  3  5  6  4  1 -2 -3 -4 -4 -3 -2  0 * -6 -9 -9 -7 -3  3  8 10  9  7  4  0 -4	
 4909.610 -143.581
 -2  1  7 12 12  6  0 -4 -6 -7 -7 -6 -4 * -6-10-13-12 -8  0 10 15 14 11  7  2 -3	
  1  3  5  5  4  1 -2 -3 -3 -3 -3 -2  0 * -6 -9 -8 -6 -2  3  8  9  8  6  3  0 -4	
 4909.610 -140.581
 -3 -1  3  7  7  3  0 -2 -3 -4 -4 -4 -3 * -7-10-12-10 -5  2 11 15 12  8  4  0 -5	
  0  1  3  3  2  1 -1 -1 -2 -2 -2 -1 -1 * -7 -8 -7 -4  0  5  8  9  7  4  2 -2 -5	
 4909.610 -137.581
  0  0  3  7  5  2  0 -1 -2 -3 -3  0  0 *  0  0 -4 -3 -2  4 10 11  8  4  1  0  0	
  0  2  3  3  2  0  0 -1 -1 -1 -1 -1  0 * -4 -4 -3 -1  1  5  7  6  4  2  0 -3 -4	
 4911.610 -154.081
 -4  1  8 15 16  9  1 -5 -8 -9 -9 -8 -5 * -4 -9-13-14-12 -5  8 17 17 14 10  5 -2	
  1  4  6  7  5  2 -2 -4 -4 -4 -4 -3 -1 * -6 -9 -9 -7 -3  3  9 11 10  7  4  1 -4	
 4911.610 -151.081
 -3  2 11 18 18 10  1 -6 -9-10-10 -9 -5 * -3 -8-13-14-11 -3  8 16 16 13 10  5 -1	
  1  5  7  8  6  2 -2 -4 -5 -5 -5 -3 -1 * -5 -8 -9 -7 -3  3  8 10  9  7  4  1 -3	
 4911.610 -148.081
 -3  1  9 16 15  9  1 -6 -9-10-10 -8 -4 * -4 -9-12-13-10 -2  9 15 15 12  8  4 -2	
  1  4  6  7  5  2 -2 -4 -5 -5 -4 -3 -1 * -5 -8 -8 -6 -2  3  7  9  8  6  4  1 -3	
 4911.610 -145.081
 -3  1  9 16 15  8  1 -5 -8 -9 -9 -8 -4 * -5 -9-11-10 -7  0 10 14 13 10  7  3 -3	
  1  4  6  7  5  2 -2 -4 -5 -5 -4 -3 -1 * -5 -7 -7 -5 -1  4  7  9  7  6  3  0 -4	
 4911.610 -142.081
 -1  2  9 13 12  5 -2 -6 -8 -8 -8 -6 -3 * -6 -9-11-10 -6  2 10 14 13 10  6  2 -4	
  2  4  6  5  3  0 -3 -4 -4 -4 -3 -2  0 * -6 -8 -7 -5 -1  4  8  8  7  5  3 -1 -4	
 4911.610 -139.081
 -1  0  4  7  6  2 -3 -5 -6 -6 -5 -4 -2 * -6 -7 -8 -7 -4  3 11 12 10  7  3 -1 -5	
  1  2  3  3  1 -1 -2 -3 -3 -3 -2 -1  0 * -6 -7 -5 -3  0  5  7  7  5  4  1 -2 -5	
 4913.610 -158.581
 -3  3 14 24 24 14  2-10-14-15-14-11 -6 *  2 -6-19-29-27-13  7 19 22 21 19 14  5	
  2  7 10 11  8  3 -3 -7 -8 -7 -6 -4  0 * -5-10-13-13 -8  0  8 12 11  9  7  3 -2	
 4913.610 -155.581
 -4  2 13 22 22 13  3 -8-13-14-14-11 -6 * -1 -6-13-18-18 -9  4 14 17 16 13  8  2	
  1  5  9 10  8  4 -2 -6 -8 -8 -7 -5 -2 * -5 -8 -9 -8 -5  1  7  9  9  7  5  2 -2	
 4913.610 -152.581
 -4  2 12 20 19 10  1 -8-13-15-14-11 -6 * -2 -7-12-15-12 -4  7 15 16 14 11  6  0	
  1  5  8  9  6  2 -2 -6 -8 -8 -7 -5 -1 * -5 -8 -8 -7 -3  2  7  9  9  7  5  2 -3	
 4913.610 -149.581
 -4  2 11 18 17  8  0 -7-12-13-12-10 -6 * -4 -8-12-13-10 -2  9 15 15 12  9  4 -2	
  1  5  7  8  6  2 -2 -5 -7 -7 -6 -4 -1 * -5 -8 -8 -6 -2  3  7  9  8  6  4  1 -3	
 4913.610 -146.581
 -3  1  8 14 13  7  0 -6 -9-10 -9 -8 -4 * -5 -8 -9 -9 -6  1 10 14 12 10  6  2 -3	
  1  4  6  6  4  1 -2 -4 -5 -5 -4 -3 -1 * -5 -7 -6 -4 -1  4  7  8  7  5  3  0 -4	
 4913.610 -143.581
 -2  2  8 12 11  5 -1 -6 -8 -8 -8 -6 -3 * -5 -7 -8 -7 -4  3 11 13 11  8  5  1 -3	
  1  4  5  5  3  1 -2 -4 -4 -4 -4 -2  0 * -5 -6 -5 -3  0  4  7  8  6  4  2 -1 -4	
 4913.610 -140.581
  0  0  6  9  7  1 -4 -7 -7 -6 -5  0  0 *  0  0 -9 -8 -4  5 13 15 12  9  5  0  0	
  2  3  4  3  1 -1 -3 -4 -4 -3 -2  0  1 * -7 -7 -6 -3  1  6  8  8  6  4  2 -2 -5	
 4915.610 -200.082
 -8  2 20 32 30 16  1-12-20-23-23-18-11 *  2 -4-14-21-21-10  3 13 17 17 15 11  5	
  0  8 13 14 10  4 -2 -8-10-11-10 -7 -3 * -3 -7-10-10 -6 -1  5  8  9  8  6  3 -1	
 4915.610 -157.082
 -7  4 21 28 23 10 -3-13-20-23-22-18-10 *  0 -5-12-18-17 -8  5 13 16 15 13  9  3	
  2  9 12 12  7  2 -4 -9-11-11-10 -7 -2 * -4 -7 -9 -8 -5  1  6  9  9  7  5  2 -2	
 4915.610 -154.081
 -5  2 11 14 11  2 -6-10-14-16-15-12 -7 * -2 -6 -8 -9 -8 -1  9 14 15 13 10  5  0	
  1  5  7  6  3 -1 -4 -6 -8 -8 -7 -5 -2 * -5 -7 -6 -4 -1  4  8  9  8  6  4  1 -3	
 4915.610 -151.081
 -3  2  9 14 11  3 -4 -8-12-13-12-10 -5 * -5-10-13-15-12 -4  9 17 16 13  9  4 -3	
  1  4  6  5  3  0 -3 -5 -6 -6 -6 -4 -1 * -7 -9 -9 -7 -3  4  9 10  9  6  4  0 -5	
 4915.610 -148.081
 -2  2  7 11  8  1 -5 -7-10-10-10 -7 -4 * -6-11-12-12 -9 -1 11 17 16 12  8  3 -4	
  1  4  5  4  2 -1 -3 -5 -5 -5 -4 -3  0 * -7 -9 -8 -5 -1  5  9 10  8  6  3 -1 -5	
 4915.610 -145.081
 -2  0  4  9  7  1 -3 -6 -8 -8 -7 -5 -3 * -8-11-11-10 -7  2 13 16 14 10  6  2 -5	
  1  3  4  3  2 -1 -3 -4 -4 -4 -3 -2  0 * -7 -8 -7 -4  0  6  9  9  7  5  2 -2 -6	
 4915.610 -142.081
  1  2  5  7  5  0 -5 -6 -6 -6 -5 -3  0 * -8 -9 -9 -8 -4  4 14 15 12  8  5  0 -6	
  2  3  3  3  1 -2 -3 -4 -3 -3 -2  0  2 * -7 -7 -6 -3  1  6  9  8  6  4  1 -2 -6	
 4917.610 -158.582
 -3  0  1  5  8  4 -5 -8-11-12-11 -8 -4 * -4-12-21-28-25-10  9 21 24 22 18 11  1	
  0  1  2  2  1 -2 -4 -4 -5 -5 -4 -3 -1 * -9-13-14-12 -6  2 11 14 13 11  7  2 -5	
 4917.610 -155.582
  0  0  7 14 14  5 -7 -9-11-11 -9  0  0 *  0  0-19-27-25 -8 15 25 27 25 21  0  0	
  2  4  6  5  2 -3 -4 -4 -4 -4 -3 -1  1 *-12-15-15-13 -5  7 15 17 15 12  7  1 -9	
 4917.610 -152.581
 -1  4 10 15 13  5 -5-10-11-11-10 -7 -3 * -5-16-24-29-24 -8 10 22 24 22 18 11  0	
  3  5  6  6  3 -1 -4 -5 -5 -5 -4 -2  1 *-10-15-15-12 -6  4 12 15 14 11  7  1 -6	
 4917.610 -149.581
  0  5 11 16 13  4 -7-11-13-12-11 -8 -2 * -8-16-22-24-18 -5 12 21 21 18 14  8 -3	
  4  6  7  6  3 -2 -6 -6 -6 -5 -4 -1  2 *-10-14-13-10 -4  5 12 14 12  9  5  0 -7	
 4917.610 -146.581
  1  5 11 15 12  3 -6-10-11-10 -9 -6 -1 * -8-14-18-19-14 -2 12 19 18 14 11  5 -4	
  4  6  7  6  3 -2 -5 -6 -5 -4 -3 -1  2 * -9-12-11 -8 -2  5 11 12 10  7  4 -1 -7	
 4917.610 -143.581
  1  3  6  8  7  0 -6 -9 -8 -7 -6 -3  0 * -7 -9-11-11 -7  3 13 16 13 10  6  1 -5	
  3  4  4  3  1 -3 -5 -5 -4 -3 -2  0  2 * -7 -8 -7 -4  0  6  9  9  7  5  2 -2 -6	
 4919.610 -200.082
 -7 -3  5 15 19 13  4 -6 -9-11-11-10 -8 * -2 -9-16-20-17 -5  8 16 19 17 14  9  1	
 -1  1  4  6  6  3 -1 -3 -3 -3 -4 -3 -2 * -6-10-11 -9 -5  2  8 10 10  9  6  2 -3	
 4919.610 -157.082
 -6  0  9 17 18 11  0 -9-11-12-13-10 -7 * -2 -8-15-21-19 -7  8 16 18 16 13  7  1	
  1  4  6  7  5  1 -3 -5 -4 -4 -4 -3 -1 * -7-10-11-10 -5  2  8 10  9  7  4  1 -4	
 4919.610 -154.082
 -4  3 13 20 19  9 -2-11-14-15-14-11 -6 * -3-10-16-21-19 -7  9 19 22 20 16 10  1	
  2  6  8  8  5  0 -5 -7 -7 -6 -5 -3  0 * -7-11-12-10 -5  3 10 13 12 10  7  2 -4	
 4919.610 -151.082
 -1  6 15 22 19  8 -5-14-16-15-14-10 -4 * -4-12-19-24-20 -6 10 20 22 19 15  9  0	
  4  8 10  9  5 -1 -6 -9 -8 -7 -5 -2  2 * -8-12-13-10 -5  4 11 13 12 10  6  1 -5	
 4919.610 -148.081
  1  8 15 21 17  6 -7-14-16-15-13 -9 -1 * -6-11-15-18-15 -4 11 18 18 16 12  7 -2	
  5  9 10  8  4 -2 -7 -9 -9 -7 -5 -1  3 * -8-10-10 -8 -3  5 10 12 10  8  5  0 -5	
 4919.610 -145.081
  1  4  6  9  8  0 -8-11-11 -9 -7 -4 -1 * -7 -8-11-12 -8  2 13 16 15 11  8  3 -5	
  3  4  5  4  1 -3 -6 -6 -5 -4 -2  0  3 * -7 -8 -7 -5  0  7 10 10  8  5  2 -2 -6	
 4921.610 -158.582
 -9 -4  4 13 17 12  4 -4-10-12-13-13-10 * -4-10-15-17-13 -3  9 16 17 15 11  5 -2	
 -2  1  4  6  5  3  0 -3 -4 -5 -5 -5 -3 * -7-10-10 -8 -4  3  8 10 10  7  4  0 -4	
 4921.610 -155.582
 -6 -1  6 14 16 10  1 -7-13-14-14-12 -8 * -5-11-17-20-17 -4 11 19 20 18 13  7 -2	
  0  2  5  6  4  1 -2 -5 -6 -6 -6 -4 -2 * -8-11-12-10 -4  3 10 12 11  9  6  1 -5	
 4921.610 -152.582
 -3  2  7 12 13  6 -3 -9-13-13-12 -9 -5 * -7-16-21-24-20 -5 13 23 25 21 17  9 -2	
  2  4  5  5  3 -1 -4 -6 -6 -5 -4 -3  0 *-10-14-14-11 -5  5 13 15 14 11  7  1 -6	
 4921.610 -149.582
  2  8 14 19 18  5-10-18-20-18-15 -9 -1 * -7-13-19-23-20 -6 13 21 22 19 14  7 -3	
  6  9 10  9  4 -4 -9-11-10 -8 -5 -1  4 *-10-13-13-10 -4  5 12 14 12  9  6  0 -7	
 4923.610 -200.082
-10 -6  1 10 14 12  7  1 -4 -9-11-12-11 * -8-12-15-14 -9  1 11 17 18 13  8  1 -6	
 -3 -1  2  4  5  4  2  0 -2 -3 -4 -5 -4 * -8-10-10 -7 -2  4  9 11 10  7  4 -1 -6	
 4923.610 -157.082
 -9 -4  3 10 13 10  4 -1 -6 -9-10-11-10 * -7-11-14-14-10  0 12 17 17 13  8  1 -5	
 -2  0  3  4  4  3  0 -1 -2 -3 -4 -4 -3 * -8-10-10 -7 -2  4  9 11 10  7  3 -1 -6	
 4923.610 -154.082
 -6 -2  4 10 11  8  1 -4 -8 -9-10 -9 -7 * -7-12-14-15-11 -1 12 18 19 15 10  4 -4	
 -1  1  3  4  4  1 -1 -3 -4 -4 -4 -3 -2 * -8-10-10 -7 -2  4 10 11 10  8  4  0 -5	
 4923.610 -151.082
  1  4  8 12 11  5 -4 -9-11-11-10 -6 -1 *-11-15-19-23-19 -3 16 24 23 18 12  2 -9	
  3  5  6  5  3 -2 -5 -6 -6 -5 -4 -1  2 *-12-14-14-11 -4  7 14 15 13  9  4 -2-10	
 4925.610 -158.582
 -9 -5  2  9 12 10  6  1 -3 -7 -9-11-10 *-11-15-16-14 -8  3 14 19 19 14  7 -1 -9	
 -3 -1  2  4  4  3  1  0 -1 -2 -3 -4 -4 * -9-11-10 -7 -2  5 10 12 11  7  3 -2 -7	
 4925.610 -155.582
 -5 -2  3  8 10  8  3 -1 -4 -6 -8 -8 -7 *-10-14-16-14 -9  2 14 19 19 14  8  0 -7	
 -1  1  3  4  3  2  0 -1 -2 -2 -3 -3 -2 * -9-11-10 -7 -2  5 10 12 10  7  3 -1 -7	
 4925.610 -152.582
 -1  1  3  5  6  4  0 -2 -3 -4 -4 -4 -2 *-10-13-14-13 -9  1 13 18 18 13  8  0 -8	
  0  1  2  2  2  1 -1 -1 -2 -2 -2 -1  0 * -9-10-10 -7 -2  5 10 12 10  7  3 -2 -7	
 4927.610 -200.082
 -7 -3  3  8 11 10  5  1 -2 -5 -7 -9 -9 *-15-19-19-15 -7  5 17 22 22 15  7 -3-12	
 -2  0  2  3  3  3  1  0 -1 -2 -2 -3 -3 *-11-13-12 -8 -2  6 12 14 12  8  4 -3 -9	
 4927.611 -157.082
 -4 -1  3  8  9  7  3 -1 -3 -5 -6 -7 -6 *-14-17-18-14 -7  5 16 21 20 14  7 -3-11	
 -1  1  2  3  3  2  0 -1 -1 -2 -2 -2 -2 *-10-12-11 -8 -2  6 11 13 11  8  3 -3 -8	
 4927.611 -154.082
  0  2  4  6  6  4  0 -3 -4 -4 -4 -3 -1 *-14-16-16-13 -7  4 16 21 19 13  6 -3-11	
  1  2  3  3  2  0 -1 -2 -2 -2 -1 -1  0 *-10-12-11 -7 -1  6 12 13 11  7  3 -3 -8	
 4927.611 -151.082
  3  3  4  4  2 -1 -5 -6 -5 -3 -1  2  3 * -7 -6 -6 -6 -3  5 14 15 13  7  1 -5 -7	
  3  3  2  1  0 -3 -4 -4 -3 -1  0  2  3 * -7 -7 -6 -3  1  7 10  9  7  4  0 -4 -7	
