Saint-Malo               	
 4921.343 -233.432
-20-13  0 14 24 26 22 14  3 -7-15-20-21 * -5 -6 -7 -4  1  4  6  7  7  5  3 -1 -4	
 -8 -5  0  4  7  9  8  6  3 -1 -5 -8 -9 * -4 -4 -4 -2  0  3  4  5  4  3  1 -1 -3	
 4921.343 -231.482
-20-14 -1 12 21 24 22 15  5 -5-13-19-21 * -6 -7 -7 -4  2  6  9  9  8  6  2 -2 -5	
 -9 -6 -1  3  7  9  8  7  3  0 -4 -8 -9 * -4 -5 -5 -3  0  3  5  6  5  3  1 -1 -4	
 4921.343 -229.532
-20-15 -1 12 21 24 22 16  6 -4-12-18-21 * -7 -8 -7 -5  1  7 10 11  9  6  2 -2 -6	
 -9 -6 -1  4  7  9  9  7  4  0 -4 -7 -9 * -5 -6 -5 -3  0  3  5  6  5  3  1 -2 -4	
 4921.343 -227.582
-20-15 -2 12 19 22 21 15  6 -3-11-17-20 * -7 -8 -7 -5  0  6 10 11 10  7  3 -2 -6	
 -8 -6 -1  4  7  8  8  7  4  0 -4 -7 -9 * -5 -6 -5 -3  0  3  5  6  5  3  1 -2 -4	
 4921.343 -225.632
-21-17 -5 10 19 22 20 15  7 -2-10-16-20 * -8 -9 -7 -4  0  5 10 12 10  7  3 -2 -6	
 -9 -7 -2  3  6  8  8  7  4  1 -3 -7 -9 * -5 -5 -4 -2  1  4  6  6  5  4  1 -2 -4	
 4921.343 -223.682
-22-20 -9  7 18 22 21 17  9  0 -9-16-21 *-10-11 -9 -3  1  6 11 12 11  7  3 -3 -9	
-10 -8 -4  1  5  8  9  8  5  2 -2 -6 -9 * -6 -6 -5 -2  2  5  6  7  6  4  1 -2 -5	
 4921.343 -221.732
-23-21-11  3 16 21 21 17 10  1 -8-15-21 *-12-14-12 -6  2  8 12 14 12  8  3 -4-11	
-10 -9 -6 -1  3  7  9  8  6  2 -2 -6 -9 * -7 -8 -6 -3  1  5  7  8  7  4  1 -2 -5	
 4921.343 -219.782
-23-21-12  1 12 19 21 18 11  2 -7-15-21 *-15-17-15 -9  1 10 15 17 14  9  2 -6-13	
-10-10 -6 -1  3  6  8  9  6  3 -1 -6 -9 * -8 -9 -8 -5  0  5  8  9  8  5  1 -3 -7	
 4921.343 -217.832
-22-20-12  0 10 17 20 17 11  2 -7-14-21 *-15-18-16-10 -1 10 16 18 15 10  2 -6-13	
-10 -9 -6 -1  3  6  8  8  6  3 -1 -6 -9 * -9-10 -8 -5 -1  4  8 10  8  5  2 -3 -7	
 4921.343 -215.882
-21-19-10  2 10 16 18 16  9  1 -8-15-20 *-15-17-16-12 -4  8 16 18 16 10  2 -6-13	
-10 -9 -5 -1  3  6  7  8  6  2 -2 -6 -9 * -9-10 -9 -6 -1  4  8 10  8  5  1 -3 -7	
 4922.543 -232.457
-21-14 -2 13 23 25 22 15  5 -5-14-20-22 * -6 -8 -7 -2  4  7  8  8  7  4  1 -3 -6	
 -9 -6 -2  3  7  9  9  7  4  0 -4 -8-10 * -4 -5 -4 -2  1  3  5  5  4  3  1 -2 -3	
 4922.543 -230.507
-20-14 -2 11 21 24 22 16  6 -4-12-18-21 * -8 -9 -9 -4  4  9 11 11  9  5  1 -4 -8	
 -9 -7 -2  2  6  9  9  8  4  0 -4 -8 -9 * -6 -6 -6 -3  0  4  6  6  5  3  1 -2 -5	
 4922.543 -228.557
-19-12 -1 10 19 22 21 15  7 -2-11-17-20 * -8 -9 -8 -6  2  9 12 12 10  6  2 -3 -7	
 -8 -6 -1  3  6  8  9  7  5  1 -3 -7 -9 * -6 -7 -6 -4 -1  3  6  7  6  3  1 -2 -5	
 4922.543 -226.607
-18-11  1 12 18 20 19 15  7 -2 -9-15-18 * -7 -7 -5 -4  0  6 11 12 10  7  2 -3 -6	
 -7 -5  0  4  7  8  8  7  4  1 -3 -6 -8 * -5 -5 -3 -2  1  4  6  6  5  3  1 -2 -5	
 4922.543 -224.657
-23-18 -4 14 21 23 22 17  9 -1-10-17-22 * -7 -8 -4 -1  0  5 10 12 10  7  3 -2 -7	
 -9 -7 -2  3  7  9 10  8  6  2 -3 -7 -9 * -5 -4 -2  1  3  5  6  6  5  3  1 -2 -4	
 4922.543 -222.707
-24-22-10  9 20 23 23 19 11  2 -8-16-23 *-11-12 -9 -1  3  6 10 12 10  7  2 -4 -9	
-11-10 -6  0  5  8 10 10  7  3 -2 -6-10 * -6 -6 -4 -1  2  5  7  7  5  3  1 -2 -5	
 4922.543 -220.757
-24-22-13  4 18 23 24 20 13  3 -6-15-22 *-15-16-14 -5  5 10 14 15 13  8  2 -5-13	
-11-11 -7 -2  3  8 10 10  8  4 -1 -6-10 * -8 -9 -7 -4  1  6  8  8  7  4  1 -3 -6	
 4922.543 -218.807
-22-21-12  1 13 20 22 19 13  4 -5-14-21 *-17-19-17-10  3 13 18 19 16 10  3 -6-14	
-10-10 -6 -2  3  6  9  9  7  4 -1 -5 -9 * -9-11 -9 -6  0  5  9 10  9  6  2 -3 -7	
 4922.543 -216.857
-21-19-11  1 11 17 19 17 11  3 -6-14-20 *-16-19-18-13 -2 10 18 20 17 11  3 -6-14	
 -9 -9 -5 -1  3  6  8  8  6  3 -1 -5 -9 * -9-11-10 -6 -2  4  9 10  9  6  2 -3 -7	
 4922.543 -214.907
-19-16 -8  4 11 15 16 14  8  1 -7-14-18 *-14-18-17-14 -6  7 16 19 17 11  4 -4-12	
 -8 -7 -4  0  4  6  7  6  5  2 -2 -5 -8 * -8-10-10 -7 -2  3  8 10  9  6  2 -2 -7	
 4923.743 -233.432
-22-14  2 19 25 26 22 15  4 -7-16-22-23 * -5 -5 -2  2  4  5  6  5  4  2 -1 -3 -5	
-10 -7 -1  5  9 11 10  8  4 -1 -5 -9-11 * -3 -3 -2  0  2  3  3  3  3  1  0 -1 -2	
 4923.743 -231.482
-22-16 -2 15 24 26 24 17  7 -4-13-21-23 *-10-10 -6  2  8 11 12 10  7  3 -2 -7-10	
-11 -8 -3  3  8 11 11  9  6  1 -4 -9-11 * -6 -6 -5 -2  2  5  7  6  5  2  0 -3 -6	
 4923.743 -229.532
-19-15 -5  9 20 23 21 16  7 -2-10-17-19 *-12-13-10 -3  6 12 14 13 10  5  0 -6-11	
 -9 -7 -3  1  5  8  9  8  5  1 -3 -7 -9 * -7 -8 -7 -4  0  5  7  8  6  3  0 -3 -6	
 4923.743 -227.582
-15-11 -3  7 16 19 18 14  7 -1 -8-14-16 *-11-12-12 -8  2 11 14 14 12  7  1 -5-10	
 -8 -6 -3  1  5  7  8  7  5  1 -2 -6 -8 * -8 -9 -8 -5 -1  4  7  8  6  4  0 -3 -7	
 4923.743 -225.632
-10 -3  4 11 16 19 18 14  7 -1 -9-14-12 * -7 -5 -5 -6 -2  7 12 14 12  8  3 -3 -6	
 -5 -2  1  4  6  7  8  7  4  1 -2 -6 -6 * -6 -5 -3 -1  2  5  7  7  6  4  0 -3 -6	
 4923.743 -223.682
-11 -5  5 13 17 18 17 13  6 -1 -8-13-12 * -2 -2 -2 -1 -4 -1  3  5  6  5  4  1 -1	
 -6 -3  1  4  5  6  7  6  4  1 -2 -5 -6 * -1  0  0  1  3  3  4  3  3  2  0 -1 -1	
 4923.743 -221.732
-24-17  1 17 22 27 28 25 16  4 -8-18-24 *-12-11 -3  5  7  8 11 12  9  5 -1 -7-11	
-12-10 -3  5 10 12 13 13  9  4 -1 -8-12 * -6 -6 -3  1  4  6  7  7  5  3  0 -3 -6	
 4923.743 -219.782
-22-20-11  4 16 21 23 21 15  6 -4-13-20 *-19-21-18 -5  9 15 20 21 17 10  2 -7-16	
-11-10 -7 -1  4  9 11 11  9  5  0 -5 -9 *-11-12-10 -6  1  8 11 12 10  6  2 -3 -9	
 4923.743 -217.832
-20-19-10  3 13 19 21 19 13  5 -4-12-19 *-18-22-20-13  2 15 22 23 20 13  4 -6-16	
-10 -9 -5 -1  3  7  9  9  7  4  0 -5 -9 *-10-12-11 -7 -1  6 11 13 11  7  2 -3 -8	
 4923.743 -215.882
-18-16 -8  3 12 15 17 15 10  3 -4-12-17 *-17-22-21-16 -5 10 21 23 20 13  5 -5-14	
 -8 -7 -4  0  3  6  7  7  5  3 -1 -4 -7 *-10-13-12 -8 -3  4 10 12 11  7  3 -3 -8	
 4924.943 -230.507
-16-11  0 12 19 21 20 16  8  0 -8-14-16 *-15-11 -2  9 15 18 19 17 10  2 -6-13-16	
 -9 -7 -2  3  7 10 11  9  6  2 -2 -6 -8 *-10 -8 -4  1  7 11 12 10  7  3 -2 -7-10	
 4924.943 -228.557
-19-17 -8  5 16 19 18 14  8  1 -7-13-18 *-16-17-13 -4  8 15 18 17 12  6 -1 -8-14	
 -9 -9 -6 -1  3  7  9  8  6  2 -2 -5 -8 * -9-10 -8 -4  1  6  9  9  7  4  0 -4 -8	
 4924.943 -226.607
-16-15 -9  2 12 16 16 13  7  1 -6-11-15 *-19-20-17-10  2 14 19 19 15  9  1 -7-17	
 -9 -9 -6 -3  2  5  7  7  5  2 -2 -5 -8 *-12-13-10 -6 -1  5 10 10  8  5  1 -5-10	
 4924.943 -224.657
 -4 -3 -2  1  7  9  8  6  3 -1 -4 -3 -3 * -8 -6 -4 -2  1 10 16 18 16 10  2 -7 -9	
 -2 -3 -2 -1  1  2  3  3  2  0 -1 -2 -2 * -7 -4 -1  2  7 10 11 11  9  5  0 -5 -7	
 4924.943 -220.757
-14 -6  5  7  6  9 15 17 14  7 -2-11-15 *-12 -7  3  7  8 11 16 18 15  8  0 -9-12	
 -8 -4  2  6  7  9 10 10  8  4 -1 -7 -9 * -8 -5 -1  4  7  9 11 11  8  4  0 -5 -8	
 4924.943 -218.807
-15-13 -4  8 12 14 17 17 13  7 -1 -9-15 *-26-31-29-17  7 21 30 32 28 18  6 -8-22	
 -8 -7 -3  1  5  8 10 10  8  5  1 -3 -7 *-16-19-16-10 -1 11 18 19 16 10  3 -5-13	
 4924.943 -216.857
-16-14 -6  4 12 15 16 16 12  5 -2 -9-15 *-22-27-26-17 -3 15 26 29 26 17  7 -6-18	
 -7 -7 -4  0  4  6  8  8  7  4  0 -3 -7 *-13-16-14 -9 -2  6 13 16 14 10  4 -3-10	
 4924.943 -214.907
-14-11 -4  5 12 14 13 11  7  2 -4-10-14 *-18-24-24-18 -7  9 23 27 25 17  7 -4-15	
 -6 -5 -2  1  4  6  6  5  4  2 -1 -4 -6 *-11-14-13-10 -3  4 11 14 13  9  4 -2 -8	
 4925.943 -231.083
 -1  0  1  0 -1 -1  0  1  1  0 -1 -1 -1 *-12 -9 -4  2  5  8 12 12  9  2 -6-12-13	
  0  0  0  0  0  0  0  0  1  0  0  0  0 *-10 -8 -5  0  6 10 10  9  6  1 -4 -9-11	
 4926.143 -229.532
 -7 -4  2  7  7  7  8  7  5  1 -3 -7 -8 *-10 -7 -1  6 13 20 23 22 16  7 -2-10-11	
 -5 -3 -1  2  4  5  5  5  4  2  0 -3 -5 * -8 -6 -2  2  7 12 14 13 10  5 -1 -7 -9	
 4926.143 -227.582
-24-22-12  4 15 19 20 18 13  5 -3-13-22 *-23-23-15 -2 11 19 23 22 17  9  0-11-21	
-14-13 -9 -3  3  9 12 12  9  5  0 -6-12 *-13-13 -9 -4  3  9 13 13 10  6  0 -6-11	
 4926.143 -225.632
-23-23-16 -4  8 16 17 15 11  5 -3-12-20 *-29-29-21 -8  7 22 29 29 23 13  2-14-27	
-13-14-11 -6  0  6  9 10  8  4  0 -6-11 *-18-18-13 -6  3 11 17 17 14  8  1 -8-15	
 4926.143 -219.782
  0  3  6  8  3  0  5  9  8  6  2 -1 -1 *-18-23-24-13  4 12 16 18 15 10  3 -6-14	
  2  3  4  4  2  1  3  5  5  4  3  1  1 *-14-16-15 -9  1  9 12 11  8  3 -3 -8-12	
 4926.143 -217.832
 -9 -5  3 11 15  9  9  9  7  3 -3 -7-10 *-19-25-25-17 -4 14 26 30 28 20  9 -3-15	
 -3 -1  1  4  6  5  5  5  4  3  0 -2 -3 *-12-15-14-10 -3  7 15 17 16 11  5 -2 -9	
 4926.143 -215.882
-10 -7  0  7 12 12  9  7  4  0 -4 -8-10 *-19-25-26-20 -8  9 24 30 28 20 10 -2-14	
 -4 -3  0  3  4  5  4  4  2  1 -1 -3 -4 *-11-15-15-11 -4  4 12 16 15 11  6 -1 -8	
 4927.343 -230.507
 -6 -4 -2  1  2  2  3  4  4  2 -1 -5 -6 *-14-12 -9 -5  2  8 12 13 10  5 -2 -9-14	
 -5 -5 -3 -1  2  3  3  3  2  1 -1 -4 -5 *-11-11 -8 -4  2  7  9  8  5  2 -3 -7-10	
 4927.343 -228.557
  0  0  0  6  9  9 10  9  7  3 -3  0  0 *  0  0 -2  2  8 16 20 20 15  7  0  0  0	
 -7 -5 -2  2  5  7  8  8  6  4  0 -5 -7 * -3 -3 -2  1  6  9 11 10  7  3 -2 -4 -3	
 4927.343 -226.607
-22-20-11  3 15 22 26 25 20 11  0-12-21 *-25-23-13  2 13 20 26 26 21 12  1-13-24	
-14-12 -7  0  7 13 17 17 14  8  1 -8-13 *-15-14 -8 -1  7 12 15 15 12  7  0 -8-14	
 4927.343 -224.657
-24-24-17 -5  8 20 24 23 18 10  0-11-22 *-28-27-19 -6  9 23 32 33 28 17  4-12-25	
-14-14-10 -4  2  9 14 15 12  7  2 -5-12 *-16-17-12 -5  3 12 18 20 16 10  3 -6-14	
 4927.343 -222.707
-25-23-14 -3  8 19 18 16 10  2 -8-16-23 *-19-19-15 -7  6 16 18 15 10  3 -6-13-17	
-14-13 -8 -3  3  9 12 11  8  3 -3 -9-13 *-12-12 -9 -4  2  8 11 10  7  3 -3 -8-11	
 4927.343 -220.757
 -9 -3  5 11 11  6 -5 -4 -4 -4 -6 -9-10 * -6-11-15-13 -6  3  6  3  1  1  1  0 -3	
 -3  0  3  5  5  3 -1 -3 -3 -2 -2 -2 -3 * -6 -8 -9 -7 -3  2  4  2  0 -1 -2 -3 -5	
 4927.343 -218.807
 -9 -4  3  9 11  7  0  0  1 -1 -4 -8-10 *-14-21-24-19 -7  7 19 25 24 19 11  1-10	
 -4 -1  2  4  5  4  1  1  0  0 -1 -3 -4 *-10-14-14-10 -3  5 12 15 13 10  5 -1 -7	
 4927.343 -216.857
 -8 -3  4 10 12  9  3  2  0 -2 -5 -8 -9 *-15-23-25-20-10  6 21 29 29 22 12  1-11	
 -3 -1  2  4  5  4  3  1  0 -1 -2 -3 -3 *-10-14-14-11 -4  4 12 16 15 12  7  0 -7	
 4927.343 -214.907
-10 -6  1  8 12 12  7  4  1 -2 -5 -9-10 *-16-22-24-19 -9  5 20 29 28 21 11  0-12	
 -4 -2  1  3  4  5  4  2  1  0 -2 -4 -4 *-10-14-14-10 -4  4 10 15 15 11  6  0 -7	
 4928.543 -229.533
-28-27-23-10  3 15 20 21 18 11  1-18-27 *-26-25-19 -9  6 23 31 32 27 15  1-18-26	
-19-17-12 -4  6 14 16 14 11  5 -3-14-18 *-19-17-12 -4  9 18 21 19 14  6 -5-15-18	
 4928.543 -225.632
-15-13 -6  6  9 11 13 14 12  8  2 -7-14 *-30-28-16  1 14 21 31 34 29 19  5-13-27	
 -8 -7 -3  1  4  6  8  9  8  5  1 -4 -7 *-19-18-11 -2  9 17 20 20 15  8 -1-11-18	
 4928.543 -223.682
-15-13 -8  1  8 14 17 16 12  7  0 -8-14 *-24-25-22-11  6 20 30 33 28 18  6-10-21	
 -7 -7 -4 -1  3  5  8 10  9  6  2 -2 -6 *-15-16-13 -7  1 11 18 19 17 11  4 -5-12	
 4928.543 -221.732
-16-12 -4  4 10 15 15 11  8  3 -3-11-16 *-14-18-20-15 -1 13 20 17 11  5 -1 -7-12	
 -8 -6 -3  1  4  6  8  8  6  3  0 -5 -8 *-11-12-11 -8 -2  6 11 11  8  4  0 -5 -9	
 4928.543 -219.782
-12 -7  2 10 13 12  4 -3 -3 -4 -7-10-13 *-11-18-21-18 -9  6 13 14 14 11  7  1 -8	
 -5 -2  1  4  5  5  3  0 -1 -2 -3 -5 -6 * -9-12-12 -9 -3  4  9  9  8  5  1 -2 -7	
 4928.543 -217.832
 -8 -3  4 11 13 10  1 -3 -3 -4 -6 -9 -9 *-13-20-24-21-11  3 17 25 26 21 13  2 -9	
 -3 -1  2  4  5  4  2  0 -2 -2 -3 -4 -4 * -9-13-14-11 -5  3 10 14 14 11  6  1 -6	
 4928.543 -215.882
 -9 -5  3 10 13 12  5  0 -2 -4 -7 -9-10 *-14-21-23-19-10  3 18 28 29 23 13  1-10	
 -4 -1  1  3  5  5  3  1  0 -2 -3 -4 -4 * -9-13-13-10 -4  3 10 15 15 12  7  1 -6	
 4929.743 -228.558
 -2  0  2  2  4  6  9  9  8  5  1 -2 -2 *-15-16-16-11  1 16 25 27 23 14  4-10-14	
 -1 -1  0  1  2  4  6  7  6  5  2  0 -1 *-14-13-10 -5  5 14 16 15 11  4 -4-11-13	
 4929.743 -226.607
  2  7 13 17 12  5  0  0 -1 -1 -3 -4  0 * -3 -4 -7 -9 -4  6 11 12 11  7  3 -1 -2	
  4  6  7  7  4  1  0  2  3  3  3  2  3 * -7 -8 -8 -5  1  6  7  7  5  2 -2 -4 -6	
 4929.743 -224.657
 -4 -1  7 13 13  6  3  3  2  1 -1 -4 -5 *-18-22-20-13  0 12 24 29 26 18  8 -4-16	
 -1  1  3  5  5  3  1  2  2  1  0 -1 -1 *-14-14-12 -7  2 11 17 16 14  8  2 -6-12	
 4929.743 -222.707
-12 -8 -1  6 10 14 14 12  9  4 -1 -8-13 *-17-23-25-15  4 16 26 30 26 18  6 -6-14	
 -5 -4 -1  2  4  6  6  7  6  4  1 -2 -5 *-12-15-14 -9 -1  8 15 17 16 11  5 -2-10	
 4929.743 -220.757
-11 -6  3 10 14 13 11  4  0 -2 -5 -9-12 *-13-19-23-20 -8 10 21 22 16  9  3 -2-10	
 -4 -2  1  4  5  5  4  3  2  0 -1 -3 -5 *-11-13-13-10 -4  4 11 13 11  7  1 -4 -8	
 4929.743 -218.807
-10 -5  5 12 15 14  7 -2 -5 -7 -8-11-11 *-11-18-22-19-11  3 16 20 21 18 12  3 -7	
 -4 -1  2  5  6  5  3  1 -1 -3 -4 -5 -5 * -8-12-12-10 -4  3  9 12 11  9  5  0 -5	
 4929.743 -216.857
 -9 -4  4 11 14 13  6 -2 -5 -6 -8-10-10 *-13-20-23-20-11  1 15 25 27 23 14  3 -8	
 -4 -1  2  4  5  5  3  1 -1 -3 -3 -4 -4 * -9-13-13-10 -4  3  9 13 14 12  7  1 -5	
 4929.743 -214.907
-10 -6  2  9 13 13  8  1 -3 -5 -8-10-11 *-15-21-22-19-10  2 15 26 28 23 13  1-11	
 -4 -2  1  3  4  5  4  2  0 -2 -3 -4 -5 * -9-13-13-10 -4  4 10 14 14 11  7  0 -6	
