Saint-Malo                	
 4942.944 -159.906
-17-18-15-11 -4  5  5  3  3  1 -2 -9-16 *-69-71-62-38  4 59 92 99 86 56 14-38-65	
-10-11-10 -8 -4  1  2  3  2  2  0 -4 -9 *-44-46-39-23 -1 26 44 49 44 31 12-15-38	
 4941.444 -156.956
 -1 -1 -1 -1 -1  0 -1 -1 -1 -1 -1  1 -1 *  5  6  7  7  5  1 -1 -1 -2 -4-10 -8  4	
  0  0  0  0 -1  0 -1  0  0  0 -1  1  2 *  1  4  6  7  6  1 -1 -2 -2 -3 -6 -9 -2	
 4932.443 -219.456
-11 -5  4 12 18 19 12  3 -5 -9-11-13-13 *-10-17-21-18 -8  3 16 24 23 19 12  3 -6	
 -5 -2  2  4  6  6  4  2  0 -2 -4 -5 -6 * -8-12-12 -9 -3  3  9 13 13 10  6  1 -5	
 4932.443 -217.156
-12 -5  2 10 15 18 13  4 -5 -8-10-13-13 *-12-18-21-18 -8  3 15 23 25 22 13  3 -8	
 -5 -2  1  3  5  5  5  3  0 -2 -4 -5 -6 * -9-12-13 -9 -4  3  9 13 13 11  7  1 -5	
 4932.443 -214.856
-13 -7  1  8 13 17 13  4 -4 -7-10-13-14 *-13-18-19-17 -9  3 14 22 26 21 13  2 -9	
 -5 -3  0  3  4  5  5  3  0 -2 -3 -5 -6 * -9-12-12 -9 -3  4 10 13 13 11  6  0 -6	
 4932.443 -212.556
-15-11 -3  5 11 16 15  8  1 -3 -7-12-15 *-18-22-22-15 -5  7 17 23 25 19  9 -3-15	
 -6 -5 -2  1  3  5  6  5  3  0 -2 -5 -6 *-11-13-12 -8 -2  6 11 14 13 10  5 -2 -8	
 4932.444 -210.256
-14-10 -3  5 10 14 14  8  2 -2 -6-11-14 *-20-24-25-18 -6  8 19 25 25 19  9 -5-16	
 -6 -5 -2  1  3  5  6  5  3  1 -2 -4 -6 *-12-15-14-10 -2  6 12 15 14 10  4 -3 -9	
 4932.444 -207.956
-12 -8 -1  6 10 13 12  7  2 -2 -6-10-12 *-21-25-25-19 -7  8 20 26 25 19  8 -5-17	
 -5 -4 -1  2  3  5  5  4  2  0 -2 -4 -5 *-13-16-15-10 -3  6 13 15 14 10  4 -3-10	
 4932.444 -205.656
 -9 -5  1  7 11 12 10  5  1 -3 -6 -9-10 *-20-24-24-18 -7  8 21 26 25 18  8 -5-17	
 -4 -2  0  2  4  4  4  3  1  0 -2 -3 -4 *-13-16-14-10 -3  6 13 15 14 10  4 -3-10	
 4932.444 -203.356
 -8 -3  3  8 11 11  8  4 -1 -3 -6 -8 -9 *-20-23-22-16 -5  9 21 26 25 18  7 -6-17	
 -3 -1  1  3  4  4  3  2  0 -1 -2 -3 -4 *-13-15-14 -9 -2  7 13 16 14 10  4 -3-10	
 4932.444 -201.056
 -6 -2  3  8 10  9  6  2 -1 -4 -5 -7 -7 *-20-23-21-15 -4 10 22 27 25 17  7 -6-17	
 -2 -1  2  3  4  3  2  1  0 -1 -2 -3 -3 *-13-15-13 -8 -1  8 14 16 14 10  4 -3-10	
 4932.444 -158.756
 -4 -1  3  7  9  7  4  1 -2 -4 -5 -6 -5 *-20-22-19-13 -2 12 23 27 25 17  6 -7-18	
 -2  0  2  3  3  2  1  0 -1 -1 -2 -2 -2 *-13-15-13 -8  0  8 15 16 14 10  4 -4-11	
 4932.444 -156.456
 -3 -1  2  5  6  5  3  0 -2 -3 -4 -5 -4 *-20-21-18-11 -1 13 25 28 25 17  6 -8-19	
 -1  0  1  2  2  2  1  0 -1 -1 -2 -2 -2 *-14-15-12 -7  1  9 15 17 14 10  3 -4-12	
 4932.444 -154.156
 -7 -6 -4 -1  3  6  6  4  1 -2 -4 -7 -7 *-24-22-19-11  2 18 29 30 25 14 -1-17-23	
 -5 -4 -3 -1  1  3  3  2  1  0 -2 -4 -5 *-17-16-13 -6  3 13 18 18 15  8  0-10-16	
 4933.943 -218.306
-12 -7  1 10 18 19 15  6 -3 -9-12-14-13 *-12-18-20-15 -5  6 16 24 25 20 12  2 -8	
 -5 -3  0  3  5  6  5  3  1 -2 -4 -5 -6 * -8-12-12 -8 -2  4 10 13 13 10  6  0 -5	
 4933.943 -216.006
-11 -7 -1  7 14 17 14  6 -3 -8-10-13-12 *-13-18-20-16 -5  7 17 24 26 21 12  1-10	
 -5 -3  0  2  4  5  5  3  1 -1 -3 -5 -6 *-10-13-12 -9 -2  5 11 14 14 11  6  0 -7	
 4933.944 -213.706
-17-11 -3  7 15 21 19 10 -1 -8-12-17-19 *-15-18-18-15 -5  6 16 23 25 20 10 -2-13	
 -8 -5 -2  1  4  6  7  5  3 -1 -4 -7 -8 *-10-12-11 -7 -1  5 11 14 13 10  5 -1 -7	
 4933.944 -211.406
-15-12 -6  1  8 14 16 11  4 -1 -6-12-15 *-22-26-26-19 -5 10 20 25 26 19  9 -6-18	
 -7 -6 -3  0  2  5  6  6  4  2 -1 -4 -7 *-13-16-14-10 -2  6 13 15 14 10  4 -3-10	
 4933.944 -209.106
-13 -9 -3  4  9 12 13  9  3 -2 -6-11-13 *-21-26-26-20 -8  9 21 25 25 19  8 -5-18	
 -6 -4 -2  1  3  5  5  5  3  1 -1 -4 -6 *-13-16-15-10 -3  6 13 15 14 10  4 -3-10	
 4933.944 -206.806
-10 -6 -1  5  9 11 10  7  2 -2 -6-10-11 *-22-26-26-19 -7  9 22 27 25 18  8 -6-18	
 -5 -3 -1  2  3  4  4  4  2  0 -1 -3 -5 *-13-16-15-10 -3  6 13 16 14 10  4 -3-10	
 4933.944 -204.506
 -9 -4  1  6 10 11  9  5  1 -3 -6 -9-10 *-22-26-24-18 -6 10 23 28 26 18  7 -7-19	
 -4 -2  0  2  4  4  4  3  1  0 -2 -3 -4 *-14-16-15-10 -2  7 14 16 15 10  4 -3-11	
 4933.944 -202.206
 -6 -2  3  7  9 10  7  4  0 -3 -5 -8 -7 *-22-25-23-16 -4 11 24 28 26 18  7 -7-19	
 -3 -1  1  3  4  4  3  2  1 -1 -2 -3 -3 *-14-16-15 -9 -1  8 15 17 15 11  4 -4-11	
 4933.944 -159.906
 -4  0  4  7  9  8  5  2 -1 -3 -5 -6 -5 *-22-24-21-14 -2 13 24 29 26 18  6 -8-20	
 -1  0  2  3  3  3  2  1  0 -1 -1 -2 -2 *-14-16-14 -8  0  9 15 17 15 10  4 -4-11	
 4933.944 -157.606
 -2  1  4  7  8  6  4  1 -1 -3 -4 -4 -3 *-20-21-18-11  0 14 24 28 25 17  6 -8-18	
 -1  1  2  3  3  2  1  0  0 -1 -1 -2 -1 *-13-15-12 -7  1  9 15 16 14 10  4 -4-11	
 4933.944 -155.306
 -3 -1  2  4  6  5  5  3  1 -1 -2 -3 -4 *-19-18-14 -8  2 14 23 26 23 15  5 -9-18	
 -2 -1  1  2  2  2  2  2  1  0 -1 -1 -2 *-13-13-10 -5  2  9 14 15 13  9  3 -5-11	
 4933.944 -153.006
 -6 -4 -2  1  4  6  8  8  6  2 -1 -5 -6 *-15-13-10 -4  4 12 17 17 13  6 -4-12-15	
 -4 -3 -2  0  2  3  5  5  4  2  0 -2 -4 *-10-10 -7 -3  2  8 10 10  8  4 -1 -6-10	
 4935.443 -219.457
-15-10  0 12 20 21 17  9  0 -7-12-15-16 *-12-16-16 -9 -1  7 15 22 23 18 11  1 -9	
 -6 -4  0  3  6  7  7  5  2 -1 -3 -6 -7 * -8-11-10 -6 -1  5 10 12 12 10  5  0 -5	
 4935.444 -217.157
-14-11 -4  7 16 20 17 10  1 -6-10-13-14 *-14-18-18-11  0  9 17 24 25 20 11 -1-11	
 -6 -5 -2  1  4  6  6  5  2  0 -3 -5 -6 * -9-12-11 -7 -1  6 11 13 13 10  6  0 -7	
 4935.444 -214.856
-14-12 -7  2 11 17 16 11  2 -4 -8-11-13 *-15-20-20-13  0 12 20 25 25 19  9 -3-13	
 -7 -6 -3  0  2  5  6  5  3  1 -2 -5 -6 *-11-13-12 -7 -1  7 12 14 14 10  5 -2 -8	
 4935.444 -212.556
-19-14 -7  2 12 18 18 12  3 -4-10-16-19 *-17-22-24-18 -4  9 17 22 24 20 11 -2-13	
 -8 -6 -4 -1  2  5  7  6  4  1 -2 -5 -8 *-11-14-13 -9 -2  6 11 13 12  9  4 -2 -8	
 4935.444 -210.256
-13-10 -5  0  6 10 11  9  4 -1 -6-11-13 *-20-26-26-21 -7 10 21 25 25 19  9 -5-16	
 -6 -5 -3 -1  1  4  5  5  3  1 -1 -4 -6 *-12-15-15-10 -3  5 13 15 14 10  5 -3 -9	
 4935.444 -207.956
-12 -9 -4  2  7 10 11  9  4 -1 -5-10-13 *-23-28-28-21 -8  9 23 28 26 19  8 -7-19	
 -6 -5 -2  0  2  4  5  4  3  1 -1 -4 -5 *-14-17-16-11 -4  6 13 16 15 11  4 -3-11	
 4935.444 -205.656
-10 -7 -2  4  8 10 10  7  3 -1 -5-10-11 *-26-30-28-21 -8 10 25 30 28 20  7 -8-22	
 -5 -3 -1  1  3  4  5  4  2  1 -1 -3 -5 *-15-18-17-12 -3  7 15 18 16 11  5 -4-12	
 4935.444 -203.356
 -6 -3  1  5  8  9  8  5  1 -2 -5 -8 -8 *-26-29-27-19 -5 12 26 31 28 19  7 -9-23	
 -3 -1  1  2  3  3  3  3  1  0 -1 -3 -3 *-16-19-17-11 -2  8 16 18 17 11  4 -4-13	
 4935.444 -201.056
 -3  1  4  7  8  7  5  2 -1 -3 -4 -6 -4 *-25-27-24-16 -3 14 26 31 28 19  7 -9-22	
 -1  1  3  3  3  3  2  1  0 -1 -1 -2 -2 *-16-18-15 -9 -1  9 16 18 16 11  4 -4-13	
 4935.444 -158.756
  0  3  6  7  7  5  2  0 -2 -3 -4 -4 -1 *-22-23-20-12  0 15 26 29 26 18  6 -9-20	
  1  2  4  4  3  2  0  0 -1 -1 -1 -1  0 *-14-16-13 -7  1 10 16 18 15 10  4 -4-12	
 4935.444 -156.456
  1  3  6  7  6  4  2  0 -1 -2 -2 -2  0 *-18-18-14 -8  2 14 23 25 22 15  5 -9-17	
  1  3  4  4  3  1  0  0 -1 -1 -1  0  0 *-12-13-10 -5  2  9 14 15 13  9  3 -4-11	
 4935.444 -154.156
  0  1  3  4  4  3  2  2  1  0  0 -1 -1 *-15-13-10 -4  4 13 19 20 17 11  2 -9-15	
  0  1  2  2  2  1  1  1  1  1  0  0  0 *-10-10 -7 -3  3  9 12 12 10  6  1 -5 -9	
 4935.444 -151.856
 -3 -2  0  1  2  2  3  3  2  1 -1 -2 -3 *-11 -9 -6 -2  5 12 14 12  8  2 -4-10-12	
 -1 -1  0  0  1  1  2  2  1  1  0 -1 -1 * -8 -7 -5 -1  3  7  9  8  5  2 -2 -6 -8	
 4936.944 -218.307
-17-12 -2  9 18 21 18 12  4 -4-10-15-17 *-12-13-10 -3  4 10 15 20 21 16  8 -2-10	
 -7 -5 -1  3  6  7  7  6  3  1 -2 -5 -7 * -8 -9 -8 -4  1  6 10 11 11  8  4 -1 -6	
 4936.944 -216.006
-19-16 -7  4 15 20 18 12  4 -3 -9-16-19 *-12-14-13 -4  6 12 18 21 21 16  7 -3-10	
 -8 -6 -3  0  3  6  7  6  4  1 -2 -5 -8 * -8-10 -8 -4  2  7 11 12 11  8  4 -1 -6	
 4936.944 -213.706
-23-20-13 -2 12 21 21 15  6 -2-10-17-22 *-15-19-18-10  4 14 20 22 20 14  5 -4-12	
-10 -9 -6 -3  1  5  8  8  5  2 -2 -6 -9 * -9-11-10 -6  1  7 11 12 11  8  3 -3 -8	
 4936.944 -211.406
-17-15 -9 -2  6 14 14 10  4 -2 -7-13-17 *-17-23-25-19 -4 11 19 22 21 17  8 -3-14	
 -7 -7 -5 -3  0  3  5  5  4  1 -1 -5 -7 *-11-14-13-10 -3  5 11 13 12  9  4 -2 -8	
 4936.944 -209.106
-16-14-10 -3  4 12 13 11  6  1 -5-12-16 *-24-29-29-23 -9 10 23 27 25 18  7 -7-20	
 -8 -7 -5 -3  0  3  6  6  5  2 -1 -4 -7 *-14-17-16-12 -4  5 13 16 15 10  4 -3-10	
 4936.944 -206.806
-13-11 -7 -1  5 10 12 10  6  1 -5-11-14 *-28-33-31-24 -9 10 26 31 28 20  7 -9-24	
 -7 -6 -4 -2  1  4  6  6  4  2  0 -4 -6 *-16-20-18-13 -4  6 15 18 17 12  5 -4-12	
 4936.944 -204.506
 -9 -6 -3  2  7  9 10  7  4  0 -4 -9-10 *-30-34-31-22 -7 13 28 33 30 20  7-11-26	
 -4 -3 -1  0  2  4  4  4  3  1 -1 -3 -5 *-17-21-19-13 -3  8 17 20 18 12  5 -5-14	
 4936.944 -202.206
 -3  0  2  5  7  7  5  3  0 -2 -4 -6 -5 *-30-32-29-20 -4 15 30 34 31 21  7-11-26	
 -1  0  2  2  3  3  2  2  1  0 -1 -2 -2 *-18-21-18-12 -2  9 18 21 18 13  5 -5-14	
 4936.944 -159.906
  2  4  6  7  6  3  0 -2 -4 -4 -4 -3  1 *-27-27-24-15 -1 17 30 33 30 20  6-12-24	
  2  4  4  4  3  1 -1 -1 -2 -2 -1 -1  1 *-17-19-16 -9  0 11 18 20 18 12  4 -5-14	
 4936.944 -157.606
  6  7  8  8  5  0 -4 -5 -6 -5 -3  0  4 *-20-19-16-10  2 16 25 28 24 16  4-10-19	
  4  6  6  5  2 -1 -3 -3 -3 -2 -1  0  3 *-14-14-11 -6  2 10 15 16 14  9  3 -5-12	
 4936.944 -155.306
  6  7  7  7  3 -2 -5 -6 -6 -4 -2  2  5 *-14-12 -9 -4  5 14 20 21 19 12  3 -9-14	
  4  5  5  4  1 -2 -4 -4 -3 -2 -1  1  3 *-10 -9 -7 -2  3  9 12 13 11  7  2 -4 -9	
 4936.944 -153.006
  2  3  3  3  1 -1 -2 -2 -2 -1  0  1  2 *-11 -9 -5  0  7 13 17 16 13  7  0 -8-11	
  2  2  2  2  0 -1 -2 -2 -1 -1  0  1  2 * -8 -7 -4  0  4  8 10 10  8  5  1 -4 -7	
 4938.444 -219.457
-16 -8  3 12 17 19 17 12  4 -3-10-16-17 *-11-11 -6 -2  3  8 14 20 20 15  7 -2-10	
 -7 -4  1  4  6  8  8  6  4  1 -2 -6 -7 * -7 -9 -7 -3  2  6 10 11 11  8  4 -1 -6	
 4938.444 -217.157
-17-12 -2  9 16 19 17 12  5 -2 -9-15-18 *-11-11 -6  2  9 13 17 21 20 15  7 -3-10	
 -7 -5 -1  2  5  7  7  6  4  1 -2 -5 -7 * -8 -8 -6 -1  4  9 11 12 11  8  4 -1 -6	
 4938.444 -214.856
-22-19 -9  5 15 21 20 14  7 -1 -9-18-22 *-12-13-10 -1  9 14 18 20 19 13  5 -4-10	
-10 -9 -6 -1  3  6  8  7  5  2 -2 -6 -9 * -8 -8 -6 -1  4  8 11 11 10  7  3 -2 -6	
 4938.444 -212.556
-24-23-16 -3 11 20 21 16  9  0 -8-17-23 *-16-20-19-10  5 15 20 21 19 13  5 -5-14	
-11-11 -9 -5  0  5  8  8  6  3 -1 -6-10 *-10-11-10 -6  1  7 11 12 11  7  2 -3 -8	
 4938.444 -210.256
-22-22-17 -7  5 17 19 15  9  2 -6-14-21 *-25-31-31-23 -4 15 24 26 24 17  6 -8-20	
-11-12-10 -6 -2  3  7  8  6  3 -1 -5 -9 *-14-17-17-12 -4  5 13 15 14 10  4 -4-11	
 4938.444 -207.956
-18-18-13 -6  3 12 16 14 10  4 -4-12-18 *-31-37-36-28-11 13 27 31 29 20  7-10-26	
 -9-10 -8 -5 -1  3  7  8  7  4  0 -4 -8 *-17-21-21-15 -6  5 15 18 17 12  4 -4-13	
 4938.444 -205.656
-13-12 -8 -2  4 10 13 12  8  3 -3-10-13 *-33-38-36-26-10 12 30 35 32 21  7-12-29	
 -7 -6 -5 -2  0  3  6  7  6  3  0 -3 -6 *-19-23-21-15 -5  7 17 20 18 13  5 -5-15	
 4938.444 -203.356
 -6 -5 -2  2  6  8  8  6  4  1 -3 -7 -7 *-33-36-32-22 -6 15 31 36 32 21  6-12-29	
 -3 -2 -1  0  2  3  4  4  3  2  0 -2 -3 *-19-23-20-13 -3  9 18 21 19 13  5 -5-15	
 4938.444 -201.056
  1  2  4  5  6  3  1 -1 -2 -3 -4 -4  0 *-32-33-29-19 -1 20 35 39 35 23  7-14-29	
  1  2  3  3  2  1  0 -1 -1 -1 -1 -1  0 *-20-22-19-12 -1 12 21 24 21 14  5 -6-17	
 4938.444 -158.756
  8  9  9  8  3 -4 -8-10-10 -7 -4  1  7 *-26-26-22-13  3 21 33 36 32 21  5-14-25	
  6  7  7  5  1 -3 -6 -6 -6 -4 -2  1  4 *-18-19-15 -8  2 13 20 22 19 13  4 -6-15	
 4938.444 -156.456
 11 10  8  5 -2-10-16-17-16-11 -3  6 11 *-15-12 -9 -4  6 17 24 26 22 14  3-11-16	
  9  8  6  3 -2 -7-10-11 -9 -6 -2  3  8 *-12-10 -7 -2  5 11 15 16 13  9  2 -6-11	
 4938.444 -154.156
  6  5  4  1 -3 -8-10-11 -9 -6 -1  4  7 * -7 -6 -3  1  7 11 15 15 13  8  1 -7 -8	
  5  5  3  1 -3 -5 -7 -7 -6 -4 -1  2  5 * -6 -4 -2  1  5  7  9  9  8  5  1 -4 -6	
 4939.944 -218.307
-12 -4  3  7 11 14 14 10  4 -2 -8-13-14 * -9 -7 -3  1  5 10 17 22 22 16  7 -3 -9	
 -5 -2  1  3  4  6  6  5  3  1 -2 -5 -6 * -8 -9 -6 -2  4  9 12 13 12  9  4 -1 -6	
 4939.944 -216.007
-13 -6  4 10 13 15 14 10  4 -2 -8-14-15 * -7 -6 -2  4 10 13 17 20 19 14  6 -3 -7	
 -6 -3  0  3  4  5  6  5  3  1 -2 -5 -6 * -6 -4 -1  3  7 10 11 12 10  8  4 -1 -5	
 4939.944 -213.707
-23-17 -4 11 18 21 20 15  9  1 -8-18-24 *-10-10 -6  2  8 13 17 18 16 11  4 -4 -9	
-11-10 -6  0  4  8  9  9  6  3 -1 -6-10 * -6 -5 -3  1  5  8 10 10  9  6  2 -2 -5	
 4939.944 -211.406
-30-29-19 -2 17 25 26 23 16  7 -5-18-28 *-23-25-21 -7 10 19 24 24 21 13  3-10-20	
-15-16-13 -7  1  8 12 13 10  6  1 -6-13 *-12-14-11 -6  2  9 13 14 12  8  2 -4-10	
 4939.944 -209.106
-28-29-23-11  7 21 25 22 17  9 -2-15-25 *-33-40-38-28 -5 20 29 31 27 18  5-12-28	
-14-16-14 -9 -3  5 11 13 11  7  1 -5-11 *-18-22-21-16 -6  6 15 18 16 11  4 -5-14	
 4939.944 -206.806
-21-21-16 -7  4 14 19 18 14  7 -1-12-19 *-40-46-44-33-13 16 33 37 33 22  7-13-33	
-10-12-10 -6 -1  4  8 10  9  6  2 -4 -9 *-21-27-26-19 -8  5 17 21 19 13  5 -6-16	
 4939.944 -204.506
-12-12 -8 -3  5 10 13 12  9  5 -1 -9-11 *-38-42-39-27 -9 15 36 41 37 24  7-14-34	
 -6 -6 -5 -3  0  3  6  7  6  4  1 -3 -5 *-22-26-24-16 -5  8 20 24 22 15  6 -6-17	
 4939.944 -202.206
 -8 -8 -6 -1  4  7  8  8  6  3 -2 -6 -7 *-40-43-38-26 -4 22 40 45 40 26  7-17-36	
 -4 -4 -3 -2  1  2  4  4  4  3  1 -2 -3 *-24-28-24-16 -4 12 23 27 24 16  6 -7-19	
 4939.944 -159.906
  4  4  5  5  4  1 -2 -3 -3 -3 -3 -2  3 *-37-39-34-21  2 27 44 47 41 27  7-19-34	
  3  4  4  3  2  0 -1 -2 -1 -1 -1 -1  1 *-24-26-22-13  1 16 26 28 25 17  6 -8-20	
 4939.944 -157.606
 13 11  9  5 -6-17-24-26-23-15 -5  9 13 *-16-12 -7  1 14 28 39 41 35 22  3-20-19	
 11 10  7  2 -5-11-15-16-14 -9 -3  4 10 *-16-11 -6  1 10 18 23 24 21 13  4-10-17	
 4941.444 -219.457
 -5 -1  2  4  7 10  8  3 -2 -7-11-14 -8 *-12-13-13 -8  0  8 17 25 26 20 10 -1-10	
 -3 -1  0  1  2  3  2  1  0 -2 -3 -5 -5 *-10-12-10 -6  1  8 13 15 14 11  6  0 -7	
 4941.444 -217.157
 -4 -1  1  3  6  7  7  4  0 -4 -8-11 -6 * -7 -4 -1  2  9 15 21 26 26 19  9 -2 -7	
 -3 -3 -1  0  1  2  2  2  1 -1 -2 -4 -4 * -7 -6 -3  1  8 12 15 15 14 10  5 -2 -7	
 4941.444 -214.857
 -6  3  9 11 11 11  8  4  0 -4 -8-13-10 * -3 -2  0  2  8 13 18 21 20 14  5 -1 -3	
 -5 -2  2  4  4  4  4  3  2  0 -1 -4 -6 *  0  2  3  5  7 10 11 11 10  7  2 -2 -1	
 4941.444 -212.557
-19 -7  8 16 22 27 28 24 18  9 -4-19-22 *-10 -5  3  6 10 14 16 16 13  7  0 -8-11	
-13 -7  1  8 12 15 16 16 13  8  2 -7-13 * -6 -3  1  4  6  8  9  9  8  5  1 -4 -6	
 4941.444 -210.257
-31-28-15  7 21 29 32 30 24 14  0-17-30 *-27-27-19 -1 13 23 28 29 25 16  3-13-25	
-18-17-11 -2  9 15 18 18 15 10  3 -6-16 *-15-16-12 -4  6 14 17 17 15  9  2 -6-13	
 4941.444 -207.956
-32-33-25 -9 10 25 30 29 24 15  2-13-28 *-42-49-46-32 -3 27 37 38 33 22  5-15-36	
-17-19-15 -8  0  8 15 17 15 10  4 -4-13 *-23-29-27-19 -8  9 19 22 19 13  4 -7-18	
 4941.444 -205.656
-22-22-18 -8  5 15 20 20 17 10  2-10-19 *-47-53-49-34-11 19 41 45 40 27  8-15-40	
-10-12-10 -6 -1  5  9 12 11  8  3 -3 -8 *-26-32-29-21 -8  7 21 26 23 16  6 -6-20	
 4941.444 -203.356
-16-16-13 -7  2 10 14 14 12  7  0 -8-14 *-42-45-41-27 -5 22 43 49 43 29  9-17-38	
 -8 -9 -8 -5 -1  3  6  8  8  5  2 -2 -6 *-25-29-26-17 -4 11 24 29 26 18  7 -6-20	
 4941.444 -201.056
-10-10 -8 -5  1  5  7  7  6  3 -1 -5 -8 *-47-48-43-28 -3 29 49 54 47 31  9-21-43	
 -4 -5 -5 -4 -1  1  3  4  4  3  1 -1 -3 *-29-32-28-18 -4 15 28 32 28 20  7 -8-23	
 4941.444 -158.756
  7  7  5  2  2 -1 -2 -2 -3 -2 -2  5  8 *-28-27-21 -9 16 37 55 59 51 33  8-22-29	
  7  5  3  0  0  0 -2 -2 -2 -1 -1  1  6 *-23-21-15 -5 11 23 32 35 31 21  8 -9-21	
 4941.444 -147.256
-13-11 -8 -3  8 14 11  5 -2 -8-12-14-13 *  3  2  1  0 -2 -4 -4 -2  0  2  4  4  3	
 -9 -7 -5 -1  4  8  9  6  2 -2 -6 -9 -9 *  2  2  1  0 -1 -2 -3 -2 -1  0  2  3  2	
 4942.944 -218.307
 -9-10-10 -8 -4  1  1 -2 -5 -8-10 -7 -7 *-17-17-14 -7  5 18 27 33 33 25 12 -6-17	
 -5 -8 -8 -7 -5 -3 -2 -2 -2 -3 -4 -4 -4 *-13-13-10 -4  4 14 19 20 19 14  7 -2-11	
 4942.944 -216.007
-12-10 -7 -3  1  6  7  6  2 -2 -7-10-12 * -9 -9 -7 -4  8 20 28 32 27 16  3 -9-10	
 -8 -9 -8 -7 -1  2  3  3  2  0 -2 -5 -6 * -7 -7 -6 -2  7 13 17 17 14  9  2 -5 -7	
 4942.944 -209.107
-21-13 -3  6 14 27 33 34 30 19  3-17-23 *-25-22-14 -4 11 24 31 32 28 17  1-17-25	
-13 -8 -1  4 10 17 21 21 17 11  3 -9-13 *-18-18-12 -5  6 15 19 19 15  9  1 -9-16	
 4942.944 -206.807
-22-23-18 -8  7 22 29 30 26 17  6 -8-20 *-55-63-56-35 -5 33 49 52 46 30  8-19-47	
-11-12-10 -5  1 10 15 18 16 12  6 -2 -9 *-32-37-33-22 -6 12 28 30 26 18  6-10-26	
 4942.944 -204.506
-30-31-26-15  1 18 27 29 25 17  5-12-27 *-56-62-56-36 -6 29 58 64 56 38 13-19-49	
-14-17-15-10 -2  6 13 17 16 12  6 -2-11 *-31-37-34-22 -6 13 30 37 34 23 10 -7-24	
 4942.944 -202.206
-31-31-27-16 -1 16 23 24 21 14  3-15-29 *-59-63-56-36 -5 33 59 66 58 39 12-23-53	
-16-18-15-10 -3  6 12 14 14 10  5 -3-13 *-33-39-34-22 -5 15 32 38 35 24 10 -8-26	
 4942.944 -157.606
 -6 -3 -2 -1  3  5  6  8  7  5  1 -9 -6 * -3  0  0  1 17 36 48 51 43 24 -5-14 -5	
 -8 -7 -6 -2  1  3  4  5  4  4  2 -4 -8 *-13-11 -8  0 12 22 27 28 24 14  0-11-13	
 4942.944 -153.006
  0 -4 -4 -2  3  4  1 -1 -3 -5 -2  0  1 *-13-12-10 -8 -1  6  4  2 -2 -5 -7-10-12	
  0  0  0  0  2  3  2  1 -1 -2 -4 -2 -1 * -8 -9 -7 -5 -1  3  4  2  1 -2 -4 -6 -8	
 4942.944 -148.406
-23-23-19-12  0 14 17 12  4 -4-12-19-22 *  9  9  7  4 -2 -8-10 -7 -3  2  6  9 10	
-13-14-12 -8 -1  6 11 10  7  2 -4 -9-12 *  6  5  4  2  0 -4 -6 -6 -4 -1  2  4  5	
 4942.944 -146.106
-29-29-25-15  0 16 23 20 11  1-11-21-28 *  6  5  4  2 -1 -5 -8 -8 -6 -2  1  4  6	
-15-16-15-10 -3  6 12 14 10  4 -3 -8-14 *  3  3  3  2  0 -2 -4 -5 -4 -2  0  1  3	
 4944.444 -219.457
-36-37-32-20 -4 14 21 18 12  3 -8-21-33 *-31-34-30-19 -1 21 38 48 46 33 14-12-28	
-18-20-18-12 -5  4 10 11  9  5  0 -8-16 *-19-21-18-10  0 14 24 27 26 19 10 -3-15	
 4944.444 -217.157
-35-36-31-18  1 15 19 15  7 -3-11-22-33 *-25-26-23-13  3 22 34 37 31 17  2-14-23	
-20-20-17-11 -2  7  9  8  6  1 -4-11-18 *-16-16-14 -7  2 13 20 21 18 12  3 -7-14	
 4944.444 -214.857
-41-40-34-20  7 21 12  0 -1  1-13-34-41 *  3  5  2  0  6  8  9 10  8  8 13  3  3	
-25-25-20-12  2 12 12  7  1 -2 -6-16-23 * -1 -2 -2  0  6  4  5  4  3  2  4  1 -1	
 4944.444 -212.557
-27-27-23-14  2 20 23 18 11  0-13-22-27 * -4 -5 -4 -3  1  5  7  8  7  3 -3 -5 -5	
-15-15-12 -7  0 10 15 14 10  5 -3-10-14 * -4 -4 -3 -2  1  4  4  4  3  2 -1 -3 -4	
 4944.444 -210.257
-16-17-14 -7  1 13 14  4 -3 -6-12-15-15 * -5 -5 -5 -3  1  2  1  0  0 -1 -1 -3 -4	
 -7 -6 -5 -3  0  3  9  9  5  1 -3 -6 -7 * -4 -5 -4 -3  0  1  1  0 -1 -1 -1 -2 -3	
 4944.444 -207.957
-12-12 -9 -5  2  9 17 16 14  8  0 -6-10 *-28-32-28-18  0 19 15 19 16  6 -8-19-25	
 -3 -4 -3 -2  1  2 11 12  8  5  1 -1 -3 *-20-22-19-12 -2 12 15  8  5  1 -5-12-18	
 4944.444 -205.656
-26-27-23-14  1 17 33 35 30 22  9 -9-23 *-32-37-33-22 -2 24 44 46 41 29 12 -7-27	
-10-13-11 -7 -1  6 14 21 21 16  9  0 -7 *-19-23-20-13 -3 10 23 29 24 16  7 -6-16	
 4944.444 -203.356
-33-34-30-18 -1 18 30 33 28 19  5-15-30 *-31-34-31-20 -2 19 40 45 40 28 12 -8-26	
-14-18-16-10 -2  7 14 18 19 14  7 -2-11 *-16-21-19-12 -3  9 19 25 24 17  8 -2-12	
 4944.444 -201.056
-35-37-32-21 -3 18 28 30 25 16  1-19-33 *-36-38-34-22 -2 25 44 50 44 30 11-14-33	
-18-20-18-12 -3  7 15 17 16 12  4 -5-15 *-20-24-21-13 -3 11 23 28 26 19  9 -3-15	
 4944.444 -158.756
-50-51-45-28  0 33 46 44 34 18 -6-34-48 *-37-38-33-21  2 31 50 58 51 34  5-23-36	
-29-30-26-16 -3 16 26 28 23 14  1-16-26 *-23-24-21-13 -1 15 27 32 31 23 11 -9-20	
 4944.444 -156.456
-63-63-54-33  9 35 25 -2 -9-12-27-52-61 * -6 -6 -6 -4  4  7 10  9  8  4  2 -4 -6	
-39-38-32-19  2 22 20  9 -6-13-19-30-37 * -5 -5 -5 -3  3  4  5  5  4  4  1 -2 -5	
 4944.444 -154.156
-42-42-36-23  1 28 27 13 -3-14-24-35-40 * 13 12 10  6 -2-10-11 -6  4  7  9 10 12	
-25-25-21-13 -1 13 19 15  6 -4-13-19-24 *  7  7  6  3  0 -5 -7 -6 -3  2  4  6  7	
 4944.444 -151.856
-44-45-40-26 -3 24 31 24 12 -3-19-33-41 *  9  9  8  5  1 -5 -9 -9 -6 -1  3  7  9	
-24-26-22-15 -4 10 19 18 13  4 -5-15-22 *  5  5  4  3  1 -1 -4 -6 -5 -3 -1  2  4	
 4944.444 -149.556
-38-40-36-24 -4 20 32 28 19  7 -9-25-36 * 10 10  9  5  0 -5-10-10 -8 -4  2  7 10	
-20-22-20-14 -4  7 17 19 15  8  0-10-18 *  5  6  5  3  1 -1 -4 -6 -6 -4 -1  2  5	
 4944.444 -147.256
-34-36-32-22 -4 18 30 29 22 11 -4-21-32 *  6  6  5  3  0 -4 -8-10 -9 -6 -2  3  6	
-17-20-18-13 -4  6 14 18 15 10  2 -7-15 *  3  3  3  2  1 -1 -3 -5 -5 -4 -2  0  2	
 4945.944 -218.307
-35-37-32-20 -4 13 25 27 20  9 -4-20-32 *-14-16-14-10 -2  8 17 23 23 19  9 -4-12	
-15-18-16-11 -4  4 10 14 13  9  3 -5-12 * -8 -9 -8 -6 -1  4 10 13 12 10  6  1 -6	
 4945.944 -216.007
-35-36-31-19 -3 15 27 27 18  5-10-24-33 * -7 -8 -7 -5  0  5 11 13 12  6  1 -3 -6	
-16-18-15-10 -3  5 12 15 13  8  1 -7-14 * -5 -5 -5 -3  0  3  4  6  6  4  2 -2 -4	
 4945.944 -213.707
-36-37-31-19 -2 17 30 28 17  4 -9-24-34 * -5 -5 -4 -3  1  4  5  7  7  4  2 -2 -5	
-16-18-15-10 -2  6 13 16 14  8  1 -7-14 * -4 -4 -4 -2  1  3  3  2  2  1  0 -2 -4	
 4945.944 -211.407
-27-28-24-15 -1 12 23 23 14  3 -7-17-25 * -6 -6 -6 -4  0  4  4  4  4  1 -2 -5 -6	
-11-13-11 -7 -2  4  9 12 11  7  2 -4 -9 * -5 -5 -5 -3  0  2  3  2  1  0 -1 -3 -5	
 4945.944 -209.107
-24-26-23-14 -2 10 20 21 13  4 -5-15-22 *-11-12-11 -7  0  6  5  3  0 -3 -7-10-11	
 -9-11-10 -7 -2  3  7 11 11  8  3 -3 -8 * -9 -9 -8 -5  0  4  4  2  1 -1 -3 -6 -8	
 4945.944 -206.807
-25-28-24-15 -2 10 15 17  9  1 -7-15-23 *-16-19-17-11 -1 13 14 12  8  1 -7-11-14	
-11-13-11 -8 -2  4  6  8 10  7  2 -4 -8 *-13-13-11 -7 -1  6 13  9  4  1 -3 -8-12	
 4945.944 -204.506
-30-34-30-19 -2 15 28 32 28 18  4-13-27 *-21-24-22-14 -1 15 35 35 31 22 10 -3-17	
-13-16-15-10 -3  6 13 17 18 12  5 -3-10 *-12-14-13 -9 -2  7 16 23 19 11  4 -4-10	
 4945.944 -202.206
-35-38-34-22 -3 17 33 39 34 23  6-14-31 *-22-24-22-14 -1 16 32 39 35 25 12 -3-19	
-15-19-18-12 -3  6 15 19 20 16  8 -1-11 *-11-15-14 -9 -2  7 15 21 21 16  9  1 -7	
 4945.944 -159.906
-45-49-44-28 -5 23 42 47 41 27  6-20-41 *-20-21-19-12  0 15 29 37 34 25 13 -3-18	
-21-26-23-16 -4  9 20 25 24 18  8 -4-16 *-11-13-12 -7 -1  7 15 19 20 16 10  3 -7	
 4945.944 -157.606
-51-54-48-32 -5 28 51 57 51 34  7-27-46 *-14-15-14 -9 -1 10 20 27 27 22 11 -4-13	
-26-30-27-18 -5 11 25 31 30 22 11 -6-21 * -8-10 -9 -6 -1  4 10 13 14 13  9  1 -6	
 4945.944 -155.306
-47-50-44-29 -4 28 50 54 47 29  2-29-43 * -6 -7 -6 -4  0  5  7  8 10  8  4 -4 -6	
-25-28-25-17 -4 11 25 31 29 21  9 -8-21 * -4 -5 -4 -3  0  3  4  5  4  4  2 -2 -4	
 4945.944 -153.006
-46-49-44-29 -5 25 45 48 42 27  3-25-42 *  6  6  6  4  1 -2 -6 -7 -5 -3 -1  2  6	
-24-27-24-16 -5 10 21 27 25 18  7 -7-19 *  2  3  3  2  1  0 -2 -3 -4 -3 -2  0  2	
 4945.944 -150.706
-44-47-43-29 -6 22 40 44 39 26  5-22-40 *  7  7  6  4  1 -3 -8 -9 -8 -6 -3  3  6	
-22-26-23-16 -5  8 19 24 23 17  7 -6-18 *  3  3  3  2  1  0 -3 -5 -5 -4 -3  0  2	
 4945.944 -148.406
-37-40-36-25 -5 18 34 37 33 22  5-17-33 *  4  4  3  2  0 -2 -6 -8 -8 -7 -4  1  4	
-18-21-20-14 -5  6 16 20 19 14  6 -5-14 *  1  2  2  1  1  0 -1 -3 -4 -4 -3 -1  1	
 4945.944 -146.106
-32-36-33-23 -6 16 31 36 33 24  9-15-27 *  3  2  1  0 -1 -2 -4 -6 -6 -6 -4  0  2	
-14-19-19-14 -6  4 13 18 19 15  7 -4-11 *  1  1  1  1  1  0 -1 -2 -3 -3 -2 -1  0	
