Saint-Malo               	
 4905.326 -212.465
-15 -6 12 27 29 21 10 -1-12-20-24-23-18 * -1 -4 -7 -8 -8 -5  0  4  6  6  5  3  0	
 -5  1  8 12 11  7  3 -1 -5 -8-10 -9 -7 * -2 -3 -4 -4 -2  0  2  3  3  3  2  1 -1	
 4905.326 -210.615
-16 -6 13 29 31 22 10 -1-12-21-25-24-19 *  0 -2 -5 -7 -6 -3  1  4  6  6  4  3  1	
 -5  1  8 12 12  8  3 -1 -5 -8-10-10 -8 * -1 -2 -3 -3 -2  0  2  3  3  3  2  1  0	
 4905.326 -208.765
-17 -7 13 31 33 24 12  1-11-21-26-26-20 *  1 -1 -4 -5 -4 -2  1  4  5  5  4  3  2	
 -6  1  8 13 12  9  4  0 -4 -8-10-11 -8 *  0 -2 -2 -2 -2  0  2  3  3  2  2  1  0	
 4905.326 -206.914
-18 -7 13 31 34 24 12  1-11-21-27-26-21 *  1 -1 -3 -5 -4 -1  2  5  6  5  4  4  2	
 -6  1  8 13 13  9  5  0 -4 -8-11-11 -9 *  0 -1 -2 -2 -1  0  2  3  3  2  2  1  1	
 4905.326 -205.064
-18 -7 13 32 33 24 13  2-10-20-26-25-21 *  2  0 -3 -5 -4 -1  2  5  6  5  5  4  2	
 -6  0  8 13 13  9  5  1 -4 -8-10-11 -9 *  0 -1 -2 -2 -1  0  2  2  3  2  2  1  1	
 4905.326 -203.214
-17 -7 12 30 32 23 13  3 -8-18-24-24-19 *  1 -1 -3 -5 -4 -1  3  6  6  6  5  3  2	
 -6  0  7 12 12  9  5  1 -3 -7 -9-10 -8 *  0 -2 -2 -2 -1  0  2  3  3  3  2  1  0	
 4905.326 -201.364
-18 -9 12 31 32 23 13  4 -7-17-23-24-20 *  0 -2 -6 -5 -4 -1  4  7  8  7  5  3  1	
 -7 -1  7 12 12 10  6  2 -2 -6 -9-10 -9 * -1 -3 -3 -2 -1  1  3  4  4  3  2  1 -1	
 4905.326 -159.514
-19 -9 12 30 31 22 13  4 -7-17-22-23-21 *  0 -2 -7 -9 -7 -3  4  8  8  8  6  4  1	
 -7 -1  7 11 11  9  6  2 -2 -6 -9-10 -9 * -2 -3 -4 -3 -2  1  3  4  4  4  2  1  0	
 4905.326 -157.664
-16-10  8 24 25 18 12  5 -4-13-17-19-18 * -7 -8 -6 -2 -1  1  7 10  8  6  3 -1 -6	
 -7 -3  4  9  9  8  6  3 -1 -4 -7 -8 -8 * -5 -6 -4 -2  1  3  5  6  4  3  1 -2 -4	
 4905.326 -155.814
-15 -9  8 22 23 17 11  5 -4-12-16-17-16 * -8-11-10 -6 -3  1  8 12 10  8  5  0 -6	
 -6 -2  4  8  8  7  5  3  0 -4 -6 -8 -7 * -6 -8 -6 -4  0  4  7  7  6  4  2 -1 -5	
 4906.476 -211.540
-14 -4 15 29 30 21  9 -3-13-21-24-22-17 *  0 -4 -8-10-10 -6  0  5  7  7  6  4  1	
 -4  2  9 12 11  7  2 -2 -5 -8-10 -9 -7 * -1 -3 -4 -4 -3 -1  2  3  4  4  3  1  0	
 4906.476 -209.690
-14 -4 14 29 30 21  9 -2-13-21-24-23-17 *  0 -2 -5 -6 -5 -3  1  4  5  5  4  3  1	
 -4  2  9 12 11  8  3 -1 -5 -8-10 -9 -7 * -1 -2 -3 -3 -2  0  2  3  3  2  2  1  0	
 4906.476 -207.839
-14 -4 14 29 30 21 10 -1-11-20-24-22-17 *  2 -1 -4 -6 -4 -2  2  5  6  6  5  4  2	
 -4  2  8 12 11  8  3 -1 -4 -8-10 -9 -7 *  0 -1 -2 -3 -2  0  2  3  3  3  2  2  1	
 4906.476 -205.989
-14 -5 14 29 30 21 10  1-10-19-23-23-17 *  1 -1 -3 -4 -3 -1  3  5  5  5  4  3  2	
 -5  1  8 12 11  8  4  0 -4 -7 -9 -9 -7 *  0 -1 -2 -2 -1  0  2  2  3  2  2  1  1	
 4906.476 -204.139
-16 -5 15 30 30 21 11  2 -9-19-24-24-19 *  1  0 -3 -4 -3 -1  3  6  6  5  4  3  1	
 -6  1  8 12 12  9  5  1 -3 -7-10-10 -8 *  0 -1 -2 -2 -1  0  2  2  3  2  2  1  0	
 4906.476 -202.289
-14 -5 12 27 27 19 12  4 -6-15-20-20-16 *  0 -1 -3 -3 -3  0  4  7  7  5  4  2  1	
 -6 -1  6 11 11  9  6  2 -2 -5 -8 -9 -8 * -1 -2 -2 -2 -1  1  3  3  3  2  2  0 -1	
 4906.476 -200.439
-14 -6 11 26 27 19 12  6 -4-13-18-19-16 * -4 -4 -4 -2 -1  1  6  9  8  5  1 -2 -3	
 -7 -2  5 10 11  9  7  4  0 -4 -7 -9 -9 * -3 -4 -3 -1  1  3  4  5  4  3  1 -1 -3	
 4906.476 -158.589
-16 -9  9 25 26 19 13  7 -3-12-18-19-18 * -5 -6 -5 -3 -1  2  8 11  9  7  4  0 -4	
 -8 -2  5 10 10  9  7  5  1 -3 -7 -9 -9 * -5 -5 -3 -2  1  4  6  6  5  3  1 -1 -4	
 4906.476 -156.739
-10 -5  6 17 18 13  9  6 -2 -9-12-13-11 *-14-17-14 -5 -2  2 10 15 13 10  5 -2-11	
 -5 -1  3  6  7  6  5  4  1 -2 -5 -6 -5 *-10-12 -8 -4  1  6  9 10  7  5  2 -3 -8	
 4906.476 -154.889
-12 -9  4 17 18 12  9  6 -1 -8-12-13-13 *-12-14 -9 -4 -1  3 11 15 13 10  5 -1 -9	
 -5 -2  3  6  6  6  5  4  2 -2 -4 -6 -6 * -9 -9 -6 -3  1  6  9 10  7  5  2 -2 -7	
 4907.626 -212.465
-12 -1 17 29 30 20  8 -4-15-22-24-21-15 * -1 -5 -8-11-10 -6 -1  4  6  7  5  3  0	
 -3  4 10 13 11  7  2 -3 -7 -9-10 -9 -6 * -2 -3 -4 -5 -3 -1  1  3  3  3  3  1  0	
 4907.626 -210.615
-12 -2 18 32 32 22  9 -4-15-23-25-22-16 *  0 -3 -5 -7 -7 -4  0  3  5  5  4  3  1	
 -3  3 10 14 12  8  2 -3 -6 -9-10 -9 -6 * -1 -2 -3 -3 -2 -1  1  2  3  3  2  1  0	
 4907.626 -208.765
-12 -2 16 29 29 20  9 -2-13-20-23-20-15 *  0 -2 -3 -4 -3 -1  1  4  4  4  3  2  1	
 -4  3  9 13 11  8  3 -1 -5 -8 -9 -9 -6 *  0 -2 -2 -2 -1  0  1  2  2  2  1  1  0	
 4907.626 -206.914
-12 -3 16 29 29 20  9 -1-12-20-23-21-16 *  1 -1 -2 -2 -1  0  3  4  4  4  3  2  1	
 -4  2  9 13 12  8  4 -1 -4 -8 -9 -9 -7 *  0 -1 -1 -1  0  1  2  2  2  2  2  1  1	
 4907.626 -205.064
-12 -3 14 27 27 18  9  1 -9-17-21-20-15 *  1  0 -2 -3 -2  0  3  5  4  4  4  3  2	
 -4  2  8 12 11  8  4  0 -3 -6 -8 -9 -7 *  0 -1 -2 -2 -1  0  1  2  2  2  2  1  1	
 4907.626 -203.214
-12 -3 15 26 26 18 10  3 -7-16-20-20-15 *  1 -1 -4 -6 -4 -1  3  5  5  5  4  3  2	
 -5  1  8 12 11  8  5  2 -2 -6 -8 -9 -7 *  0 -1 -2 -2 -2  0  1  2  2  2  2  2  1	
 4907.626 -201.364
-14 -5 14 27 26 18 12  6 -3-12-19-21-16 * -1 -1 -3 -3 -2  0  4  7  6  4  0 -1 -1	
 -7  0  8 12 11  9  7  4  0 -4 -8-10 -9 * -1 -2 -2 -1  0  1  3  3  2  2  0 -1 -1	
 4907.626 -159.514
-18-10  9 26 26 19 14 10  1 -9-17-21-20 * -9 -8 -2  6  6  6 10 12  8  3 -2 -6 -9	
-10 -4  5 11 12 11 10  8  3 -1 -7-10-11 * -6 -5 -1  2  4  6  7  7  5  2 -1 -4 -6	
 4907.626 -157.664
-12 -8  5 17 19 14 11  8  1 -6-11-13-13 *-11-12 -8 -1  1  4 10 13 11  8  3 -4-10	
 -6 -2  3  7  8  8  7  6  3  0 -4 -6 -6 * -9 -9 -5 -1  3  6  8  8  6  3  0 -4 -8	
 4907.626 -155.814
-12 -9  3 16 17 12  9  6  1 -6-10-12-12 *-15-18-13 -4  0  5 13 18 15 10  5 -2-11	
 -5 -3  3  6  7  6  6  5  3  0 -3 -5 -5 *-11-12 -8 -3  2  8 12 12  9  6  1 -4 -9	
 4908.776 -211.540
 -8  4 19 27 27 17  4-10-20-25-25-19-11 * -2 -3 -5 -7 -6 -4  0  3  4  3  2  0 -2	
 -1  6 11 13 10  5 -1 -6 -9-11-11 -9 -5 * -2 -2 -3 -3 -2 -1  1  2  2  2  1  0 -1	
 4908.776 -209.690
 -9  2 17 25 25 15  4 -8-17-22-23-19-12 * -1 -2 -2 -2 -2 -1  1  2  2  1  1  0 -1	
 -2  5 10 12 10  5  0 -4 -7 -9-10 -9 -5 * -1 -1 -1 -1 -1  0  1  1  1  1  1  0 -1	
 4908.776 -207.840
 -8  1 14 21 20 13  4 -4-13-18-20-17-11 * -1 -2 -2  0  1  1  3  3  3  2  1  1  0	
 -2  4  9 10  8  5  1 -2 -5 -8 -8 -8 -5 *  0 -1 -1  0  0  1  2  2  1  1  1  0  0	
 4908.776 -205.990
 -7  2 13 19 18 12  4 -3-11-16-17-14 -9 *  1 -2 -5 -4 -2  1  3  4  4  4  4  3  1	
 -2  4  8  9  8  5  2 -1 -4 -6 -7 -7 -4 *  0 -1 -2 -2 -1  0  1  2  2  2  2  2  1	
 4908.776 -204.139
 -5  2 11 18 18 13  7  1 -8-14-15-11 -7 * -2 -1  0 -1  0  1  3  4  3  2  1  0 -1	
 -1  4  8  9  8  6  3  0 -3 -6 -7 -6 -3 *  0 -1 -1 -1  0  0  1  1  1  1  1  1  0	
 4908.776 -202.289
  0  0  8 12 16 13 11  7 -2-11-12  0  0 *  0  0  4  0  2  4  7  8  5  1 -1  0  0	
  0  3  7  8  8  8  6  3  0 -4 -6 -4 -2 * -1 -2 -1  0  1  2  4  3  2  0  0 -1 -1	
 4908.776 -200.439
  0  0  2  7 11 12 15 13  3 -5-10  0  0 *  0  0  0 -2 -2  1  8 10  7  3  0  0  0	
 -3  1  4  6  6  7  7  6  3 -1 -5 -5 -4 * -2 -1 -1 -1  0  1  1  1  1  1  0 -1 -2	
 4908.776 -158.589
 -8 -6  1  9  9  9 12 12  6 -2 -8 -9 -9 *-19-17 -6  5  4  7 15 19 14  8 -1-11-18	
 -5 -2  2  4  6  8  9  9  6  2 -2 -4 -5 *-15-12 -4  3  7 10 13 12  8  3 -3 -9-14	
 4908.776 -156.739
 -2  1  6 10  8  4  6  5  1 -4 -8 -7 -4 *-15-18-14 -6 -2  5 15 20 17 12  6 -2-12	
  0  2  4  5  4  3  4  3  2  0 -1 -2 -1 *-13-13 -9 -3  3 10 14 13 10  6  1 -5-11	
 4908.776 -154.889
 -5 -1  7 14 12  6  4  2 -1 -5 -8 -9 -6 *-10-16-16-10 -5  2 14 19 17 13  9  3 -6	
 -1  2  5  6  5  3  2  2  1  0 -2 -2 -1 *-10-12-10 -5  0  7 12 13 10  7  3 -2 -8	
 4909.926 -212.465
 -2  8 17 22 21 12 -1-11-18-20-18-13 -6 * -1 -2 -3 -3 -2  0  2  4  5  4  3  1 -1	
  2  7 10 10  8  3 -3 -7 -9 -9 -8 -6 -2 * -1 -1 -1 -1 -1  0  1  2  2  2  2  1  0	
 4909.926 -208.765
 -3  3  9 12 11  6  0 -6 -9-10-10 -8 -4 * -2  0  6  9  8  5  2  0 -2 -3 -4 -4 -3	
  0  3  5  6  5  2 -1 -3 -4 -5 -5 -4 -2 *  0  2  4  4  3  2  1  0 -1 -1 -2 -1 -1	
 4909.926 -159.514
  4  5  1 -3 -5 -5  0  3  2 -1 -1  1  3 * -5 -6 -8 -6 -3  5 10  9  7  8  4  0 -4	
  4  3  1 -1 -3 -2  0  1  2  2  2  3  4 * -8 -8 -5 -1  2  5  5  3  1 -1 -3 -5 -7	
 4909.926 -157.664
 -1  1  4  5  3 -2 -2  1  0 -2 -4 -4 -2 * -7-11-13-10 -6  1 13 18 16 12  7  1 -5	
  1  2  3  3  1 -1 -1  0  0  0 -1  0  1 * -9-10 -8 -4  1  7 11 11  9  5  2 -3 -7	
 4909.926 -155.814
 -3  1  6 10  8  3 -1  0 -1 -4 -6 -7 -4 * -7-11-13-11 -9 -1 12 18 16 13  8  3 -5	
  1  2  4  5  3  1  0  0  0 -1 -1 -1  0 * -9-10 -8 -5 -1  6 11 12  9  6  3 -2 -6	
 4911.076 -200.439
  2  2 -1 -4 -5 -3 -2  0  1  1  2  2  2 * -1 -5 -8 -6  0  8 12 10  8  6  5  4  0	
  1  0 -1 -2 -2 -1 -1 -1  0  0  0  1  1 * -5 -6 -4 -1  3  6  6  4  2  0 -1 -3 -5	
 4911.076 -158.589
  1  2  2  0 -1 -3 -5 -3 -2 -2 -2 -2  0 * -4 -8-12-13-10  0 12 16 15 13 10  5 -1	
  1  1  1  0 -1 -3 -3 -3 -2 -2 -1  0  1 * -7 -9 -8 -5 -1  5  9  9  7  5  2 -2 -6	
 4911.076 -156.739
 -1  3  8 10  9  4 -4 -5 -5 -6 -7 -6 -3 * -4-11-17-19-17 -6 10 19 18 16 12  6 -1	
  2  4  5  5  3 -1 -3 -4 -3 -3 -2 -1  1 * -8-12-11 -9 -4  4 10 12 10  7  4  0 -6	
 4911.076 -154.889
 -2  2  6 11 11  6  0 -4 -5 -6 -7 -6 -3 * -4 -9-13-15-13 -5  8 17 17 14 10  5 -1	
  1  3  5  5  4  1 -2 -3 -3 -3 -3 -2  0 * -6 -9 -9 -7 -3  3  9 11 10  7  4  1 -4	
 4912.226 -159.514
  0  1  0  0  1  1 -1 -2 -2 -1  0  0  0 * -1 -8-16-20-16 -1 16 17 15 15 14  9  2	
  0  0  0  0  0 -1 -1 -1 -1 -1 -1 -1  0 * -7-10-11 -9 -3  5 10  9  7  5  3  0 -5	
 4912.226 -157.664
 -1  2  9 14 14  8 -1 -8 -9 -9 -8 -6 -3 * -1 -8-17-24-22-11  7 17 19 17 14  9  2	
  2  4  6  6  4  1 -3 -5 -6 -5 -4 -2  0 * -6-10-12-11 -6  1  8 11 10  8  5  1 -4	
 4912.226 -155.814
 -3  1  9 15 15  9  1 -7 -9-10 -9 -7 -4 * -2 -7-13-17-17 -8  5 16 17 15 11  7  1	
  1  4  6  7  5  2 -2 -5 -6 -5 -4 -3 -1 * -5 -8 -9 -8 -4  2  7 10  9  7  5  1 -3	
 4913.376 -200.440
  1  6 11 14 12  1 -7 -6 -8 -8 -7 -5 -1 * -2 -8-13-17-13 -2  7 11 14 13 10  5  0	
  5  8  8  7  2 -4 -5 -4 -4 -4 -3  0  3 * -6 -9-10 -8 -2  2  5  7  7  6  4  1 -4	
 4913.376 -158.589
 -3  4 14 23 23 14  2-10-14-14-13-10 -5 *  2 -6-19-28-26-12  7 19 21 20 18 13  5	
  2  6  9 10  8  3 -3 -7 -8 -7 -6 -4  0 * -5-10-13-12 -8  0  8 11 11  9  7  3 -2	
 4913.376 -156.739
 -4  2 13 23 23 14  3 -8-14-14-13-11 -6 *  0 -6-15-22-21-11  4 15 18 17 14 10  3	
  1  6  9 10  8  4 -2 -6 -8 -8 -6 -4 -1 * -5 -9-11-10 -6  0  7 10  9  8  5  2 -2	
 4913.376 -154.889
 -4  2 12 21 21 13  3 -7-13-14-13-11 -6 * -1 -6-12-17-16 -7  5 14 16 15 12  7  1	
  1  5  9 10  7  3 -2 -6 -8 -8 -7 -5 -2 * -5 -8 -9 -7 -4  1  7  9  9  7  5  2 -2	
