Saint-Malo               	
 4838.142 -214.264
  0  0 -2 -1 -1  0  0  0  0  0  0  0  0 *  0  0 -6 -7 -5 -1  3  6  6  7  7  0  0	
  0  0 -1 -1  0  0  0  0  0  0  0  0  0 *  0 -3 -4 -3 -2  0  2  3  3  4  3  2  1	
 4840.142 -204.981
-10  0 12 18 20 16  8 -2-12-17-17-16-13 *  5  2 -2 -3 -1 -1  0  4  3  4  5  6  6	
 -5  3  7  8  8  5  2 -2 -5 -7 -8 -7 -6 *  2  0 -1 -1 -1  0  1  1  1  1  2  2  2	
 4839.742 -204.331
-10 -1 14 19 20 16  7 -2 -9-14-16-15-12 *  3  1 -2 -3 -2 -2  0  1  2  3  4  5  4	
 -3  3  8  9  8  5  1 -2 -5 -7 -8 -7 -5 *  1 -1 -1 -2 -1 -1  0  1  1  1  2  2  1	
 4838.892 -202.714
 -8 -7 -3  6  8  5  3 -2 -3 -5 -5 -7 -8 * 14 12  4 -8 -9 -6 -4  3  3  7  8 12 14	
 -3  5  1  4  4  3  0 -1 -3 -3 -4 -4 -3 *  6 -5 -1 -5 -5 -3  1  2  3  4  6  6  5	
 4839.642 -202.164
  3  6 10 10 10  8  4 -4 -8 -9 -5 -2  2 *  6  4  2 -2 -1 -2 -1 -2  0  0  1  3  6	
 -3  2  4  5  4  3  1 -1 -3 -4 -4 -3 -2 * -1 -2 -1 -1 -1  0  1  0  0  0  0  0  0	
 4838.892 -203.814
 -4 -1  4 15 15 13  5 -4 -9-12-12 -9 -4 *  0 -3  0 -1 -2 -2 -1  1  1  1  2  1  0	
 -2  3  3  7  6  5  0 -3 -5 -6 -6 -5 -4 *  0 -1  0 -1 -1  0  0  0  0  0  1  0  0	
 4839.342 -203.681
 -8 -4  8 13 13 11  5 -2 -7-11-10-11 -9 *  9  7 -3 -8 -7 -5 -2  2  3  6  7 10 10	
 -4  3  5  6  5  4  0 -2 -4 -5 -6 -6 -5 *  3 -2 -3 -4 -3 -2  0  1  2  3  4  4  4	
 4838.442 -208.781
  0  2  5  8 10  7  2 -3 -4 -3 -2 -1  0 *  0  0 -1 -1  0  0  0  0  0  1  1  1  0	
  1  3  4  4  4  3  0 -1 -2 -2 -2 -1  0 *  0  0  0  0  0  0  0  0  0  0  0  0  0	
 4838.442 -205.581
 -3  2  7 10 10  7  2 -5 -7 -8 -8 -7 -4 *  1 -1 -3 -2 -2 -2  0  1  1  1  1  1  1	
  0  3  4  5  4  2 -1 -3 -4 -4 -4 -4 -2 *  0 -1 -1 -1 -1 -1  0  0  0  0  0  0  0	
 4839.942 -203.191
 -3  3 10 14 16 13  6 -1 -7-11-12 -9 -5 *  4  2  0 -2 -1 -1  0  1  1  1  2  3  4	
 -2  2  6  7  7  4  1 -1 -4 -6 -7 -6 -4 *  0 -1 -1 -1 -1  0  1  0  0  0  1  1  0	
 4839.542 -205.381
  0  0 13 20 22 17  8 -2-10-15-16  0  0 *  0  0  1  0  0  0  0  1  1  1  1  0  0	
 -2  4  8 10  9  6  2 -2 -5 -7 -8 -7 -4 *  0  0  0  0  0  0  0  0  0  0  0  0  0	
 4838.142 -210.481
 -1  1  4  7  7  5  1 -2 -4 -4 -4 -3 -2 *  2  1 -4 -6 -4 -3 -1  0  1  2  4  4  3	
  0  1  2  3  3  2  1  0 -1 -2 -2 -2 -1 *  0 -1 -2 -2 -1  0  0  1  1  1  1  1  0	
 4842.092 -158.081
 -5  1 12 20 22 17  9 -1 -8-13-13-10 -7 * -2  0  5  8  9  7  4  1 -4 -6 -5 -4 -3	
 -2  3  7  9  9  6  2 -1 -4 -6 -7 -6 -4 * -1  1  3  4  4  3  2  0 -2 -3 -3 -3 -2	
 4840.392 -203.761
 -1  3  9 12 15 12  7 -1 -8-12-12-10 -3 *  6  3  0  0  0  0  0  2  0  0  0  1  7	
  0  3  5  6  7  5  1 -2 -4 -6 -7 -6 -4 *  2 -1  0  0  0  0  1  1  1  1  1  1  1	
 4837.643 -210.681
  0  0  1  3  4  2  0 -2 -2 -2 -1  0  0 *  0  0 -9-12 -7 -5 -2  1  3  5  7  0  0	
  0  1  1  2  2  1  0 -1 -1 -1 -1 -1  0 *  0 -2 -3 -3 -2 -1  0  1  2  2  3  2  1	
 4841.742 -157.214
  1  4 10 16 16 12  4 -4 -4 -2 -1 -1  0 *  2  2  3  4  5  4  2 -1 -3 -2 -1  1  2	
  3  5  7  7  6  4  0 -3 -3 -2 -1  0  1 *  0  1  2  2  2  1  1 -1 -1 -1 -1  0  0	
 4840.043 -150.880
  0  0  0 -3 -4 -2  3  5  5  7  7  0  0 *  0  0  0 -2 -4  1  6  7  6  7  7  0  0	
  0 -1 -3 -2 -1  0  2  3  3  3  3  2  1 * -2 -3 -3 -2  0  1  3  3  3  3  3  1  0	
 4837.392 -213.714
  0  0  0 -1 -1 -1 -2 -2 -2 -1 -1  0  0 *  0  0 -9 -9 -5 -2  2  5  6  7  7  0  0	
  0  0  0  0  0 -1 -1 -1 -1 -1  0  0  0 *  0 -3 -4 -4 -2  0  1  2  3  3  3  3  1	
 4837.392 -149.513
  0  0  0  0 -3 -4 -2 -1 -1  1  1  0  0 *  0  0  0  0-11 -2  1  2  3  4  4  0  0	
  0  0 -1  0 -1 -2  0  1  1  1  0  0  0 *  0  0 -2  1 -3  0  0  1  2  2  2  0  0	
 4837.392 -148.413
  0  0  0  0 -3 -3 -4 -2 -2  0  1  0  0 *  0  0  0  2-10 -2  0  3  3  3  4  0  0	
  0  0 -1 -1  1 -1 -1  0  0  0  1  1  0 *  0  0 -1  0 -3 -1  0  1  1  2  2  1  0	
 4837.392 -147.313
  0  0  0  2  1 -1 -4 -3 -3 -2  1  0  0 *  0  0  0  0 -7 -4  0  3  4  4  5  0  0	
  0  0  1 -1  0 -1 -2 -1  0 -1  0  0  0 *  0  0  1 -2 -3 -2  0  1  2  2  2  1  1	
 4837.392 -146.213
  0  0  1 -1  4 -1 -3 -3 -2 -1 -1  0  0 *  0  0 -1 -7 -8 -6 -1  2  4  4  5  0  0	
  0  0 -1 -2  1 -1 -1 -1  0  0  0  1  0 *  0 -2 -4 -2 -2 -1  0  1  1  2  1  2  1	
 4838.142 -213.164
 -1  1  3  4  3  1 -1 -3 -4 -4 -3 -2 -1 *  3 -1 -8-11 -8 -5  0  4  6  7  7  7  5	
  0  1  2  2  2  1  0 -1 -2 -2 -2 -2 -1 *  0 -2 -4 -5 -4 -2  0  2  3  3  3  3  1	
 4838.142 -212.064
  0  2  4  6  6  3  0 -3 -5 -5 -4 -2 -1 *  0 -1 -4 -6 -6 -4 -1  1  3  3  3  2  1	
 -1  1  2  3  3  2  0 -1 -2 -2 -3 -2 -1 *  0 -2 -2 -2 -2 -1  0  1  1  2  2  1  0	
 4838.142 -150.063
  0  0 -1 -1 -6 -3 -3 -1  0  1  4  0  0 *  0  0 -4 -1 -5 -2  1  3  4  5  4  0  0	
  0 -2 -2 -2 -2 -1  0  0  1  1  1  2  1 *  0 -1 -2 -2 -2  0  0  0  1  2  2  1  1	
 4838.142 -148.963
  0  0 -4 -2 -6 -3 -4 -3 -2  0  2  0  0 *  0  0 -6 -7 -9 -4  1  4  4  5  6  0  0	
  1  1 -2 -2 -1 -1 -1  0  0  1  1  1  1 *  1  0 -4 -4 -2  0  1  2  2  3  3  2  1	
 4838.142 -147.863
  0  0 -1 -1 -4 -4 -5 -4 -3 -1  0  0  0 *  0  0 -5 -6 -8 -6  0  3  5  6  6  0  0	
  1  1 -1 -1 -1 -1 -2 -1 -1  0  0  1  1 *  0 -2 -4 -3 -3 -1  1  1  2  3  3  2  1	
 4838.142 -146.763
  0  0 -1  4 -2 -2 -5 -4 -3 -3 -2  0  0 *  0  0 -3 -4 -8 -6 -1  3  4  6  6  0  0	
  0  0  1  1  0 -1 -2 -2 -1 -1 -1 -1  0 *  0  0 -2 -3 -3 -2  0  1  2  3  3  3  1	
 4838.142 -145.663
  0  0  0 -2 -1 -1 -4 -5 -4 -3 -3  0  0 *  0  0 -3 -7 -9 -7 -2  2  4  5  5  0  0	
  1  1  1  1  0 -1 -2 -2 -2 -2 -1 -1  0 *  0 -1 -3 -3 -3 -2  0  1  2  2  2  2  1	
 4838.892 -217.014
  0  0 -5-10 -7 -5 -3 -1  1  3  4  0  0 *  0  0 -6 -9 -4 -2  1  2  3  5  6  0  0	
  0 -1 -3 -3 -3 -2 -1  0  0  1  2  2  1 *  0 -2 -3 -3 -2  0  1  2  2  3  3  2  1	
 4838.892 -213.714
 -3  0  7  9  7  3 -1 -5 -6 -7 -7 -6 -4 *  4 -1-10-13-11 -6  0  6  8 11 10  9  6	
 -1  2  4  4  4  2  0 -2 -3 -3 -4 -3 -2 *  1 -2 -5 -6 -5 -2  0  2  4  5  5  4  2	
 4838.892 -212.614
 -3  0  6  9  9  5  1 -3 -6 -7 -7 -6 -4 *  2 -1 -7-10 -9 -6 -2  2  5  7  7  5  3	
 -1  1  3  4  4  2  0 -1 -2 -3 -4 -3 -2 *  0 -2 -3 -4 -4 -2 -1  1  2  3  3  3  1	
 4838.892 -211.514
 -4  0  5  9 10  7  2 -2 -5 -7 -8 -6 -5 *  1 -1 -5 -7 -6 -5 -2  0  2  4  4  3  2	
 -1  1  3  4  4  3  1 -1 -2 -3 -4 -4 -2 *  0 -2 -2 -3 -2 -1  0  1  1  2  2  1  0	
 4838.892 -210.414
 -3  0  6 11 12  8  3 -2 -5 -8 -8 -7 -5 *  0 -1 -3 -4 -4 -3 -2  0  1  2  2  2  1	
 -2  1  3  5  5  3  1 -1 -2 -3 -4 -4 -3 * -1 -1 -1 -1 -1  0  0  0  1  1  1  0  0	
 4838.892 -209.314
 -2  2  7 11 12  9  3 -2 -6 -8 -7 -5 -3 *  0  0 -1 -2 -1 -2 -1 -1  0  0  1  1  1	
 -1  2  4  5  5  3  1 -1 -2 -4 -4 -3 -2 *  0 -1 -1 -1  0  0  0  0  0  0  0  0  0	
 4838.892 -208.214
 -1  3  9 14 15 11  5 -2 -8-10 -9 -6 -3 * -1  0  1  2  2  2  1  0 -1 -2 -1 -1 -1	
 -1  3  5  7  6  4  1 -1 -3 -5 -5 -4 -2 * -1  0  0  1  1  1  1  0  0 -1 -1 -1 -1	
 4838.892 -207.114
 -1  4  9 14 17 13  5 -4-10-12-11 -8 -3 *  2  1  1  1  2  2  1  1  2  2  3  3  2	
  0  4  6  7  7  4  1 -3 -5 -6 -6 -4 -2 *  1  1  1  1  1  1  1  1  1  1  1  1  1	
 4838.892 -206.014
 -3  2 10 16 18 14  6 -3 -9-11-11 -9 -5 *  3  0 -5 -6 -5 -3 -1  2  3  4  5  5  4	
  0  4  7  8  7  4  1 -3 -5 -6 -6 -5 -2 *  1 -1 -3 -3 -2 -1  0  1  2  2  2  2  1	
 4838.892 -204.914
 -4  1  8 17 19 15  6 -4-10-14-15-12 -6 *  0  0 -1  0 -1 -1 -1  0  0  0  0  0  0	
 -2  4  8  9  8  5  0 -3 -5 -7 -8 -7 -4 *  0  0  0  0  0  0  0  0  0  0  0  0  0	
 4838.892 -150.613
  0  0  1 -2 -7 -4 -2  0  1  3  5  0  0 *  0  0  0 -2 -8 -2  2  5  5  6  6  0  0	
  0 -2 -2 -3 -2 -1  0  1  1  2  2  1  1 *  0 -2 -3 -2 -2  0  1  2  2  3  2  1  1	
 4838.892 -149.513
  0  0 -3 -4 -8 -5 -4 -2  0  1  3  0  0 *  0  0 -9 -7 -9 -4  2  5  6  7  8  0  0	
  1 -1 -2 -2 -2 -2 -2 -1  0  1  1  1  1 * -1 -3 -3 -4 -4 -1  1  3  3  4  3  3  1	
 4838.892 -148.413
  0  0  0 -2 -5 -4 -5 -3 -2  0  1  0  0 *  0  0 -6-10-11 -7  1  5  6  8  9  0  0	
  1  1  0 -1 -1 -1 -2 -1  0  0  0  1  1 *  0 -2 -5 -5 -3 -1  1  3  3  4  4  3  2	
 4838.892 -147.313
  0  1  2  1 -2 -4 -5 -4 -3 -2 -2 -1 -1 *  5  0 -6-11-11 -8 -1  4  6  8  8  8  7	
  0  1  1 -1  0 -1 -2 -1 -1 -1 -1  0  0 *  1 -1 -4 -5 -4 -2  1  2  3  4  4  3  2	
 4838.892 -146.213
 -1  2  4  3  1 -2 -5 -5 -4 -4 -3 -2 -1 *  5  0 -6-10-12 -9 -2  3  5  7  8  7  6	
  0  2  2  1  1 -1 -2 -2 -2 -2 -2 -1  0 *  1 -2 -4 -4 -4 -2  0  2  3  3  4  3  2	
 4839.642 -216.464
 -1  0  0 -2  0 -2 -2 -2 -2 -1  0  0 -1 *  3 -2 -9-12 -8 -2  4  7  7  8  8  7  4	
  0  0  0  1  0  0 -1 -1 -1 -1 -1  0  0 *  0 -4 -6 -6 -4 -1  2  4  4  4  4  3  1	
 4839.642 -215.364
 -4  1  6  8  6  1 -4 -8 -9 -9 -9 -7 -5 *  3 -1 -8-13-10 -6  0  5  8  9  9  7  5	
 -1  2  4  4  3  1 -2 -3 -4 -5 -5 -4 -3 *  1 -2 -5 -6 -4 -2  0  2  3  4  4  4  2	
 4839.642 -214.264
 -6 -1  8 12 11  6  0 -6 -9-11-11-10 -7 *  4  0 -8-13-12 -8 -2  4  8 10 10  9  6	
 -2  1  4  6  5  3  0 -2 -4 -5 -5 -5 -4 *  1 -2 -4 -6 -5 -3 -1  2  3  4  5  4  3	
 4839.642 -213.164
 -6 -1  7 13 13  8  2 -3 -7-10-11-10 -8 *  3 -1 -7-12-11 -8 -3  2  6  8  8  7  4	
 -2  1  4  6  5  3  1 -1 -3 -5 -5 -5 -3 *  1 -1 -3 -5 -4 -3 -1  1  2  3  4  3  2	
 4839.642 -212.064
 -6 -1  7 13 14 10  4 -2 -6-10-11-10 -8 *  2 -1 -6 -9 -9 -7 -3  1  4  6  6  5  3	
 -2  1  4  6  6  4  1 -1 -3 -4 -5 -5 -4 *  0 -2 -3 -4 -3 -2 -1  1  2  2  3  2  1	
 4839.642 -210.964
 -6 -2  6 13 14 10  4 -1 -6 -9-11-10 -7 *  0 -1 -4 -6 -6 -5 -3  0  2  3  3  2  1	
 -2  1  4  6  6  4  1 -1 -2 -4 -5 -5 -4 * -1 -2 -2 -2 -2 -1  0  0  1  1  1  1  0	
 4839.642 -209.864
 -5 -1  7 13 14 11  5 -1 -6-10-11 -9 -7 * -1 -1 -2 -2 -2 -2 -1  0  0  1  1  0 -1	
 -2  1  4  6  6  4  2  0 -2 -4 -5 -5 -4 * -1 -1 -1 -1  0  0  0  1  1  0  0  0 -1	
 4839.642 -208.764
 -4  1  8 15 16 13  6 -1 -7-11-11 -9 -6 * -1 -1 -1  0  0  0  0  0  0  0  0  0 -1	
 -2  2  5  7  7  5  2 -1 -3 -5 -6 -5 -3 * -1 -1 -1  0  0  1  1  1  0  0  0 -1 -1	
 4839.642 -207.664
 -4  1  9 15 17 13  6 -1 -7-11-11 -8 -5 *  0  0  0  0  1  1  1  1  1  1  1  1  0	
 -1  2  5  7  7  5  2 -1 -3 -5 -5 -5 -3 *  0 -1  0  0  1  1  1  1  1  0  0  0  0	
 4839.642 -206.564
 -4  2 11 17 20 16  7 -1 -8-12-12-10 -6 *  2  2  1  0  1  0  1  1  1  2  2  2  2	
 -2  3  6  8  8  5  2 -1 -4 -6 -6 -5 -3 *  1  0  0  0  0  1  1  1  1  1  1  1  1	
 4839.642 -201.064
  0  0  5  6  6  5  2  0 -4 -4 -3  0  0 *  0  0 -1 -1  0  0  0  0 -1 -1  0  0  0	
  0  1  3  3  3  2  1 -1 -2 -2 -2 -2 -1 *  0  0  0  0  0  0  1  0  0  0  0  0  0	
 4839.642 -150.063
  0  0 -4 -7 -7 -5 -2  1  2  4  5  0  0 *  0  0 -5 -8 -7 -1  5  8  8  9  9  0  0	
  1 -1 -3 -3 -2 -1 -1  0  1  2  2  2  2 * -1 -3 -4 -4 -3  0  2  3  4  4  4  3  1	
 4839.642 -148.963
  2  1 -1 -4 -6 -6 -5 -2  0  1  2  2  2 *  5  0 -7-11-11 -5  3  7  8 10 10  8  7	
  1  0 -1 -2 -2 -2 -2 -1  0  0  1  1  1 *  0 -3 -5 -5 -4 -1  2  3  4  5  5  4  2	
 4839.642 -147.863
  1  2  2 -2 -5 -5 -6 -4 -2 -1  0  0  1 *  5  0 -8-12-13 -9 -1  6  8 10 11  9  7	
  1  1  0 -1 -1 -2 -2 -2 -1 -1  0  0  1 *  0 -3 -5 -6 -5 -2  1  3  4  4  5  4  2	
 4839.642 -146.763
 -1  1  4  1  0 -3 -5 -5 -4 -4 -3 -3 -1 *  6  1 -8-14-15-12 -3  5  7 10 10 10  8	
  1  2  2  1  1 -1 -2 -2 -2 -2 -1 -1  0 *  1 -2 -5 -6 -5 -3  0  2  3  4  5  4  3	
 4839.642 -145.663
 -3  0  6  6  3  0 -4 -6 -6 -6 -6 -5 -4 *  5  1 -8-13-15-12 -3  4  6  9 10  9  7	
  0  2  3  2  2  0 -2 -3 -3 -3 -3 -2 -1 *  1 -2 -5 -6 -6 -3  0  2  3  4  4  4  2	
 4840.392 -218.114
  3  3  1 -4 -5 -6 -5 -3  1  2  3  3  3 * -2 -4 -5 -4  0  3  2  1  0  0  0  0 -1	
  2  2  1 -1 -2 -3 -3 -2 -1  0  1  1  1 * -2 -3 -3 -2  0  1  2  1  0  0  0 -1 -1	
 4840.392 -217.014
 -6  3 13 14  7  0 -7-10-12-14-14-12 -8 *  7 -1-11-15-10 -3  6 12 15 16 15 14  9	
  0  6  8  7  3 -1 -5 -6 -6 -7 -7 -6 -3 *  1 -3 -6 -7 -5 -1  3  6  8  8  8  7  4	
 4840.392 -215.914
 -7 -1 10 15 14 10  2 -5 -9-13-13-12 -9 *  6  0-10-16-14 -9 -1  7 10 12 13 11  8	
 -2  2  6  7  6  3  0 -2 -4 -6 -6 -6 -4 *  2 -2 -5 -7 -6 -3  0  3  5  6  6  5  3	
 4840.392 -214.814
 -8 -2  8 15 15 11  4 -3 -9-12-13-12 -9 *  5  0 -7-14-13-10 -3  3  7 10 10  9  6	
 -3  1  5  7  6  4  1 -2 -4 -5 -6 -6 -4 *  1 -1 -4 -6 -5 -3 -1  1  3  4  5  4  3	
 4840.392 -213.714
 -8 -3  8 16 17 12  5 -2 -8-12-13-13-10 *  3  0 -6-12-13-10 -4  1  5  8  8  7  5	
 -3  1  5  7  7  4  2 -1 -3 -5 -6 -6 -4 *  1 -1 -3 -5 -5 -3 -1  0  2  3  4  3  2	
 4840.392 -212.614
 -8 -3  8 16 17 13  6 -1 -7-11-13-13-10 *  2 -1 -5 -9-10 -8 -4  0  4  6  7  5  3	
 -3  1  4  7  7  5  2 -1 -3 -5 -6 -6 -4 *  0 -1 -3 -4 -3 -2 -1  1  2  3  3  2  1	
 4840.392 -211.514
 -8 -3  7 15 17 13  6 -1 -7-11-13-13-10 *  1 -1 -5 -9 -9 -7 -4  0  3  5  5  4  2	
 -3  1  4  7  7  5  2 -1 -3 -5 -6 -6 -4 *  0 -2 -3 -3 -3 -2 -1  0  1  2  2  2  1	
 4840.392 -210.414
 -8 -3  7 16 18 14  7  0 -6-11-13-12-10 * -1 -2 -4 -5 -5 -5 -2  0  1  2  2  1  0	
 -3  1  4  7  7  5  2 -1 -3 -5 -6 -6 -4 * -1 -2 -2 -2 -2 -1  0  0  1  1  1  0  0	
 4840.392 -209.314
 -8 -3  7 16 18 14  7  0 -6-11-13-12 -9 * -2 -2 -3 -3 -3 -3 -1  0  1  1  1  0 -1	
 -3  1  4  7  7  5  2  0 -3 -5 -6 -6 -4 * -1 -2 -1 -1 -1  0  0  1  1  1  0  0 -1	
 4840.392 -208.214
 -7 -2  8 16 19 15  8  0 -6-11-13-12 -9 * -1 -1 -1 -1  0 -1  0  0  1  1  0  0 -1	
 -3  1  5  7  7  5  2  0 -3 -5 -6 -6 -4 * -1 -1 -1  0  0  1  1  1  1  0  0  0 -1	
 4840.392 -207.114
 -7 -1  9 17 20 16  8  0 -6-11-13-11 -8 * -1  0  1  2  3  1  1  1  1  0  0  0 -1	
 -3  1  5  8  8  6  2  0 -3 -5 -6 -6 -4 * -1  0  0  1  1  1  1  1  1  0  0 -1 -1	
 4840.392 -206.014
 -7  0 12 20 22 18  9  0 -7-13-14-13 -9 *  0  1  2  3  4  2  2  2  1  0  0  0  0	
 -3  2  7  9  9  6  3  0 -4 -6 -7 -7 -5 *  0  0  0  1  1  2  1  1  1  0  0  0  0	
 4840.392 -202.714
 -3  2  9 12 13 10  5 -2 -7-10-10 -8 -5 *  3  1 -3 -3 -1  0  1  2  1  1  2  3  3	
 -1  2  5  6  6  4  1 -2 -4 -5 -5 -5 -3 *  0 -1 -1 -1 -1  0  1  1  1  1  1  1  0	
 4840.392 -201.614
 -1  2  7  9 10  7  3 -2 -5 -7 -6 -4 -2 *  1  0 -1 -1  1  1  1  1 -1 -2 -1  1  2	
 -1  2  4  5  4  3  1 -1 -3 -4 -4 -3 -2 * -1 -1  0  0  0  0  1  0  0 -1 -1 -1 -1	
 4840.392 -200.514
 -1  2  7  9  9  6  3 -1 -4 -4 -4 -3 -2 *  1  1  2  2  3  2  1  0 -3 -4 -2  0  1	
  0  2  4  4  4  3  1 -1 -2 -3 -2 -2 -1 * -1  0  1  2  2  1  1 -1 -2 -2 -2 -2 -1	
 4840.392 -149.513
  2  1 -1 -4 -7 -5 -2  0  1  2  3  3  2 *  3 -3-11-12 -8  0  9 12 12 13 13 10  6	
  0  0 -1 -2 -2 -2 -1  0  0  1  1  1  1 * -1 -5 -7 -6 -3  1  5  6  6  6  6  4  2	
 4840.392 -148.413
  1  1  1 -3 -6 -6 -6 -4 -2 -1  0  0  0 *  4 -1 -8-12-12 -7  2  8  9 11 11  9  6	
  1  1  0 -1 -2 -2 -3 -2 -1 -1 -1  0  0 *  0 -3 -5 -6 -4 -1  2  4  5  5  5  4  2	
 4840.392 -147.313
  0  1  2  0 -3 -4 -5 -5 -4 -3 -2 -1 -1 *  5  0 -7-13-16-11 -2  6  9 11 11 10  7	
  0  1  1  0 -1 -2 -2 -2 -2 -2 -1 -1  0 *  0 -3 -4 -6 -6 -3  1  3  4  5  5  4  2	
 4840.392 -146.213
 -2  0  4  5  2  0 -4 -6 -5 -5 -5 -4 -3 *  5  1 -7-15-17-14 -4  4  7 10 11  9  7	
  0  2  3  2  1  0 -2 -3 -3 -3 -2 -2 -1 *  1 -2 -5 -7 -6 -4  0  2  3  5  5  4  3	
 4841.142 -218.664
 -7  3 14 21 19 12  1 -9-14-18-17-14-10 *  5 -4-13-14 -9 -4  5 11 13 16 15 13  8	
 -1  5  9 10  8  3 -2 -6 -8 -9 -9 -7 -4 *  0 -6 -7 -7 -4  0  5  7  8  8  8  6  3	
 4841.142 -217.564
 -9 -2 11 20 21 15  4 -7-13-17-17-15-11 *  6  0 -9-15-13 -8  0  6 10 12 12 11  7	
 -3  2  7  9  8  5  1 -4 -6 -8 -8 -8 -5 *  2 -2 -5 -7 -6 -3  0  3  5  6  6  5  3	
 4841.142 -216.464
-11 -3 12 23 24 18  8 -4-12-17-19-18-14 *  6  1 -8-16-15-10 -3  4  9 12 13 11  8	
 -4  2  7 10  9  6  2 -3 -6 -8 -9 -8 -6 *  2 -1 -5 -7 -6 -4 -1  2  4  5  6  5  4	
 4841.142 -215.364
-11 -4 10 21 23 18  9 -1 -9-15-17-16-13 *  6  1 -8-15-15-10 -4  3  8 11 12 11  7	
 -4  1  6  9  9  6  2 -1 -4 -7 -8 -8 -6 *  2 -1 -4 -6 -6 -4 -1  1  3  5  5  5  3	
 4841.142 -214.264
-10 -4  9 19 21 17  9  0 -7-13-15-15-12 *  3  0 -6-12-13-10 -4  0  4  7  8  7  5	
 -3  1  5  8  8  6  2 -1 -3 -6 -7 -7 -5 *  1 -1 -3 -5 -5 -3 -1  0  2  3  3  3  2	
 4841.142 -213.164
 -9 -3  8 17 20 16  8  0 -7-12-14-14-11 *  3  0 -6-10-11 -9 -4  0  4  7  7  6  4	
 -3  1  5  7  8  5  2 -1 -3 -5 -6 -6 -5 *  1 -1 -3 -4 -4 -3 -1  0  2  3  3  3  2	
 4841.142 -212.064
 -9 -3  8 17 20 16  8  0 -6-12-14-14-11 *  2 -1 -5 -8 -9 -7 -3  0  3  5  6  5  3	
 -3  1  5  7  7  5  2 -1 -3 -5 -6 -6 -5 *  0 -1 -3 -3 -3 -2 -1  0  1  2  2  2  1	
 4841.142 -210.964
-10 -4  8 18 20 16  8  1 -6-12-15-15-12 *  2 -1 -5 -9 -9 -7 -4  0  2  5  5  5  3	
 -3  1  5  7  7  5  2 -1 -3 -5 -7 -7 -5 *  0 -2 -3 -4 -3 -2 -1  0  1  2  2  2  1	
 4841.142 -209.864
-11 -5  8 19 22 17  9  1 -6-13-16-16-13 * -1 -2 -3 -5 -5 -4 -2  0  1  2  1  1 -1	
 -4  0  5  8  8  6  3  0 -3 -6 -7 -7 -6 * -1 -2 -2 -2 -2 -1  0  0  1  1  1  0  0	
 4841.142 -208.764
-10 -4  7 17 20 16  9  1 -6-12-15-15-12 * -3 -3 -2  0  0 -1  0  0  1  0 -1 -2 -3	
 -4  0  4  7  8  6  3  0 -3 -5 -7 -7 -6 * -2 -2 -1  0  0  0  1  1  1  0  0 -1 -1	
 4841.142 -207.664
-10 -4  8 18 21 17  9  1 -6-12-15-15-12 * -2 -2 -1  1  1  0  1  1  1  0  0 -1 -2	
 -4  0  5  8  8  6  3  0 -3 -5 -7 -7 -6 * -1 -1 -1  0  1  1  1  1  1  0  0 -1 -1	
 4841.142 -206.564
-10 -4  9 20 23 18 10  1 -6-13-16-16-12 * -2 -1  0  3  3  2  2  1  1  0 -1 -1 -2	
 -4  0  5  8  9  7  3  0 -3 -6 -8 -8 -6 * -1 -1  0  1  1  1  1  1  1  0 -1 -1 -1	
 4841.142 -205.464
-10 -3 10 21 24 19 10  1 -7-13-16-15-12 * -1 -1  0  2  3  2  2  2  1  1  0  0 -1	
 -4  1  6  9  9  7  3  0 -3 -6 -8 -8 -6 * -1 -1  0  1  1  1  1  1  1  0  0  0 -1	
 4841.142 -204.364
 -9 -2 11 21 23 18 10  1 -7-13-15-14-11 *  0 -1  0  1  2  2  2  2  1  1  0  0  0	
 -3  1  6  9  9  7  3  0 -3 -6 -7 -7 -5 *  0 -1  0  0  1  1  1  1  1  0  0  0  0	
 4841.142 -203.264
 -7 -1 11 20 21 17  9  1 -7-12-14-12 -9 *  1  0 -2 -2  0  1  2  2  1  1  1  1  1	
 -3  2  6  8  8  6  3 -1 -3 -6 -7 -6 -5 * -1 -1 -1 -1  0  0  1  1  1  0  0  0  0	
 4841.142 -202.164
 -5  1 10 17 19 15  8  0 -6-11-12-10 -7 *  1  0 -1 -1  1  2  2  2  0 -1 -1  0  1	
 -2  2  5  7  7  5  2 -1 -3 -5 -6 -5 -4 * -1 -1  0  0  0  1  1  0  0  0 -1 -1 -1	
 4841.142 -201.064
 -4  1  9 15 16 13  6  0 -6-10-10 -8 -5 *  0  1  1  2  4  3  2  1 -3 -4 -3 -1  0	
 -2  2  5  7  6  4  2 -1 -3 -5 -5 -5 -3 * -1  0  1  2  2  1  1  0 -1 -2 -2 -2 -1	
 4841.142 -159.964
 -3  1  8 13 14 11  5 -1 -8-10 -9 -7 -5 * -1  1  5  8 10  8  4 -1 -5 -5 -4 -2 -1	
 -1  2  5  6  6  4  1 -1 -4 -5 -6 -5 -3 *  0  2  4  5  4  3  2 -1 -2 -3 -3 -2 -1	
 4841.142 -158.864
  0  2  8 13 13  8  2 -5 -8 -7 -5 -3 -1 *  0  1  1  1  0  0  0  0 -1 -1 -1  0  0	
  1  4  5  6  5  3  0 -3 -4 -5 -4 -3 -1 *  0  0  0  0  0  0  0  0  0 -1 -1  0  0	
 4841.142 -150.063
  1  2 -1 -4 -7 -7 -6 -5 -4 -3 -3 -1  0 *  1 -3 -8 -4  2  8 13 13 11 11  9  5  2	
  1  1  0 -2 -3 -3 -3 -2 -2 -2 -2 -1  0 * -2 -5 -5 -3  1  4  6  6  6  5  4  3  0	
 4841.142 -148.963
 -2  0  2 -2 -4 -4 -5 -5 -5 -4 -4 -4 -3 *  4 -1 -8-11 -9 -3  7 12 12 13 12  9  6	
  0  1  1  0 -2 -2 -3 -3 -3 -3 -2 -2 -1 *  0 -3 -6 -6 -4  0  4  6  6  6  6  4  2	
 4841.142 -147.863
 -1  1  1 -1 -3 -3 -5 -6 -5 -4 -3 -2 -1 *  5  0 -8-14-16-11 -1  8 10 12 12 10  7	
  0  1  1  0 -1 -2 -3 -3 -3 -2 -2 -1 -1 *  0 -3 -6 -7 -6 -3  1  4  4  5  5  4  2	
 4841.142 -146.763
 -2  0  3  3  2  1 -3 -5 -5 -4 -4 -3 -2 *  5  1 -6-15-18-14 -5  4  7 10 11  9  6	
  0  1  2  2  1  0 -2 -2 -2 -2 -2 -2 -1 *  1 -2 -5 -7 -7 -4 -1  2  3  4  4  4  2	
 4841.142 -145.663
 -3  0  6  7  6  4 -2 -6 -7 -7 -7 -6 -4 *  5  1 -6-14-17-14 -5  3  6  9 10  9  6	
  0  2  4  4  3  1 -2 -3 -4 -4 -4 -3 -1 *  1 -2 -4 -6 -6 -4 -1  2  3  4  4  4  2	
 4841.892 -219.214
-11 -1 20 33 34 26 11 -3-16-23-23-20-15 *  5  2  1  1  2  2  3  4  5  6  7  7  5	
 -4  4 11 15 14  9  4 -2 -7-11-12-11 -7 *  1  1  0  0  1  2  2  3  3  2  2  2  2	
 4841.892 -218.114
-13 -3 17 32 34 26 13 -2-14-22-23-21-16 *  6  2 -6-11 -9 -5  0  5  8 11 12 11  8	
 -4  3 10 14 13  9  4 -2 -6-10-11-10 -7 *  2 -1 -4 -5 -4 -1  1  3  4  5  5  5  3	
 4841.892 -217.014
-13 -4 14 29 32 25 13  0-11-19-21-20-16 *  6  2 -7-14-13 -8 -2  3  7 11 12 11  8	
 -4  2  8 12 12  9  4 -1 -5 -8-10 -9 -7 *  2 -1 -4 -6 -5 -3 -1  1  3  4  5  5  3	
 4841.892 -215.914
-12 -4 11 25 28 22 12  1 -9-16-19-19-15 *  6  1 -7-14-14-10 -4  2  6 10 12 11  8	
 -4  1  7 10 10  7  3 -1 -4 -7 -9 -8 -6 *  2 -1 -4 -6 -6 -4 -1  1  3  4  5  5  3	
 4841.892 -214.814
-12 -4 10 23 26 21 11  1 -8-15-18-18-14 *  5  1 -7-13-14-10 -4  1  5  9 10  9  6	
 -4  1  6 10 10  7  3  0 -4 -7 -8 -8 -6 *  1 -1 -4 -5 -5 -4 -1  1  2  4  4  4  3	
 4841.892 -213.714
-10 -4  8 18 21 17  9  1 -6-12-15-15-12 *  2 -1 -5 -9-10 -8 -3  1  3  6  7  6  3	
 -4  1  5  8  8  6  3  0 -3 -5 -7 -7 -5 *  0 -1 -3 -4 -4 -2 -1  1  1  2  3  2  1	
 4841.892 -212.614
-11 -4  9 20 22 18 10  1 -7-13-16-16-13 *  2 -1 -5 -9 -9 -7 -3  0  3  5  6  5  3	
 -4  1  5  8  8  6  3  0 -3 -6 -7 -7 -6 *  0 -1 -3 -4 -3 -2 -1  0  1  2  3  2  1	
 4841.892 -211.514
-10 -3  8 18 21 17  9  1 -6-12-15-14-12 *  1 -1 -5 -8 -8 -7 -3  0  2  5  5  4  2	
 -3  1  5  8  8  6  3  0 -3 -5 -6 -6 -5 *  0 -1 -2 -3 -3 -2 -1  1  1  2  2  2  1	
 4841.892 -210.414
-10 -4  9 19 23 18 10  1 -7-13-16-16-12 *  0 -1 -4 -7 -7 -6 -3  0  2  4  4  3  1	
 -3  1  6  8  8  6  3 -1 -3 -6 -7 -7 -5 *  0 -1 -2 -3 -2 -1  0  0  1  2  2  1  0	
 4841.892 -209.314
-11 -5  8 19 22 18 10  1 -7-13-17-17-14 * -1 -2 -3 -4 -4 -4 -2  0  1  2  2  1 -1	
 -4  1  5  8  8  6  3 -1 -3 -6 -7 -7 -6 * -1 -2 -2 -2 -1 -1  0  1  1  1  1  0  0	
 4841.892 -208.214
-11 -5  7 16 19 16  8  1 -6-12-15-15-13 * -3 -3 -2  0  0  0  0  1  1  1  0 -2 -2	
 -4  0  4  7  7  6  3  0 -3 -5 -7 -7 -6 * -1 -1 -1  0  0  1  1  1  1  0  0 -1 -1	
 4841.892 -207.114
-12 -5  8 20 23 18 10  1 -6-13-17-17-14 * -2 -2 -2  0  1  0  1  1  1  1  0 -1 -2	
 -5  0  5  8  9  6  3  0 -3 -6 -8 -8 -6 * -1 -1 -1  0  0  1  1  1  1  1  0  0 -1	
 4841.892 -206.014
-12 -5  9 21 24 19 10  1 -6-13-17-17-14 * -2 -2 -1  1  2  2  1  2  1  0 -1 -1 -2	
 -4  0  5  9  9  7  3  0 -3 -6 -8 -8 -6 * -1 -1  0  0  1  1  1  1  1  0  0 -1 -1	
 4841.892 -204.914
-11 -4  9 21 24 19 10  2 -6-13-17-16-13 * -2 -1  0  1  3  2  2  2  1  0 -1 -1 -2	
 -4  0  5  9  9  7  3  0 -3 -6 -7 -8 -6 * -1 -1  0  0  1  1  1  1  1  0  0 -1 -1	
 4841.892 -203.814
-10 -3 10 20 23 19 10  2 -6-12-16-15-12 * -1 -2 -1  1  3  2  2  2  1  0 -1 -1 -1	
 -4  1  5  9  9  7  3  0 -3 -5 -7 -7 -6 * -1 -1  0  0  1  1  1  1  1  0  0 -1 -1	
 4841.892 -202.714
 -9 -3 10 20 23 18 10  2 -6-12-15-14-11 * -1 -1 -1  1  2  2  3  2  1 -1 -1 -1 -1	
 -3  1  5  8  9  7  3  0 -3 -5 -7 -7 -5 * -1 -1  0  0  1  1  1  1  0  0 -1 -1 -1	
 4841.892 -201.614
 -8 -2 10 20 23 18 10  2 -6-12-15-13-10 * -2 -1  1  3  5  4  3  2 -1 -3 -3 -3 -2	
 -3  1  6  8  9  6  3  0 -3 -6 -7 -7 -5 * -1 -1  0  1  2  2  1  1  0 -1 -2 -2 -2	
 4841.892 -200.514
 -7 -1 10 19 22 17  9  1 -7-12-14-12 -8 * -2  0  4  7  8  7  4  2 -2 -5 -5 -4 -3	
 -3  2  6  8  8  6  3  0 -3 -6 -7 -6 -5 * -2  0  2  3  3  3  2  0 -1 -2 -3 -3 -2	
 4841.892 -159.414
 -6  1 13 21 24 19 10  0 -9-14-14-11 -8 * -2  0  3  6  8  7  4  1 -2 -5 -5 -3 -2	
 -2  3  7 10  9  7  3 -1 -4 -7 -8 -7 -4 * -1  0  2  3  3  3  2  0 -1 -2 -3 -3 -2	
 4841.892 -155.014
  0  0  4  4 -2 -7 -8 -8 -7 -7 -6  0  0 *  0  0 -5 -3  2  4  5  4  3  2  2  0  0	
  0  4  4  2 -1 -3 -5 -5 -5 -5 -4 -3 -2 *  0 -1 -2 -1  1  2  2  2  2  2  1  1  0	
 4841.892 -153.914
  0  2  4  5  3  0 -4 -6 -5 -4 -2 -1 -1 *  0  1  2  1 -1 -4 -4 -3 -2 -2 -1 -1  0	
  1  3  4  3  2  0 -2 -3 -3 -3 -2 -1  0 *  0  1  1  1  0 -1 -2 -2 -2 -1 -1 -1  0	
 4841.892 -149.513
 -1  0 -1 -5 -4 -2 -3 -4 -4 -3 -3 -2 -1 *  5 -1-10-11 -9  0 12 17 16 16 15 12  7	
  0  0 -1 -2 -2 -2 -2 -2 -2 -2 -2 -1 -1 *  1 -4 -7 -6 -4  2  7  8  8  8  8  6  3	
 4841.892 -148.413
 -3  0  3  3  4  4 -2 -6 -7 -7 -6 -5 -4 *  5  0-10-16-17-11  1 11 12 14 13 11  7	
 -1  1  2  2  2  0 -2 -3 -3 -4 -4 -3 -2 *  0 -4 -7 -8 -7 -3  2  5  6  6  6  5  2	
 4841.892 -147.313
 -3  0  3  5  5  5  0 -4 -5 -6 -6 -4 -3 *  5  1 -7-17-19-15 -5  5  9 11 12 10  7	
 -1  1  2  3  2  1 -1 -2 -3 -3 -3 -2 -2 *  0 -3 -6 -8 -7 -4  0  2  4  5  5  4  2	
 4841.892 -146.213
 -3  0  4  7  7  6  1 -4 -6 -7 -7 -5 -4 *  5  1 -6-15-18-15 -6  3  7 10 10  9  6	
 -1  1  3  4  3  2 -1 -2 -3 -3 -3 -3 -2 *  1 -2 -5 -7 -7 -4 -1  1  3  4  4  4  2	
 4842.642 -218.664
-14 -5 13 28 31 24 12  0-11-20-23-21-16 *  5  2 -3 -6 -5 -3  1  3  4  6  7  7  6	
 -5  1  7 12 12  8  4  0 -5 -8-10-10 -8 *  1 -1 -2 -2 -2  0  1  2  2  2  3  2  2	
 4842.642 -217.564
-14 -4 13 29 32 25 13  1-10-19-22-21-16 *  6  2 -4 -9 -8 -5 -1  3  5  8  9  9  7	
 -5  2  8 12 12  9  4  0 -4 -8-10-10 -7 *  2 -1 -3 -4 -3 -1  0  2  2  3  4  4  3	
 4842.642 -216.464
-13 -5 11 26 30 24 13  2 -9-17-21-20-16 *  5  1 -6-11-11 -8 -2  2  5  9 10  9  7	
 -4  1  7 11 11  8  4  0 -4 -7 -9 -9 -7 *  2 -1 -3 -5 -4 -2  0  1  2  4  4  4  3	
 4842.642 -215.364
-13 -5 11 25 29 23 12  2 -8-16-20-19-16 *  4  1 -5-11-11 -8 -3  1  5  8  9  8  6	
 -4  1  7 10 11  8  4  0 -4 -7 -9 -9 -7 *  1 -1 -3 -4 -4 -3 -1  1  2  3  4  3  2	
 4842.642 -214.264
-13 -5 10 24 27 22 12  2 -7-15-19-19-15 *  4  0 -6-11-11 -8 -3  1  4  7  9  8  5	
 -4  1  6 10 10  7  4  0 -4 -7 -8 -8 -6 *  1 -1 -3 -4 -4 -3 -1  1  2  3  4  3  2	
 4842.642 -213.164
-12 -5  9 22 25 20 11  2 -6-14-17-17-14 *  2 -1 -5-10-10 -8 -3  0  3  6  7  6  4	
 -4  1  6  9  9  7  3  0 -3 -6 -8 -8 -6 *  0 -1 -3 -4 -4 -2 -1  1  2  2  3  2  1	
 4842.642 -212.064
-11 -5  8 20 24 20 11  2 -6-13-16-16-13 *  1 -2 -5 -7 -8 -6 -3  0  2  4  4  3  2	
 -4  1  5  9  9  7  3  0 -3 -6 -7 -7 -6 *  0 -2 -2 -3 -3 -2 -1  0  1  2  2  1  1	
 4842.642 -210.964
-12 -5  8 20 24 20 11  2 -6-13-16-16-14 * -1 -2 -3 -4 -5 -4 -2  0  2  2  2  1  0	
 -4  0  5  8  9  7  3  0 -3 -6 -7 -7 -6 * -1 -1 -2 -2 -1 -1  0  1  1  1  1  0  0	
 4842.642 -209.864
-14 -6  9 23 27 22 12  2 -7-15-19-19-16 *  1 -1 -3 -4 -4 -4 -2  0  2  3  3  3  1	
 -5  1  6 10 10  7  4  0 -3 -6 -8 -8 -7 *  0 -1 -2 -2 -2 -1  0  1  1  1  2  1  0	
 4842.642 -208.764
-12 -5  8 20 24 19 11  2 -6-13-17-17-14 * -1 -2 -3 -4 -4 -3 -1  1  2  3  2  1  0	
 -4  0  5  9  9  7  3  0 -3 -6 -7 -8 -6 * -1 -1 -2 -2 -1 -1  0  1  1  1  1  1  0	
 4842.642 -207.664
-12 -5  8 19 23 19 10  2 -6-13-16-17-14 * -1 -2 -2 -2 -1 -1  0  1  1  2  1  0 -1	
 -4  0  5  8  9  6  3  0 -3 -6 -7 -7 -6 * -1 -1 -1 -1  0  0  1  1  1  1  0  0 -1	
 4842.642 -206.564
-12 -5  8 21 24 20 11  2 -6-13-17-18-15 * -2 -2 -2 -1  0  0  1  1  1  1  0 -1 -1	
 -4  0  5  9  9  7  3  0 -3 -6 -8 -8 -6 * -1 -1 -1 -1  0  1  1  1  1  1  0  0 -1	
 4842.642 -205.464
-12 -5  9 21 24 20 11  2 -6-13-17-17-14 * -2 -2 -2  0  1  1  1  2  1  1  0 -1 -2	
 -4  0  5  9  9  7  3  0 -3 -6 -8 -8 -6 * -1 -1 -1  0  0  1  1  1  1  1  0  0 -1	
 4842.642 -204.364
-12 -5  9 21 25 20 11  2 -6-13-17-17-14 * -2 -2 -1  0  2  2  2  2  1  0 -1 -2 -2	
 -4  1  6  9  9  7  4  0 -3 -6 -8 -8 -6 * -1 -1 -1  0  1  1  1  1  1  0  0 -1 -1	
 4842.642 -203.264
-11 -4  9 21 25 20 11  2 -6-13-16-16-13 * -2 -2 -1  1  3  3  3  2  1  0 -2 -2 -2	
 -4  1  5  9  9  7  3  0 -3 -6 -7 -7 -6 * -1 -1  0  0  1  1  1  1  1  0 -1 -1 -1	
 4842.642 -202.164
-11 -4  9 21 25 20 11  2 -6-13-17-16-13 * -3 -2  0  2  4  4  3  3  1 -1 -3 -3 -3	
 -4  1  6  9  9  7  4  0 -3 -6 -8 -8 -6 * -2 -1  0  1  1  2  2  1  0  0 -1 -2 -2	
 4842.642 -201.064
-10 -3 10 22 25 20 11  2 -7-14-17-16-12 * -3 -2  1  4  6  5  4  2  0 -3 -4 -4 -3	
 -4  1  6  9 10  7  4  0 -3 -6 -8 -8 -6 * -2 -1  1  2  2  2  2  1  0 -1 -2 -2 -2	
 4842.642 -159.964
 -9 -2 11 22 25 20 11  2 -7-14-16-15-11 * -3 -1  2  5  7  6  4  2 -1 -3 -4 -4 -3	
 -4  1  7 10 10  7  3  0 -3 -6 -8 -8 -6 * -2 -1  1  2  3  2  2  1  0 -1 -2 -2 -2	
 4842.642 -158.864
 -9 -2 12 23 26 21 11  1 -8-15-17-15-11 * -2 -1  2  5  7  6  4  2 -1 -4 -4 -3 -3	
 -3  2  7 10 10  7  3 -1 -4 -7 -8 -8 -6 * -2  0  1  2  3  2  2  1 -1 -2 -2 -2 -2	
 4842.642 -157.764
 -9 -1 13 24 26 21 10 -1-11-16-17-15-11 * -3 -1  4  8  9  7  5  2 -3 -5 -5 -4 -3	
 -3  2  8 11 10  7  3 -2 -5 -8 -9 -8 -6 * -2  0  2  3  4  3  2  0 -1 -2 -3 -3 -2	
 4842.642 -156.664
 -8  1 17 27 29 22 10 -5-15-18-18-15-10 *  0  1  3  6  8  7  5  2  0 -1 -1 -1 -1	
 -3  4 10 12 12  8  2 -4 -8-10-10 -9 -6 *  0  1  2  3  3  3  2  1  0 -1 -1 -1  0	
 4842.642 -155.564
 -7  2 18 29 32 24 11 -5-13-15-15-13-10 *  0 -1 -3 -2  1  2  4  4  2  1  1  1  0	
 -2  5 11 14 13  9  2 -4 -7 -9 -9 -8 -5 *  0 -1 -1 -1  0  1  2  2  1  1  1  0  0	
 4842.642 -154.464
 -4  2 11 19 21 16  6 -5 -9 -9 -9 -7 -5 * -1 -1 -2 -2 -2 -1  0  0 -1 -1 -1 -1 -1	
 -1  4  8  9  9  6  1 -3 -5 -6 -6 -5 -3 * -1 -1 -1 -1 -1  0  0  0  0  0 -1 -1 -1	
 4842.642 -153.364
 -3  3 13 20 21 15  5 -5 -7 -7 -6 -5 -4 * -1 -1  1  0 -1 -1  0 -1 -3 -3 -2 -2 -1	
  0  5  8 10  9  5  1 -3 -4 -5 -5 -4 -2 * -1  0  0  0  0  0  0 -1 -1 -1 -2 -1 -1	
 4842.642 -152.264
  2  5 12 17 18 13  3 -3 -1  1  2  2  2 * -1  2  4  4  4  2 -1 -4 -5 -4 -3 -2 -2	
  3  6  8  9  8  5  0 -2 -2 -1  0  0  1 *  0  2  2  2  2  1 -1 -2 -3 -3 -2 -2 -1	
 4842.642 -151.163
  0  0 11 17 18 13  3  6  7  9  9  0  0 *  0  0  8 12 12  8 -2 -4 -2  0  0  0  0	
  4  6  8  9  8  4  2  3  3  4  5  4  3 *  3  5  6  6  5  2 -2 -3 -2 -1  0  1  2	
 4842.642 -148.963
 -3  0  6 13 17 16  5 -4 -7 -8 -8 -6 -5 *  7  0-12-18-18-11  4 14 15 17 17 13  9	
 -1  2  5  7  7  5  1 -2 -3 -4 -4 -3 -2 *  1 -4 -8 -9 -7 -2  3  7  8  8  8  6  4	
 4842.642 -147.863
 -5 -1  6 13 15 13  5 -4 -7 -9 -9 -8 -6 *  6  0 -9-18-19-14 -4  7 11 13 14 11  8	
 -1  2  4  6  6  4  1 -2 -3 -4 -5 -4 -3 *  1 -3 -7 -9 -8 -4  0  3  5  6  6  5  3	
 4842.642 -146.763
 -5 -2  6 12 13 11  5 -3 -6 -8 -9 -8 -6 *  5  0 -7-16-19-15 -5  3  7 10 11  9  7	
 -1  1  4  5  5  4  1 -2 -3 -4 -4 -4 -3 *  1 -2 -5 -7 -7 -4 -1  1  3  4  5  4  2	
 4842.642 -145.663
 -5 -1  6 11 13 11  4 -3 -7 -9 -9 -8 -6 *  4  0 -5-13-16-13 -5  2  5  8  9  7  5	
 -1  1  4  5  5  3  0 -2 -3 -4 -5 -4 -3 *  0 -2 -4 -6 -6 -4 -1  1  2  3  4  3  2	
 4843.392 -219.214
-14 -6 10 25 28 22 11  1 -8-18-22-21-17 *  4  1 -3 -5 -5 -3  0  3  4  6  7  6  5	
 -5  1  7 11 11  8  4  0 -4 -7 -9 -9 -7 *  1 -1 -2 -2 -2  0  1  2  2  3  2  2  1	
 4843.392 -218.114
-14 -5 11 26 29 23 12  2 -8-18-21-21-17 *  4  1 -4 -7 -6 -4  0  3  4  6  7  7  5	
 -5  1  7 11 11  8  4  0 -4 -7 -9 -9 -7 *  1 -1 -2 -3 -2 -1  1  2  2  3  3  2  2	
 4843.392 -217.014
-14 -5 11 26 30 24 13  2 -8-17-21-21-17 *  5  1 -5 -9 -9 -6 -2  2  5  7  9  8  6	
 -5  1  7 11 11  8  4  0 -4 -7 -9 -9 -7 *  1 -1 -3 -4 -3 -2  0  1  2  3  3  3  2	
 4843.392 -215.914
-14 -5 11 26 30 24 13  2 -7-16-20-20-16 *  5  1 -5-10-10 -7 -2  2  4  7  9  8  6	
 -4  1  7 11 11  8  4  0 -3 -7 -9 -9 -7 *  1 -1 -3 -4 -4 -2  0  1  2  3  4  3  2	
 4843.392 -214.814
-14 -5 10 25 29 23 13  2 -7-16-20-20-16 *  4  0 -5-10-10 -8 -3  1  4  7  8  8  5	
 -4  1  7 10 11  8  4  0 -3 -7 -9 -9 -7 *  1 -1 -3 -4 -4 -2 -1  1  2  3  3  3  2	
 4843.392 -213.714
-14 -6 10 24 28 23 12  2 -7-15-19-19-16 *  3  0 -5-10-10 -8 -3  1  4  6  7  7  4	
 -4  1  6 10 10  8  4  0 -3 -6 -8 -8 -7 *  1 -1 -3 -4 -4 -2 -1  1  2  3  3  3  2	
 4843.392 -212.614
-14 -6  9 23 27 22 12  2 -6-14-19-19-16 *  2 -1 -5 -8 -9 -7 -3  0  3  5  5  5  3	
 -4  1  6 10 10  7  4  0 -3 -6 -8 -8 -7 *  0 -1 -2 -3 -3 -2 -1  1  1  2  2  2  1	
 4843.392 -211.514
-14 -6  9 23 27 22 12  3 -6-14-18-19-16 *  1 -1 -4 -7 -7 -5 -2  0  2  4  4  3  1	
 -5  0  6  9 10  7  4  0 -3 -6 -8 -8 -7 *  0 -1 -2 -3 -2 -1  0  1  1  2  2  1  1	
 4843.392 -210.414
-14 -6  8 22 26 21 12  3 -6-14-18-19-16 *  0 -2 -3 -4 -4 -3 -1  1  2  3  2  2  0	
 -5  0  6  9 10  7  4  0 -3 -6 -8 -8 -7 *  0 -1 -2 -2 -1 -1  0  1  1  1  1  1  0	
 4843.392 -209.314
-14 -6  9 22 27 21 12  3 -6-14-18-19-16 * -1 -2 -3 -3 -3 -3 -1  1  2  2  2  1  0	
 -5  0  6  9 10  7  4  0 -3 -6 -8 -8 -7 * -1 -1 -1 -1 -1  0  0  1  1  1  1  0  0	
 4843.392 -208.214
-13 -6  9 22 27 22 12  3 -6-14-18-19-16 * -1 -2 -3 -3 -2 -2  0  1  2  2  2  1 -1	
 -5  0  6  9 10  7  4  0 -3 -6 -8 -8 -7 * -1 -1 -1 -1 -1  0  1  1  1  1  1  0  0	
 4843.392 -207.114
-13 -6  9 22 26 21 12  3 -6-13-18-18-15 * -2 -2 -3 -2 -1 -1  0  1  2  2  1  0 -1	
 -4  0  6  9 10  7  4  0 -3 -6 -8 -8 -6 * -1 -1 -1 -1  0  0  1  1  1  1  0  0 -1	
 4843.392 -206.014
-13 -6  9 22 26 21 12  3 -6-13-17-18-15 * -2 -2 -2 -1  0  0  1  2  2  1  0 -1 -2	
 -4  0  6  9 10  7  4  0 -3 -6 -8 -8 -6 * -1 -1 -1 -1  0  1  1  1  1  1  0  0 -1	
 4843.392 -204.914
-13 -6  9 22 26 21 12  3 -6-13-18-18-15 * -2 -2 -2 -1  1  1  1  2  2  1  0 -1 -2	
 -4  0  6  9 10  7  4  0 -3 -6 -8 -8 -6 * -1 -1 -1  0  0  1  1  1  1  1  0  0 -1	
 4843.392 -203.814
-12 -5  9 22 26 21 12  3 -6-13-17-17-14 * -3 -2 -1  1  2  2  2  2  1  0 -1 -2 -3	
 -4  1  6  9  9  7  4  0 -3 -6 -8 -8 -6 * -1 -1 -1  0  1  1  1  1  1  0  0 -1 -1	
 4843.392 -202.714
-12 -5  9 22 26 21 12  3 -6-13-18-17-14 * -3 -2 -1  1  3  3  3  3  1  0 -2 -3 -3	
 -4  1  6  9 10  7  4  0 -3 -6 -8 -8 -6 * -2 -1  0  0  1  1  2  1  1  0 -1 -1 -2	
 4843.392 -201.614
-12 -5  9 22 26 21 12  3 -6-14-18-17-14 * -3 -2  0  3  4  4  4  3  1 -1 -3 -3 -3	
 -4  1  6  9 10  7  4  0 -3 -6 -8 -8 -6 * -2 -1  0  1  2  2  2  1  0  0 -1 -2 -2	
 4843.392 -200.514
-11 -4 10 23 27 21 12  2 -6-14-18-17-14 * -3 -2  0  3  5  5  4  3  1 -2 -3 -3 -3	
 -4  1  6 10 10  8  4  0 -3 -6 -8 -8 -6 * -2 -1  0  1  2  2  2  1  0 -1 -1 -2 -2	
 4843.392 -159.414
-11 -4 11 23 27 22 12  2 -7-15-18-17-13 * -3 -2  1  4  6  5  4  3  0 -2 -4 -4 -3	
 -4  1  6 10 10  8  4  0 -4 -7 -8 -8 -6 * -2 -1  0  2  2  2  2  1  0 -1 -2 -2 -2	
 4843.392 -158.314
-11 -4 12 25 29 23 12  1 -9-16-19-17-14 * -3 -2  1  5  6  6  5  3  0 -3 -4 -4 -3	
 -4  1  7 11 11  8  4 -1 -4 -7 -9 -9 -7 * -2 -1  1  2  2  2  2  1  0 -1 -2 -2 -2	
 4843.392 -157.214
-11 -3 13 26 29 23 12  1 -9-17-19-17-13 * -2 -1  1  4  6  5  5  3  0 -3 -3 -3 -2	
 -4  2  8 11 11  8  3 -1 -5 -8 -9 -9 -7 * -1 -1  1  2  2  2  2  1  0 -1 -2 -2 -2	
 4843.392 -156.114
-11 -2 16 29 32 25 13  0-11-18-19-17-13 * -1 -1  0  2  4  4  4  3  0 -2 -2 -2 -1	
 -4  3  9 13 13  9  3 -1 -5 -9-10 -9 -6 * -1 -1  0  1  1  2  2  1  0  0 -1 -1 -1	
 4843.392 -155.014
 -9 -2 15 27 31 24 12 -1-10-16-17-15-12 * -1 -1 -1  0  1  2  3  2  0 -1 -2 -1 -1	
 -3  3  9 13 12  9  3 -1 -5 -8 -9 -8 -6 * -1 -1 -1  0  0  1  1  1  0  0 -1 -1 -1	
 4843.392 -153.914
 -9 -2 14 25 28 22 11 -1-10-15-16-14-11 * -1 -1 -2 -1  0  1  2  1 -2 -2 -2 -2 -1	
 -3  3  9 12 11  8  3 -2 -5 -7 -8 -8 -5 * -1 -1 -1 -1  0  0  1  0  0 -1 -1 -1 -1	
 4843.392 -152.814
 -8 -1 13 24 27 21  9 -3-10-15-16-14-10 * -2 -1  0  0  1  1  1 -1 -3 -3 -3 -2 -2	
 -2  3  9 11 11  7  2 -2 -5 -7 -8 -7 -5 * -1 -1  0  0  0  0  0 -1 -2 -2 -2 -2 -2	
 4843.392 -151.714
 -9 -1 15 26 29 21  8 -7-14-19-19-16-12 * -1  0  2  3  3  2  2 -1 -1  0  0  0 -1	
 -3  4 10 13 12  7  1 -4 -7 -9-10 -9 -6 *  0  0  1  2  2  1  1 -1 -1 -1 -1 -1  0	
 4843.392 -150.614
 -9  1 20 33 34 25  7-10-17-21-21-17-12 *  4  1  0  0 -1  0  4  9 11 11 10  8  5	
 -2  7 13 16 14  8  0 -6 -8-11-11 -9 -5 *  2  0  0  0  0  1  3  4  5  5  5  4  3	
 4843.392 -149.513
 -9  0 17 30 32 25  9 -6-13-17-17-15-11 *  7  1 -9-13-12 -7  4 14 16 18 17 14 10	
 -2  5 11 14 13  9  2 -3 -6 -8 -9 -7 -5 *  2 -3 -6 -6 -5 -1  4  7  8  9  8  7  4	
 4843.392 -148.413
 -7 -2 11 21 24 20 10 -2-10-13-14-12 -9 *  7  1-10-17-18-12 -2  8 11 14 15 12  9	
 -2  3  7 10 10  7  3 -1 -4 -6 -7 -6 -4 *  1 -3 -6 -8 -7 -3  1  3  5  6  7  6  3	
 4843.392 -147.313
 -6 -2  7 15 18 16  8 -1 -7-10-11-10 -7 *  5  1 -7-15-17-13 -4  4  8 11 12 10  7	
 -2  2  5  7  7  5  2 -1 -3 -5 -5 -5 -3 *  1 -2 -5 -7 -6 -3  0  2  4  5  5  4  2	
 4843.392 -146.213
 -6 -2  7 15 17 15  7 -1 -7-10-11-10 -8 *  4  1 -6-13-16-13 -4  2  6  9 10  8  6	
 -2  1  5  7  7  5  1 -1 -3 -5 -5 -5 -3 *  0 -2 -4 -6 -6 -3  0  1  2  4  4  3  2	
 4844.142 -218.664
-14 -6 10 24 28 22 11  1 -8-16-21-20-16 *  4  1 -4 -8 -7 -5 -1  2  4  6  7  7  5	
 -5  1  6 10 10  8  4  0 -3 -7 -9 -9 -7 *  0 -1 -3 -3 -3 -1  1  2  2  3  3  2  1	
 4844.142 -217.564
-14 -5 10 25 28 23 12  2 -7-16-20-20-16 *  4  1 -4 -8 -8 -5 -1  2  5  7  8  7  5	
 -4  1  7 10 11  8  4  0 -3 -7 -9 -9 -7 *  1 -1 -3 -3 -3 -1  0  2  2  3  3  3  2	
 4844.142 -216.464
-14 -5 10 25 29 23 12  2 -7-16-20-20-16 *  4  1 -5 -9 -9 -6 -2  2  4  7  8  8  5	
 -4  1  7 10 11  8  4  0 -3 -7 -9 -9 -7 *  1 -1 -3 -4 -3 -2  0  1  2  3  3  3  2	
 4844.142 -215.364
-14 -5 11 25 29 23 13  2 -7-16-20-20-17 *  4  1 -5-10-10 -7 -3  1  4  7  9  8  6	
 -4  1  7 11 11  8  4  0 -4 -7 -9 -9 -7 *  1 -1 -3 -4 -4 -2  0  1  2  3  3  3  2	
 4844.142 -214.264
-14 -6 10 25 29 23 12  2 -7-15-20-20-16 *  4  0 -5-10-10 -8 -3  1  4  7  8  8  5	
 -4  1  7 10 10  8  4  0 -3 -7 -8 -8 -7 *  1 -1 -3 -4 -4 -2  0  1  2  3  3  3  2	
 4844.142 -213.164
-14 -6 10 25 29 23 13  2 -7-15-20-20-17 *  3  0 -6-10-10 -8 -3  1  4  6  7  7  5	
 -4  1  7 10 11  8  4  0 -4 -7 -8 -9 -7 *  1 -1 -3 -4 -4 -2 -1  1  2  3  3  3  2	
 4844.142 -212.064
-14 -6 10 24 28 23 12  2 -7-15-20-20-17 *  1 -1 -4 -7 -7 -6 -2  1  3  4  5  4  2	
 -5  1  6 10 10  8  4  0 -3 -6 -8 -9 -7 *  0 -1 -2 -3 -3 -2  0  1  1  2  2  2  1	
 4844.142 -210.964
-14 -7  9 23 27 22 12  3 -6-14-19-20-17 *  0 -2 -4 -5 -5 -4 -2  1  2  3  3  2  1	
 -5  0  6 10 10  7  4  0 -3 -6 -8 -8 -7 *  0 -1 -2 -2 -2 -1  0  1  1  1  1  1  0	
 4844.142 -209.864
-14 -7  9 24 28 22 12  3 -6-14-19-20-17 * -1 -2 -3 -4 -4 -3 -1  1  2  3  2  1  0	
 -5  0  6 10 10  8  4  0 -3 -6 -8 -8 -7 * -1 -1 -2 -2 -1 -1  0  1  1  1  1  0  0	
 4844.142 -208.764
-14 -7  9 23 27 22 12  3 -6-14-19-19-16 * -1 -2 -3 -3 -2 -2  0  1  2  2  2  1 -1	
 -5  0  6 10 10  8  4  0 -3 -6 -8 -8 -7 * -1 -1 -1 -1 -1  0  0  1  1  1  1  0  0	
 4844.142 -207.664
-14 -6  8 23 27 22 12  3 -6-13-18-19-16 * -1 -2 -3 -2 -2 -2  0  1  2  2  1  0 -1	
 -5  0  6  9 10  8  4  0 -3 -6 -8 -8 -7 * -1 -1 -1 -1 -1  0  1  1  1  1  1  0 -1	
 4844.142 -206.564
-13 -6  9 22 27 22 12  3 -5-13-18-18-15 * -2 -2 -3 -2  0  0  1  2  2  2  1  0 -2	
 -5  0  6  9 10  8  4  0 -3 -6 -8 -8 -6 * -1 -1 -1 -1  0  0  1  1  1  1  0  0 -1	
 4844.142 -205.464
-13 -6  9 22 27 22 12  3 -6-13-18-18-16 * -2 -3 -2 -1  1  1  2  2  2  1  0 -1 -2	
 -5  0  6  9 10  8  4  0 -3 -6 -8 -8 -7 * -1 -1 -1  0  0  1  1  1  1  1  0  0 -1	
 4844.142 -204.364
-13 -6  9 22 27 22 12  3 -6-13-18-18-15 * -3 -3 -2  0  2  2  2  2  2  1  0 -2 -2	
 -5  1  6  9 10  7  4  0 -3 -6 -8 -8 -6 * -1 -1 -1  0  0  1  1  1  1  1  0 -1 -1	
 4844.142 -203.264
-13 -6  9 23 27 22 12  3 -6-14-18-18-15 * -3 -3 -2  0  2  2  3  3  2  1 -1 -2 -3	
 -5  1  6  9 10  8  4  0 -3 -6 -8 -8 -7 * -1 -2 -1  0  1  1  2  1  1  0  0 -1 -1	
 4844.142 -202.164
-13 -6  9 23 27 22 13  3 -6-14-18-18-15 * -3 -3 -1  1  3  3  3  3  2  0 -2 -3 -3	
 -5  1  6 10 10  8  4  0 -3 -6 -8 -8 -7 * -2 -1 -1  0  1  2  2  1  1  0 -1 -1 -2	
 4844.142 -201.064
-13 -5 10 23 27 22 12  3 -6-14-19-18-15 * -3 -3 -1  2  4  4  4  3  2  0 -2 -3 -3	
 -5  1  6 10 10  8  4  0 -3 -6 -8 -8 -7 * -2 -1  0  1  1  2  2  1  1  0 -1 -1 -2	
 4844.142 -159.964
-13 -5 10 24 28 22 12  2 -7-15-19-18-15 * -3 -2  0  3  5  4  4  3  1 -1 -3 -3 -3	
 -5  1  6 10 10  8  4  0 -3 -7 -8 -9 -7 * -2 -1  0  1  2  2  2  1  1  0 -1 -2 -2	
 4844.142 -158.864
-13 -5 11 25 29 23 13  2 -7-16-20-19-15 * -3 -2  0  3  5  5  4  4  1 -1 -3 -3 -3	
 -5  1  7 11 11  8  4  0 -4 -7 -9 -9 -7 * -2 -1  0  1  2  2  2  1  1  0 -1 -2 -2	
 4844.142 -157.764
-12 -4 12 26 30 24 13  2 -8-16-20-19-15 * -3 -2  0  4  5  5  5  4  1 -2 -3 -3 -3	
 -4  1  7 11 11  8  4  0 -4 -7 -9 -9 -7 * -2 -1  0  1  2  2  2  1  0 -1 -1 -2 -2	
 4844.142 -156.664
-12 -4 13 27 31 24 13  1 -9-17-20-19-15 * -2 -2  0  3  4  4  4  4  1 -1 -2 -2 -2	
 -4  2  8 12 12  9  4 -1 -4 -8-10 -9 -7 * -1 -1  0  1  2  2  2  2  1  0 -1 -1 -1	
 4844.142 -155.564
-12 -4 13 28 31 25 13  1-10-18-21-19-15 * -1 -1 -1  1  2  3  4  3  1 -1 -1 -1 -1	
 -4  2  8 12 12  9  4 -1 -5 -8-10 -9 -7 * -1 -1  0  0  1  1  2  1  1  0 -1 -1 -1	
 4844.142 -154.464
-12 -4 13 27 31 24 12  0-10-18-21-19-14 * -1 -2 -2 -1  0  1  3  2  0 -1 -1 -1 -1	
 -4  2  8 12 12  8  3 -1 -5 -8-10 -9 -7 * -1 -1 -1 -1  0  1  1  1  0  0 -1 -1 -1	
 4844.142 -153.364
-12 -4 12 27 30 24 11 -1-12-19-22-19-15 * -1 -1 -1 -1  0  1  2  2  0  0  0  0 -1	
 -4  2  8 12 12  8  3 -1 -5 -9-10 -9 -7 * -1 -1 -1 -1  0  1  1  1  0  0 -1 -1 -1	
 4844.142 -152.264
-12 -4 13 26 30 23 10 -3-14-21-23-20-15 *  0 -1 -1 -1 -1  0  2  2  1  2  2  1  0	
 -4  2  8 12 12  8  2 -2 -6 -9-11-10 -7 * -1 -1 -1 -1  0  0  1  1  0  0  0  0  0	
 4844.142 -151.164
-13 -4 14 29 32 25 11 -5-16-22-24-21-16 *  2  0 -2 -3 -3 -1  2  5  7  7  7  5  3	
 -5  2  9 13 13  8  2 -3 -7-10-12-10 -7 *  0 -1 -1 -1 -1  0  2  2  3  3  3  2  1	
 4844.142 -150.064
-12 -4 13 27 31 24 11 -4-14-20-21-19-14 *  3  1 -2 -4 -4 -3  2  7  9 10  9  7  5	
 -4  2  9 12 12  8  3 -2 -6 -9-10 -9 -7 *  1 -1 -2 -2 -1  0  2  3  4  4  4  3  2	
 4844.142 -148.964
-10 -3 11 24 27 22 10 -1-10-15-17-15-12 *  5  1 -6-10-11 -7  0  8  9 11 11  9  7	
 -3  2  7 11 11  8  3 -1 -4 -7 -8 -7 -5 *  1 -2 -4 -5 -4 -1  2  4  4  5  5  4  2	
 4844.142 -147.863
 -9 -3  9 22 25 20 10  0 -8-14-15-14-11 *  4  1 -5-11-12 -9 -1  5  7 10 10  8  6	
 -3  2  6 10 10  7  3 -1 -4 -6 -7 -7 -5 *  1 -2 -4 -5 -4 -2  1  2  3  4  4  3  2	
 4844.142 -146.763
 -8 -3  8 18 21 18  9  0 -7-11-13-12 -9 *  4  1 -5-12-14-11 -3  3  6  9 10  8  6	
 -2  1  5  8  8  6  2 -1 -3 -5 -6 -6 -4 *  1 -2 -4 -5 -5 -3  0  2  3  4  4  3  2	
 4844.142 -145.663
 -8 -3  7 17 20 17  8  0 -6-11-13-12 -9 *  4  1 -5-11-14-11 -4  2  5  8  9  7  5	
 -2  1  5  7  8  5  2 -1 -3 -5 -6 -5 -4 *  0 -2 -4 -5 -5 -3  0  1  2  3  3  3  2	
 4844.892 -219.214
-14 -6  9 23 27 21 11  1 -8-16-20-20-16 *  3  0 -5 -8 -8 -5 -1  2  4  6  7  7  5	
 -5  1  6 10 10  7  3  0 -3 -6 -8 -8 -7 *  0 -2 -3 -3 -3 -1  0  2  2  3  3  2  1	
 4844.892 -218.114
-14 -6 10 24 27 22 11  2 -7-16-20-20-16 *  4  1 -5 -9 -8 -6 -2  2  4  6  7  7  5	
 -4  1  6 10 10  8  4  0 -3 -6 -8 -8 -7 *  0 -1 -3 -4 -3 -1  0  2  2  3  3  2  1	
 4844.892 -217.014
-14 -5 10 24 28 22 12  2 -7-15-20-20-16 *  4  0 -5 -9 -9 -6 -2  2  4  7  8  7  5	
 -4  1  6 10 10  8  4  0 -3 -6 -8 -8 -6 *  1 -1 -3 -4 -3 -2  0  1  2  3  3  3  2	
 4844.892 -215.914
-13 -5 10 24 28 22 12  2 -7-15-19-20-16 *  4  0 -5 -9 -9 -6 -2  2  4  7  8  7  5	
 -4  1  7 10 10  8  4  0 -3 -6 -8 -8 -6 *  1 -1 -3 -4 -3 -2  0  1  2  3  3  3  2	
 4844.892 -214.814
-14 -5 10 25 28 23 12  2 -7-15-20-20-16 *  4  0 -5-10-10 -7 -3  1  4  7  8  7  5	
 -4  1  7 10 10  8  4  0 -3 -7 -8 -8 -6 *  1 -1 -3 -4 -4 -2  0  1  2  3  3  3  2	
 4844.892 -213.714
-14 -6 10 25 29 23 12  2 -7-15-20-20-17 *  4  0 -5-10-10 -8 -3  1  4  7  8  7  5	
 -4  1  7 10 10  8  4  0 -4 -7 -8 -8 -7 *  1 -1 -3 -4 -4 -2  0  1  2  3  3  3  2	
 4844.892 -212.614
-16 -7 12 27 31 25 13  2 -8-17-22-23-19 *  3 -1 -6-10-10 -7 -3  1  4  6  7  6  4	
 -5  1  7 11 11  8  4  0 -4 -7-10-10 -8 *  1 -1 -3 -4 -4 -2 -1  1  2  3  3  3  2	
 4844.892 -211.514
-15 -7 11 26 30 24 13  2 -7-16-21-21-18 *  1 -1 -5 -7 -8 -6 -2  1  3  5  5  4  2	
 -5  1  7 11 11  8  4  0 -4 -7 -9 -9 -7 *  0 -1 -2 -3 -3 -2  0  1  1  2  2  2  1	
 4844.892 -210.414
-15 -7 10 24 28 22 12  2 -7-15-20-21-17 *  0 -2 -4 -5 -5 -4 -2  1  2  3  3  2  0	
 -5  1  6 10 10  8  4  0 -3 -7 -9 -9 -7 *  0 -2 -2 -2 -2 -1  0  1  1  1  1  1  0	
 4844.892 -209.314
-14 -7  9 23 27 22 12  2 -6-14-19-20-17 * -1 -2 -4 -4 -4 -3 -1  1  2  3  2  1  0	
 -5  0  6 10 10  7  4  0 -3 -6 -8 -8 -7 * -1 -2 -2 -2 -1 -1  0  1  1  1  1  1  0	
 4844.892 -208.214
-14 -7  9 23 27 21 12  2 -6-14-19-19-17 * -2 -3 -3 -3 -2 -2  0  1  2  2  2  1 -1	
 -5  0  6 10 10  7  4  0 -3 -6 -8 -8 -7 * -1 -2 -2 -1 -1  0  1  1  1  1  1  0  0	
 4844.892 -207.114
-14 -7  9 23 27 22 12  3 -6-14-19-19-16 * -2 -3 -3 -2 -1 -1  0  2  2  2  1  0 -2	
 -5  0  6 10 10  7  4  0 -3 -6 -8 -8 -7 * -1 -2 -1 -1  0  0  1  1  1  1  1  0 -1	
 4844.892 -206.014
-14 -7  9 23 28 22 12  3 -6-14-19-19-16 * -2 -3 -3 -2  0  0  1  2  2  2  1  0 -2	
 -5  0  6 10 10  8  4  0 -3 -6 -8 -8 -7 * -1 -2 -1 -1  0  1  1  1  1  1  0  0 -1	
 4844.892 -204.914
-14 -6  9 23 28 22 12  3 -6-14-19-19-16 * -3 -3 -3 -1  1  1  2  2  2  1  0 -1 -2	
 -5  0  6 10 10  8  4  0 -3 -6 -8 -8 -7 * -1 -2 -1 -1  0  1  1  1  1  1  0  0 -1	
 4844.892 -203.814
-14 -6  9 23 28 23 13  3 -6-14-18-19-16 * -3 -3 -2  0  2  2  3  3  2  1 -1 -2 -3	
 -5  0  6 10 10  8  4  0 -3 -6 -8 -8 -7 * -2 -2 -1  0  1  1  2  1  1  0  0 -1 -1	
 4844.892 -202.714
-14 -6  9 23 28 23 13  3 -6-14-19-19-16 * -3 -3 -2  0  2  2  3  3  2  1 -1 -2 -3	
 -5  1  6 10 10  8  4  0 -3 -6 -8 -8 -7 * -2 -2 -1  0  1  1  2  2  1  0  0 -1 -1	
 4844.892 -201.614
-13 -6  9 23 28 22 13  3 -6-14-19-19-16 * -3 -3 -2  1  3  3  3  3  2  1 -1 -2 -3	
 -5  1  6 10 10  8  4  0 -3 -6 -8 -8 -7 * -2 -2 -1  0  1  1  2  2  1  0  0 -1 -2	
 4844.892 -200.514
-13 -6 10 24 28 23 13  3 -6-15-19-19-16 * -3 -3 -1  1  3  4  4  4  2  0 -2 -3 -3	
 -5  1  6 10 10  8  4  0 -3 -6 -8 -9 -7 * -2 -2 -1  0  1  2  2  2  1  0 -1 -1 -2	
 4844.892 -159.414
-13 -6 10 24 29 23 13  2 -7-15-20-19-16 * -3 -3 -1  2  4  4  4  4  2  0 -2 -3 -3	
 -5  1  7 10 11  8  4  0 -4 -7 -9 -9 -7 * -2 -1 -1  0  1  2  2  2  1  0 -1 -1 -2	
 4844.892 -158.314
-14 -6 10 25 29 24 13  2 -7-16-20-20-16 * -3 -2 -1  2  4  4  4  4  2  0 -2 -3 -3	
 -5  1  7 11 11  8  4  0 -4 -7 -9 -9 -7 * -2 -1  0  1  1  2  2  2  1  0 -1 -1 -2	
 4844.892 -157.214
-14 -6 11 26 30 24 13  2 -8-17-21-20-16 * -3 -2 -1  2  4  4  4  4  2 -1 -2 -2 -3	
 -5  1  7 11 11  8  4  0 -4 -7 -9 -9 -7 * -2 -1 -1  0  1  2  2  2  1  0 -1 -1 -2	
 4844.892 -156.114
-13 -5 11 26 31 24 13  2 -8-17-21-20-16 * -2 -2 -1  1  3  3  4  4  2 -1 -2 -2 -2	
 -5  1  7 11 12  9  4  0 -4 -7 -9 -9 -7 * -2 -1 -1  0  1  2  2  2  1  0 -1 -1 -1	
 4844.892 -155.014
-13 -5 12 27 31 25 13  1 -9-18-22-20-16 * -1 -2 -2  0  1  2  4  4  2  0  0 -1 -1	
 -5  1  8 11 12  8  4 -1 -4 -8-10 -9 -7 * -1 -1 -1  0  0  1  2  2  1  0  0 -1 -1	
 4844.892 -153.914
-13 -5 12 27 31 24 12  0-10-19-22-20-16 *  0 -1 -2 -2  0  1  3  4  2  1  1  1  0	
 -5  1  8 11 12  8  3 -1 -5 -8-10-10 -7 * -1 -1 -1 -1  0  1  1  1  1  0  0  0 -1	
 4844.892 -152.814
-13 -5 12 26 30 24 12 -1-12-20-23-20-16 *  0 -1 -3 -3 -2 -1  3  4  3  3  2  2  1	
 -5  2  8 12 12  8  3 -1 -5 -8-10-10 -7 * -1 -1 -2 -1 -1  0  1  1  1  1  1  0  0	
 4844.892 -151.714
-13 -5 11 26 29 23 11 -2-12-20-22-20-15 *  1  0 -2 -3 -3 -1  2  4  5  5  4  3  2	
 -5  1  7 11 11  8  3 -2 -5 -9-10-10 -7 *  0 -1 -1 -1 -1  0  1  2  2  2  2  1  0	
 4844.892 -150.614
-13 -5 12 26 30 24 11 -2-12-20-22-20-16 *  3  0 -3 -4 -4 -2  2  6  7  7  7  6  4	
 -4  2  8 12 11  8  3 -2 -5 -8-10-10 -7 *  0 -1 -2 -2 -1  0  2  3  3  3  3  2  1	
 4844.892 -149.514
-11 -4 10 23 26 21 10 -1 -9-16-18-16-13 *  4  1 -3 -7 -7 -5  1  6  8  9  9  7  5	
 -3  2  7 10 10  7  3 -1 -4 -7 -8 -8 -6 *  0 -1 -3 -3 -2 -1  2  3  3  4  4  3  2	
 4844.892 -148.414
-10 -4  9 22 26 21 10  0 -8-14-17-16-12 *  4  1 -4 -8-10 -7  0  5  7  9  9  7  5	
 -3  2  7 10 10  7  3 -1 -3 -6 -8 -7 -5 *  0 -2 -3 -4 -3 -1  1  3  3  4  4  3  2	
 4844.892 -147.314
 -9 -4  8 20 23 19 10  1 -7-13-15-14-11 *  4  0 -4 -9-11 -8 -1  4  6  8  8  7  5	
 -3  1  6  9  9  6  3 -1 -3 -5 -7 -6 -5 *  0 -2 -3 -4 -4 -2  1  2  3  3  3  3  1	
 4844.893 -146.213
 -9 -4  7 18 21 18  9  1 -6-11-14-13-10 *  3  0 -4 -9-11 -9 -2  3  5  7  8  6  4	
 -3  1  5  8  8  6  2 -1 -3 -5 -6 -6 -4 *  0 -2 -3 -4 -4 -2  1  2  2  3  3  2  1	
