Cherbourg                 	
 4918.727  -19.263
 -6 -4 -3  1  6  6  4  2  1 -3 -7 -7 -6 *  4  2  1  0 -3 -6 -3 -1  0  1  4  5  4	
 -4 -3 -2  0  2  3  4  3  1 -1 -2 -3 -4 *  2  2  1  1 -1 -2 -2 -1 -1  0  1  2  2	
 4921.407  -41.813
-10 -7 -4  3 14 18 14  9  4 -3-10-14-12 *  0  0  1  0 -1 -2 -1 -1  0  1  0  2  1	
 -6 -4 -1  2  7  7  8  6  3 -1 -5 -8 -6 *  0 -1  0  0  0  0 -1 -1  0  0  1  1  0	
 4921.407  -33.613
-13 -9 -6  3 15 18 15 10  6 -2-10-14-14 *  1  0  0  0  0  1  1  2  1  0  1  1  1	
 -7 -6 -3  2  7  9  8  6  4  0 -4 -7 -8 *  0  0  0  0  0  0  0  0  0  0  0  0  0	
 4921.407  -29.513
-15-10 -6  2 15 19 14  9  4 -3-11-15-16 *  4  1  0 -2 -4 -5 -3 -1  0  1  4  5  5	
 -7 -6 -3  1  5  8  8  6  3 -1 -4 -7 -7 *  2  1  0 -1 -2 -2 -2 -1  0  1  2  3  3	
 4921.407  -25.413
-14-10 -6  3 16 20 15 10  5 -3-12-16-15 *  5  3  2 -2 -6 -5 -3 -1 -1  1  4  6  6	
 -8 -6 -2  2  7 10  9  7  4 -1 -6 -8 -8 *  3  2  1 -1 -2 -3 -2 -1  0  1  2  3  3	
 4921.407  -21.313
-13-10 -7  1 14 19 13  9  5 -1 -9-15-14 *  9  7  5 -1 -9-10 -5 -2 -1  1  7 11 10	
 -8 -6 -3  1  7 10  9  7  4  0 -5 -8 -8 *  5  4  2 -1 -4 -5 -4 -2 -1  1  3  6  6	
 4924.087 -108.464
 -2 -1  0 -1  1  4  3  1 -1 -3 -5 -3 -2 *  8  5  3-11-14 -8 -4 -1  0  4  8 12  9	
 -2 -1 -1  1  2  2  2  1  0 -1 -2 -2 -2 *  3  2 -1 -4 -5 -4 -3 -2  0  2  4  5  5	
 4924.087 -104.364
 -6 -5 -2 -1  3  8  7  4 -1 -4 -7 -6 -6 *  4  3  2 -5 -8 -5 -2 -1 -1  1  3  6  5	
 -4 -3 -2  1  3  4  4  3  1 -1 -3 -4 -4 *  2  1  0 -2 -2 -2 -2 -1  0  1  2  2  2	
 4924.087 -100.264
 -9 -7 -4  1 10 14 12  7  1 -5-11-11-10 *  0  0  0 -1 -1  0  0  0  0  1  1  1  1	
 -6 -5 -3  1  4  6  6  4  1 -3 -5 -7 -7 *  0  0  0  0  0  1  1  1  1  1  1  1  0	
 4924.087  -56.164
-13-10 -6  3 14 18 15 10  4 -5-14-15-14 *  3  2  1 -2 -4 -4 -3 -2 -1  1  3  3  3	
 -7 -5 -2  3  7  9  8  6  3 -2 -6 -8 -8 *  1  1  0 -1 -2 -2 -1 -1  0  1  2  2  2	
 4924.087  -52.063
-16-13 -9  0 14 19 16 11  6 -2-12-16-16 *  7  6  4 -1 -7 -8 -6 -4 -2  2  6  8  8	
 -9 -7 -4  1  6  8  8  6  3 -1 -5 -8 -9 *  4  3  2  0 -2 -3 -3 -2 -1  1  3  4  4	
 4924.087  -47.963
-16-14-10  0 14 19 16 12  7 -1-11-16-17 *  6  4  2 -2 -8 -8 -5 -3 -2  0  4  7  6	
 -9 -7 -4  1  6  9  9  7  4  0 -5 -8 -9 *  3  2  0 -2 -3 -4 -3 -2 -1  0  2  3  3	
 4924.087  -43.863
-14-12 -9 -1 12 17 15 12  7 -1 -9-14-15 *  2  2  1 -2 -5 -5 -3 -2 -1  0  3  4  3	
 -8 -7 -4  0  5  7  8  7  4  0 -4 -7 -8 *  2  1  0 -1 -2 -2 -2 -1 -1  0  1  2  2	
 4924.087  -39.763
-18-15-11 -2 14 20 18 14  9  0-10-17-18 *  1  0  0 -2 -4 -3 -1  0 -1  0  2  2  1	
 -9 -8 -5  0  6  9  9  8  5  0 -4 -8-10 *  0  0 -1 -1 -2 -1 -1  0  0  0  1  1  1	
 4924.087  -35.663
-20-17-12 -2 16 23 21 16 10  1-11-18-20 *  1  0  0 -2 -3 -2  1  1  0  0  2  3  2	
-11 -9 -6  0  6 10 11  9  6  1 -4 -8-10 *  0  0 -1 -1 -1 -1  0  0  0  0  1  1  1	
 4924.087  -31.563
-21-16-11 -1 18 25 22 16 10  1-11-20-22 *  4  2  1 -2 -6 -6 -3  0  0  1  4  6  6	
-10 -8 -5  1  6 10 11  9  5  1 -4 -9-10 *  2  1  0 -2 -2 -2 -2 -1  0  1  2  3  3	
 4924.087  -27.463
-22-16-10  0 20 26 22 15  9  0-11-21-23 *  5  1  0 -2 -6 -7 -3 -1  0  0  4  6  7	
-10 -8 -5  1  6 11 11  9  5  1 -4 -9-11 *  3  1  0 -2 -2 -2 -2 -1  0  1  2  3  3	
 4924.087  -23.363
-19-15-11 -1 16 24 19 13  9  1-10-18-19 *  7  5  3 -1 -7 -8 -3 -1 -1  1  5  8  8	
-10 -8 -4  1  7 11 10  8  5  1 -4 -9-10 *  4  3  1 -1 -3 -3 -2 -1 -1  1  3  4  4	
 4924.088  -19.263
-16-13 -9 -1 13 20 16 12  8  1 -8-15-16 *  7  5  3 -1 -8 -9 -4 -2 -1  0  5  8  8	
 -9 -7 -4  0  6  9  9  8  5  1 -4 -7 -9 *  3  3  1 -1 -3 -3 -3 -2 -1  0  2  4  4	
 4926.767 -110.514
 -7 -6 -4  2  8  8  5  2 -1 -5 -8 -9 -8 *  6  5  2 -5-11 -9 -5 -2  0  5  9 10  7	
 -4 -3 -1  2  4  5  4  3  1 -2 -3 -5 -5 *  4  2  0 -3 -4 -5 -4 -2 -1  2  4  5  5	
 4926.767 -106.414
 -9 -8 -5  0  7  9  6  3  0 -4 -8 -9 -9 *  9  7  4 -4-11-11 -6 -3 -1  3  9 11  9	
 -5 -4 -2  1  4  5  4  3  1 -1 -3 -4 -5 *  4  3  0 -3 -4 -5 -4 -3 -1  1  4  5  5	
 4926.767 -102.314
-12-11 -7  0  9 13 10  6  1 -5-11-12-13 *  8  6  3 -4-10-10 -6 -4 -2  2  7 10  8	
 -7 -5 -3  1  5  7  6  5  2 -2 -4 -6 -7 *  4  2  0 -2 -4 -4 -4 -3 -1  1  3  4  4	
 4926.767  -58.214
-15-13 -9 -1 11 16 13  9  3 -4-12-15-16 *  7  5  3 -3 -9 -9 -6 -4 -3  1  6  9  8	
 -8 -7 -4  1  5  7  8  6  3 -1 -4 -7 -8 *  3  2  0 -2 -4 -4 -4 -3 -1  0  2  3  4	
 4926.767  -54.114
-18-15-11 -2 12 18 16 11  5 -3-12-17-18 *  7  6  4 -2 -8 -9 -6 -4 -3  1  6  9  8	
 -9 -8 -5  0  6  8  9  7  4 -1 -5 -8-10 *  4  3  1 -1 -3 -4 -3 -3 -1  1  3  4  4	
 4926.767  -50.013
-17-15-11 -1 12 18 16 12  6 -2-11-16-17 *  7  5  4 -2 -9-10 -6 -4 -4  0  5  8  7	
 -9 -7 -4  1  6  8  9  8  5  0 -4 -7 -9 *  4  3  1 -1 -3 -4 -3 -3 -2  0  2  4  4	
 4926.767  -45.913
-18-16-11 -2 13 20 18 14  8 -1-10-16-18 *  5  4  2 -2 -8 -8 -5 -3 -2  0  4  7  6	
 -9 -8 -5  0  6  9  9  8  5  0 -4 -8 -9 *  3  2  0 -1 -3 -3 -2 -2 -1  0  2  3  3	
 4926.767  -41.813
-18-16-12 -2 13 20 19 15  9  0-10-16-18 *  3  2  1 -2 -6 -6 -3 -2 -1  0  3  5  4	
-10 -9 -6 -1  5  9 10  9  6  1 -4 -8-10 *  1  1  0 -1 -2 -2 -1 -1 -1  0  1  2  2	
 4926.767  -37.713
-20-18-13 -3 13 21 20 16 10  1-10-17-20 *  3  2  1 -2 -7 -6 -2 -1 -1  0  3  5  4	
-10 -9 -5  0  6  9 10  9  6  1 -4 -8-10 *  1  1  0 -2 -2 -2 -1 -1  0  0  1  2  2	
 4926.767  -33.613
-20-17-13 -3 14 22 20 16 10  1 -9-17-20 *  3  2  1 -2 -7 -6 -2  0 -1  0  4  5  4	
-10 -8 -5  0  6  9 10  8  6  1 -4 -8-10 *  2  1  0 -2 -3 -2 -1 -1  0  1  2  2  2	
 4926.768  -29.513
-20-17-12 -3 15 23 21 16 10  2 -9-18-21 *  4  2  1 -2 -7 -7 -2  0  0  1  4  6  6	
-10 -8 -5  0  6 10 10  8  5  1 -4 -8-10 *  2  1  0 -2 -3 -2 -2 -1  0  1  2  3  3	
 4926.768  -25.413
-19-16-12 -2 14 22 20 15 10  2 -9-17-20 *  5  3  2 -2 -7 -7 -2  0  0  1  4  7  6	
-10 -8 -5  0  6 10 10  8  5  1 -4 -8-10 *  3  2  0 -2 -3 -3 -2 -1  0  1  2  3  3	
 4926.768  -21.313
-18-15-12 -3 12 21 18 14 10  2 -8-15-18 *  5  3  2 -1 -7 -7 -3 -1 -1  0  4  6  6	
 -9 -8 -5  0  6  9  9  8  5  1 -3 -7 -9 *  2  2  1 -1 -3 -3 -2 -1  0  1  2  3  3	
 4929.447 -100.264
-15-13 -8  1 12 15 12  7  1 -6-13-15-15 * 13 10  7 -4-15-16-11 -7 -5  2 10 15 14	
 -8 -6 -3  2  6  8  7  5  2 -2 -6 -8 -8 *  6  5  1 -3 -6 -7 -6 -5 -2  1  4  7  7	
 4929.447  -56.164
-16-14 -9  1 13 17 14  9  3 -5-13-16-17 * 11  9  6 -4-13-14-10 -7 -5  1  8 13 12	
 -8 -6 -3  2  6  8  8  6  3 -2 -5 -8 -9 *  6  4  1 -3 -5 -6 -5 -4 -2  1  4  6  6	
 4929.447  -52.064
-17-14-10 -1 13 18 16 11  5 -4-12-17-17 *  8  7  5 -3-11-12 -8 -5 -5  0  7 11  9	
 -9 -8 -4  1  6  8  9  7  4 -1 -5 -8 -9 *  5  4  1 -2 -4 -4 -4 -3 -2  1  3  5  5	
 4929.447  -47.963
-18-16-11 -1 13 20 17 13  7 -2-12-17-18 *  8  6  4 -3-10-11 -7 -5 -4 -1  6 10  9	
-10 -8 -5  1  6  9  9  8  4 -1 -5 -8-10 *  4  3  1 -2 -4 -4 -3 -3 -2  0  2  4  4	
 4929.447  -43.863
-19-18-12 -2 13 21 19 15  9  0-10-17-19 *  6  5  3 -2 -8 -9 -6 -3 -2 -1  4  7  7	
-11 -9 -6  0  6 10 11  9  6  0 -4 -9-11 *  2  2  1 -1 -2 -2 -2 -2 -1  0  1  3  3	
 4929.447  -39.763
-20-18-13 -3 13 21 20 16 10  0-10-17-20 *  5  3  2 -2 -8 -8 -4 -2 -2 -1  4  6  5	
-10 -9 -5  0  6 10 10  9  6  0 -4 -8-10 *  2  1  0 -2 -3 -2 -2 -1 -1  0  1  3  2	
 4929.448  -35.663
-19-17-13 -3 13 21 20 16 10  1-10-17-19 *  4  3  2 -2 -8 -8 -3 -1 -2  0  4  6  5	
-10 -9 -5  0  6  9 10  8  6  1 -4 -8-10 *  2  1  0 -2 -3 -3 -2 -1 -1  1  2  3  2	
 4929.448  -31.563
-19-17-13 -3 13 20 19 16 10  1 -9-16-19 *  4  3  2 -2 -8 -7 -3 -1 -1  0  5  6  5	
 -9 -8 -5  0  5  9  9  8  5  1 -4 -7 -9 *  2  1  0 -2 -3 -3 -2 -1  0  1  2  3  2	
 4929.448  -27.463
-18-16-13 -3 12 21 19 16 10  2 -8-15-18 *  4  2  2 -2 -8 -7 -2  0 -1  0  4  6  5	
 -9 -8 -5  0  6  9  9  8  5  1 -4 -7 -9 *  2  1  0 -2 -3 -2 -1 -1  0  1  2  3  2	
 4929.448  -23.363
-17-15-12 -3 12 20 19 15 10  2 -8-15-17 *  3  2  2 -2 -8 -7 -2  1  0  1  5  6  4	
 -9 -8 -5  0  5  8  9  8  5  1 -3 -7 -9 *  2  1  0 -2 -3 -2 -1  0  0  1  2  3  2	
 4929.448  -19.263
-17-16-13 -5 10 19 19 16 12  3 -6-14-17 *  1 -1  0 -3 -8 -6  2  4  2  1  3  5  2	
 -9 -8 -6 -1  4  8  9  9  6  2 -2 -6 -9 *  1  0 -1 -2 -3 -2  0  2  1  1  1  2  2	
 4932.127 -102.314
-13-11 -7  2 12 14 10  6  1 -6-13-14-14 * 15 12  7 -5-18-19-14 -9 -6  3 13 18 16	
 -7 -5 -2  2  6  7  7  5  2 -2 -5 -7 -8 *  7  5  1 -4 -7 -8 -7 -5 -3  2  6  8  8	
 4932.127  -58.214
-16-13 -8  2 14 17 14 10  3 -5-13-17-17 * 13 11  7 -4-16-18-13 -9 -7  1 11 17 14	
 -8 -6 -3  2  6  8  8  6  3 -2 -5 -8 -9 *  7  5  2 -3 -6 -7 -7 -5 -3  1  4  7  7	
 4932.127  -54.114
-18-15-10  1 14 19 16 12  5 -4-14-18-18 * 12 10  7 -3-14-16-12 -8 -7  0  9 14 13	
 -9 -7 -3  2  7  9  9  7  3 -1 -6 -9 -9 *  6  4  2 -2 -5 -6 -6 -5 -3  1  4  6  7	
 4932.127  -50.014
-18-16-11  0 14 20 18 14  7 -3-13-18-19 * 10  8  6 -3-13-14-10 -7 -6 -1  7 12 11	
 -9 -8 -4  1  6  9  9  8  4 -1 -5 -8-10 *  5  4  1 -2 -5 -5 -5 -4 -2  0  3  5  5	
 4932.127  -45.914
-19-17-12 -1 14 21 20 16  9 -1-12-18-20 *  8  6  5 -3-11-12 -8 -5 -5 -1  6 10  8	
-10 -8 -5  1  6 10 10  9  5  0 -5 -8-10 *  4  3  1 -2 -4 -4 -4 -3 -2  0  2  4  4	
 4932.127  -41.813
-20-17-13 -2 14 21 20 16 10  0-11-17-20 *  7  6  4 -2-10-11 -6 -4 -4 -1  5  9  8	
-10 -9 -5  0  6 10 10  9  5  0 -5 -8-10 *  3  2  1 -2 -3 -4 -3 -2 -2  0  2  3  4	
 4932.128  -37.713
-20-18-13 -3 13 21 20 16 10  0-10-17-20 *  6  4  3 -2 -9-10 -5 -3 -3 -1  5  8  7	
-10 -8 -5  1  6 10 10  8  5  0 -5 -8-10 *  3  2  0 -2 -4 -3 -3 -2 -1  0  2  3  3	
 4932.128  -33.613
-19-17-13 -3 12 20 19 16 10  1 -9-16-19 *  6  4  3 -2 -9 -9 -5 -3 -3  0  5  8  6	
 -9 -8 -5  1  6  9  9  8  5  0 -4 -8 -9 *  2  1  0 -2 -4 -3 -2 -2 -1  1  2  3  3	
 4932.128  -29.513
-19-17-13 -3 13 21 20 17 11  2 -9-16-19 *  3  2  2 -2 -9 -8 -2  0 -1  0  5  6  4	
 -9 -8 -5  0  6  9 10  8  6  1 -4 -7 -9 *  2  1  0 -2 -3 -2 -2 -1  0  1  2  2  2	
 4932.128  -25.413
-18-17-13 -4 11 20 20 17 12  3 -8-15-18 *  1  0  0 -3 -8 -6  0  2  0  1  4  5  3	
 -9 -8 -5  0  5  9  9  8  6  1 -3 -7 -9 *  0  0 -1 -2 -3 -2  0  0  1  1  2  2  1	
 4932.128  -21.313
-18-17-13 -5 10 19 20 17 12  3 -6-14-17 * -1 -2 -1 -4 -8 -5  3  5  2  1  4  4  1	
 -9 -8 -6 -1  4  8 10  9  6  2 -2 -6 -9 *  0 -1 -2 -3 -3 -1  1  2  1  1  2  1  1	
 4934.807 -100.264
-17-14 -9  2 14 18 15 10  4 -6-14-18-18 * 15 12  8 -4-18-20-15-11 -8  1 12 18 16	
 -9 -7 -3  2  6  9  8  6  3 -2 -5 -8 -9 *  8  6  2 -3 -7 -8 -8 -6 -3  1  5  8  8	
 4934.807  -56.164
-20-17-11  1 15 21 18 14  7 -4-14-20-21 * 13 11  7 -4-15-17-14-10 -8 -1  9 15 14	
-10 -8 -4  2  7 10 10  8  4 -1 -6 -9-10 *  6  5  1 -3 -6 -7 -6 -5 -3  0  4  7  7	
 4934.807  -52.064
-21-18-12  0 15 22 20 16  8 -2-14-20-21 * 11  9  6 -3-13-15-11 -9 -7 -1  7 13 12	
-10 -8 -4  2  7 10 10  8  5 -1 -6 -9-11 *  5  4  1 -2 -5 -6 -6 -4 -3  0  3  6  6	
 4934.808  -47.964
-21-19-13 -1 15 22 21 17 10 -2-13-20-21 *  9  8  6 -3-13-14 -9 -7 -7 -1  7 12 10	
-11 -9 -5  1  7 10 11  9  5  0 -5 -9-11 *  5  4  1 -2 -4 -5 -5 -4 -3  0  3  5  5	
 4934.808  -43.864
-20-18-13 -1 14 22 21 17 10 -1-12-18-20 *  7  6  5 -3-12-12 -7 -5 -5 -1  6 10  8	
-10 -9 -5  0  6 10 11  9  6  0 -4 -8-10 *  4  3  0 -2 -4 -4 -4 -3 -2  0  2  4  4	
 4934.808  -39.763
-21-19-13 -2 14 22 21 17 11  1-11-18-21 *  7  5  4 -3-10-11 -6 -4 -4 -1  5  9  8	
-10 -8 -5  1  7 10 10  9  5  0 -5 -9-10 *  3  2  0 -2 -4 -4 -3 -2 -1  1  3  4  4	
 4934.808  -35.663
-20-18-13 -3 13 22 22 18 12  1-10-18-20 *  6  4  3 -2-11-11 -6 -3 -4 -1  5  8  7	
-11 -9 -5  0  6 10 11  9  6  1 -4 -8-10 *  3  2  0 -2 -4 -4 -3 -2 -1  0  2  3  3	
 4934.808  -31.563
-20-18-13 -3 12 21 21 18 12  2 -9-17-20 *  4  3  2 -3-10 -9 -4 -1 -2 -1  4  7  5	
-10 -9 -5  0  6  9 10  9  6  1 -4 -8-10 *  2  1  0 -2 -4 -3 -2 -1  0  1  2  3  3	
 4934.808  -27.463
-19-18-14 -4 11 20 21 18 12  2 -8-16-19 *  2  0  0 -4-10 -7  0  2 -1  0  4  6  3	
-10 -9 -6 -1  5  9 10  9  6  1 -3 -7-10 *  1  0 -1 -3 -3 -2 -1  0  0  1  2  2  1	
 4934.808  -23.363
-19-18-14 -5 10 20 21 18 13  3 -7-15-19 *  0 -1 -1 -4 -9 -6  1  4  1  1  4  5  2	
-10 -9 -6 -1  5  9 10  9  6  2 -3 -7 -9 *  0 -1 -2 -3 -3 -1  0  1  1  1  2  2  1	
 4934.808  -19.263
-18-17-13 -5  9 19 20 18 12  3 -6-14-18 * -1 -2 -1 -4 -9 -5  3  5  2  1  4  5  1	
 -9 -8 -6 -1  4  8  9  9  6  2 -3 -6 -9 * -1 -1 -2 -3 -3 -1  1  2  1  2  2  2  0	
 4937.487 -102.314
-20-17-11  3 16 21 18 13  6 -5-16-21-21 * 19 16  9 -5-20-25-20-15-10  2 15 22 20	
-10 -8 -3  2  8 10 10  8  4 -2 -7-10-11 *  9  7  2 -4 -8-10-10 -8 -4  1  6 10 10	
 4937.487  -58.214
-22-19-12  2 17 23 21 16  9 -3-15-22-23 * 16 13  8 -4-17-20-16-13-10 -1 11 18 17	
-11 -9 -4  2  8 11 11  9  4 -1 -7-10-12 *  8  6  2 -3 -7 -8 -8 -6 -4  0  5  8  8	
 4937.488  -54.114
-22-20-13  1 16 23 21 17 10 -3-15-21-23 * 13 11  7 -3-15-18-14-11 -9 -1  9 15 14	
-11 -9 -4  2  8 11 11  9  5 -1 -6-10-11 *  6  5  2 -2 -6 -7 -6 -5 -3  0  4  6  7	
 4937.488  -50.014
-23-21-14  0 16 24 23 18 11 -2-14-21-23 * 11  9  6 -3-14-16-11 -9 -8 -2  7 13 11	
-12 -9 -5  1  8 11 11 10  6  0 -6-10-12 *  5  4  1 -2 -5 -6 -5 -4 -3  0  3  5  6	
 4937.488  -45.914
-22-19-14 -1 16 24 23 19 12 -1-12-20-22 *  8  7  5 -3-12-14 -9 -6 -7 -2  6 11  9	
-11 -9 -5  1  7 10 11 10  6  0 -5 -9-11 *  4  3  1 -2 -4 -5 -4 -4 -2  0  3  4  5	
 4937.488  -41.814
-22-19-14 -2 14 22 22 18 11  0-10-18-21 *  7  6  5 -3-12-12 -7 -5 -5 -1  5  9  8	
-10 -9 -5  0  6 10 11  9  6  1 -4 -8-10 *  4  2  0 -2 -4 -4 -3 -2 -1  1  3  4  4	
 4937.488  -37.714
-22-20-15 -3 13 23 23 20 13  2-10-19-22 *  6  4  2 -3-10-10 -6 -3 -3 -1  4  8  7	
-11-10 -6  0  7 11 11 10  6  1 -5 -9-11 *  3  2  0 -2 -4 -4 -3 -2 -1  0  2  3  3	
 4937.488  -33.613
-23-21-15 -5 11 22 23 20 13  2-10-18-22 *  4  2  0 -4 -9 -9 -5 -2 -2 -1  3  6  5	
-12-11 -7 -1  6 11 12 11  7  1 -5 -9-12 *  2  1  0 -2 -3 -3 -2 -1 -1  0  1  2  2	
 4937.488  -29.513
-22-21-16 -5 11 22 23 21 14  3 -9-18-22 *  3  1  0 -4 -9 -8 -3  0 -1 -1  3  6  4	
-12-11 -7 -1  6 10 12 11  7  1 -4 -9-12 *  1  0 -1 -2 -3 -2 -1  0  0  0  2  2  2	
 4937.488  -25.413
-21-20-15 -5 10 21 22 20 14  3 -8-16-20 *  1 -1 -1 -4 -9 -7  0  3  1  0  4  5  3	
-11-10 -6 -1  5  9 11 10  7  2 -4 -8-10 *  0  0 -1 -3 -3 -2  0  1  1  1  2  2  1	
 4937.488  -21.313
-20-19-14 -6  9 20 22 19 13  3 -7-15-19 *  1 -1 -1 -4-10 -7  2  4  2  1  4  5  2	
-10 -9 -6 -1  5  9 11 10  7  2 -3 -7-10 *  0 -1 -2 -3 -3 -1  1  2  1  1  2  2  1	
 4940.168 -100.264
-24-20-13  2 19 25 23 19 11 -3-16-23-24 * 17 14  9 -4-19-24-19-15-12  0 13 20 18	
-12-10 -5  2  8 12 12 10  6 -1 -6-11-12 *  9  7  2 -3 -7 -9 -9 -7 -5  0  5  8  9	
 4940.168  -56.164
-24-21-14  1 19 26 25 21 13 -1-15-23-25 * 13 11  8 -3-16-19-14-11-10 -1  9 16 14	
-12-10 -5  2  8 12 13 11  6  0 -6-11-13 *  7  5  2 -2 -6 -7 -7 -6 -4  0  4  6  7	
 4940.168  -52.064
-24-21-14  0 17 25 24 20 12 -1-14-22-24 * 11  9  7 -3-14-16-12 -9 -8 -2  7 13 12	
-12 -9 -5  2  8 11 12 10  6  0 -6-10-12 *  6  4  1 -2 -5 -6 -6 -5 -3  0  3  5  6	
 4940.168  -47.964
-24-21-14  0 17 26 25 21 14  0-13-21-24 * 10  9  6 -3-13-16-11 -8 -8 -2  7 12 11	
-12-10 -5  1  8 12 12 10  6  0 -5-10-12 *  5  4  1 -2 -5 -6 -5 -4 -3  0  3  5  5	
 4940.168  -43.864
-23-20-14 -2 14 24 24 20 13  2-11-19-22 *  8  7  5 -2-11-13 -9 -6 -6 -2  5 10  9	
-11 -9 -5  1  7 11 11 10  6  0 -5 -9-11 *  4  3  1 -2 -4 -5 -4 -3 -2  0  3  4  4	
 4940.168  -39.764
-24-22-16 -4 13 24 25 22 14  2-10-19-23 *  5  3  2 -3-10-10 -6 -3 -3 -2  3  7  6	
-12-11 -7 -1  6 11 12 11  7  1 -5-10-12 *  2  1  0 -2 -3 -3 -2 -1 -1  0  2  3  3	
 4940.168  -35.664
-24-22-16 -4 12 23 24 21 14  3-10-19-23 *  4  2  1 -3 -9 -9 -5 -2 -3 -2  3  6  6	
-12-10 -6  0  7 11 12 11  7  1 -5-10-12 *  2  1  0 -2 -3 -3 -2 -1 -1  0  2  3  3	
 4940.168  -31.563
-24-22-17 -6 10 22 24 22 14  3 -9-19-23 *  4  1 -1 -4 -8 -8 -4 -1 -1 -1  2  5  5	
-13-12 -8 -1  6 11 13 11  7  1 -5-10-12 *  1  1  0 -2 -3 -2 -1  0  0  0  1  2  2	
 4940.168  -27.463
-22-21-16 -6 10 22 24 21 14  3 -9-18-22 *  3  0 -1 -4 -9 -8 -2  1  0  0  3  5  4	
-12-11 -7 -1  6 10 12 11  7  1 -4 -9-12 *  1  0 -1 -2 -3 -2  0  0  0  0  2  2  2	
 4940.168  -23.363
-22-21-16 -7  9 22 25 22 15  4 -8-17-22 *  3  0 -1 -5-10 -9 -1  3  2  1  3  5  4	
-13-12 -8 -2  5 11 13 12  8  2 -4 -9-12 *  2  1  0 -2 -3 -1  1  2  1  1  2  3  2	
 4940.168  -19.263
-21-21-16 -7  9 22 24 22 15  4 -8-16-21 *  2 -1 -1 -5-10 -8  0  5  3  2  4  5  3	
-12-11 -8 -2  5 10 13 12  8  2 -4 -8-11 *  1  0 -1 -2 -3 -1  1  2  2  1  2  3  2	
 4942.848 -102.314
-29-25-15  3 22 32 31 26 17  0-17-27-30 * 17 15  9 -4-18-22-18-14-10  0 12 20 18	
-15-11 -5  3 11 15 15 13  8 -1 -8-13-15 *  8  6  2 -3 -7 -9 -9 -7 -4  0  5  8  9	
 4942.848  -58.214
-28-25-16  2 21 31 31 26 17  0-15-26-29 * 14 12  8 -3-16-20-15-12-10 -1 10 17 15	
-14-12 -6  2 10 14 15 13  8  0 -6-12-15 *  7  5  2 -2 -6 -7 -7 -6 -4  0  4  7  7	
 4942.848  -54.114
-27-24-16  1 19 29 29 25 16  1-14-24-27 * 11 10  7 -2-14-17-13-10 -9 -2  8 14 12	
-13-11 -6  2  9 13 14 12  7  0 -6-11-14 *  6  4  2 -2 -5 -6 -6 -5 -3  0  3  5  6	
 4942.848  -50.014
-26-23-16 -1 18 27 28 24 16  2-12-22-26 * 10  9  6 -2-12-15-11 -8 -8 -2  6 12 11	
-13-10 -5  1  8 12 13 11  7  0 -6-10-13 *  5  4  1 -2 -5 -5 -5 -4 -3  0  3  5  5	
 4942.848  -45.914
-25-23-16 -2 16 27 27 24 16  3-11-21-25 *  8  7  5 -2-11-13 -9 -6 -6 -2  5 10  9	
-12-10 -6  1  8 12 13 11  7  1 -5-10-12 *  4  3  1 -2 -4 -5 -4 -3 -2  0  3  4  4	
 4942.848  -41.814
-25-23-16 -3 15 26 27 24 16  3-11-21-25 *  6  5  4 -2-10-11 -7 -4 -5 -2  4  8  7	
-12-10 -6  1  7 12 13 11  7  1 -5-10-12 *  3  2  0 -2 -4 -4 -3 -2 -1  0  2  3  3	
 4942.848  -37.714
-25-23-17 -4 13 24 26 23 16  3-10-20-24 *  4  3  1 -3 -9 -9 -4 -2 -3 -2  3  7  5	
-13-11 -7  0  7 12 13 11  7  1 -5-10-12 *  2  1  0 -2 -3 -3 -2 -1 -1  0  2  3  3	
 4942.848  -33.614
-24-23-17 -5 12 24 25 23 15  3-10-19-24 *  3  1  0 -4 -9 -8 -4 -1 -2 -1  3  6  5	
-13-11 -7 -1  6 11 13 11  7  1 -5-10-12 *  1  1  0 -2 -3 -3 -1  0  0  0  2  3  2	
 4942.848  -29.513
-24-22-17 -6 11 23 25 23 15  4 -9-18-23 *  3  0 -1 -4 -8 -8 -2  1  0  0  3  5  4	
-12-11 -7 -1  6 11 13 11  8  2 -4 -9-12 *  1  1 -1 -2 -3 -2 -1  0  0  1  2  3  2	
 4942.848  -25.413
-23-22-17 -6 10 23 25 23 16  4 -8-18-22 *  3  0 -1 -5 -9 -8 -1  3  2  1  3  5  4	
-13-11 -8 -2  6 11 14 12  8  2 -4 -9-12 *  2  1 -1 -2 -3 -2  0  1  1  1  2  3  3	
 4942.848  -21.313
-22-22-17 -8  8 22 25 23 15  4 -8-17-22 *  4  1 -1 -5-10 -9 -2  4  3  2  3  6  4	
-14-13 -9 -3  5 12 15 13  9  2 -4 -9-13 *  2  2  0 -1 -3 -1  1  2  2  2  3  4  3	
 4945.528 -100.264
-33-29-18  1 23 35 36 31 21  3-16-29-33 * 13 11  7 -2-13-17-14-10 -8 -1  8 15 14	
-17-13 -6  3 12 17 18 15  9  0 -8-15-17 *  6  5  2 -2 -5 -7 -6 -5 -3  0  4  6  7	
 4945.528  -56.164
-30-27-17  0 21 32 33 29 20  3-14-26-30 * 12 10  7 -2-13-16-13-10 -8 -1  8 14 12	
-15-12 -6  2 10 15 16 14  9  1 -6-12-15 *  6  4  2 -2 -5 -6 -6 -5 -3  0  3  6  6	
 4945.528  -52.064
-29-26-17 -1 19 30 32 28 19  3-13-25-29 *  9  8  6 -2-11-14-10 -8 -7 -2  6 11 10	
-14-12 -6  2 10 14 15 13  8  1 -6-12-14 *  4  3  1 -2 -4 -5 -5 -4 -2  0  3  5  5	
 4945.528  -47.964
-27-24-17 -1 18 28 29 26 18  3-12-22-26 *  7  6  5 -2-11-13 -8 -6 -6 -2  5 10  8	
-13-11 -6  1  8 13 14 12  8  1 -5-10-13 *  4  3  1 -2 -4 -4 -4 -3 -2  0  2  4  4	
 4945.528  -43.864
-27-25-17 -2 17 28 30 26 18  3-12-22-27 *  5  5  4 -2-10-11 -6 -4 -5 -1  5  8  6	
-13-11 -6  1  8 13 14 12  8  1 -5-10-13 *  3  2  0 -2 -3 -3 -3 -2 -1  0  2  3  3	
 4945.528  -39.764
-26-24-17 -3 15 26 28 25 17  3-11-21-25 *  4  3  2 -3-10 -9 -4 -2 -3 -1  4  7  5	
-13-11 -7  0  7 12 13 12  8  1 -5-10-13 *  2  1  0 -2 -3 -3 -2 -1 -1  0  2  3  2	
 4945.528  -35.664
-26-24-18 -5 14 25 27 25 17  4-10-20-25 *  3  2  1 -3 -9 -8 -3 -1 -2 -1  3  6  4	
-13-11 -7  0  7 12 13 12  8  1 -5-10-13 *  2  1  0 -2 -3 -3 -1 -1 -1  0  2  3  2	
 4945.528  -31.564
-24-23-17 -5 12 24 26 24 16  4 -9-19-24 *  2  1  0 -4 -8 -8 -2  1 -1 -1  3  5  4	
-13-11 -7 -1  6 11 13 12  8  2 -4 -9-12 *  2  1 -1 -2 -3 -2 -1  0  0  0  2  3  3	
 4945.528  -27.463
-25-23-17 -6 12 24 27 25 17  5 -9-19-24 *  1 -1 -2 -5 -8 -6  1  4  2  1  3  5  2	
-13-11 -7 -1  6 12 15 13  9  3 -4 -9-12 *  3  1 -1 -3 -2 -2  0  2  2  1  2  4  4	
 4945.528  -23.363
-23-22-17 -7 10 23 26 24 16  5 -8-18-23 *  2 -1 -2 -5 -9 -7  1  5  3  1  3  5  3	
-13-11 -8 -2  6 12 14 13  9  3 -4 -9-12 *  2  1 -1 -2 -3 -1  1  2  2  1  2  4  3	
 4945.528  -19.263
-23-22-17 -7  9 22 25 23 15  4 -8-17-22 *  1 -1 -2 -5 -8 -6  1  5  3  2  3  5  2	
-12-11 -7 -2  5 11 13 13  8  2 -4 -8-11 *  1  0 -1 -2 -3 -1  1  3  2  1  2  3  2	
 4945.529   17.637
-23-21-16 -8  2 18 30 27 17  3 -8-17-23 *-10-10 -8 -5  0  7 15 14  8  2 -2 -6-10	
-13-14-11 -6  0  9 16 16 11  5 -2 -7-12 * -6 -6 -5 -3  0  5  9  8  5  2 -1 -4 -6	
 4948.207 -143.315
-45-35-15 11 33 45 46 38 21 -3-28-43-46 * -1 -1 -2 -2 -3 -4 -5 -4 -3 -2  0  1  0	
-22-15 -5  8 18 23 23 18  9 -4-15-22-24 *  0  0  0  0 -1 -1 -2 -2 -2 -2 -1  0  0	
 4948.207 -139.215
-44-35-17  8 31 42 43 35 20 -4-26-41-45 * -3 -3 -3 -2 -1 -1 -2 -2 -2 -2 -1 -1 -3	
-22-16 -6  6 16 22 22 17  9 -4-14-21-23 * -1 -1 -1  0  0  0  0 -1 -1 -2 -1 -1 -1	
 4948.207 -135.115
-45-37-19  6 29 42 44 37 22 -4-25-41-46 * -5 -4 -3 -1  1  2  3  2  0 -1 -1 -2 -4	
-23-17 -8  4 15 21 22 18 10 -3-12-21-24 * -2 -2 -1 -1  1  1  2  1  0  0 -1 -1 -2	
 4948.207 -131.015
-46-38-20  6 30 44 45 37 22 -3-25-42-47 * -5 -4 -2 -1  2  3  4  3  1  0 -2 -3 -5	
-24-18 -8  4 16 22 23 19 10 -2-12-21-25 * -2 -2 -1  0  1  2  2  2  1  0 -1 -1 -2	
 4948.207 -126.915
-50-41-22  6 34 47 48 39 23 -1-28-47-51 * -4 -3 -1  1  2  3  3  3  1 -1 -3 -3 -4	
-26-19 -8  5 19 26 26 21 11 -1-15-25-28 * -2 -2 -1  0  1  1  2  2  1  0 -1 -1 -2	
 4948.207 -122.815
-51-41-22  9 38 52 51 42 25 -1-30-49-52 *  1  1  1  1  0  0  2  3  2  1  2  2  2	
-27-20 -9  6 21 28 28 23 12 -1-16-27-29 *  0  0  0  0  0  0  1  2  1  1  1  1  0	
 4948.208 -118.715
-52-43-23  7 38 53 53 43 26  0-29-49-53 *  6  5  3  1 -2 -3 -2  0  0  2  5  7  6	
-28-21 -9  6 21 29 30 24 13 -1-16-27-30 *  2  1  0  0 -1 -2 -1  0  1  1  2  4  3	
 4948.208 -114.615
-49-41-23  4 34 50 51 43 27  3-25-46-50 * 11  8  5 -2 -9-11 -7 -4 -2  3  9 13 12	
-27-21-10  5 20 28 29 24 14  1-14-25-28 *  5  3  1 -2 -5 -5 -4 -2  0  2  4  6  6	
 4948.208 -110.514
-46-39-23  2 30 46 48 41 27  5-22-42-47 * 12  9  5 -2-10-12 -9 -5 -3  2  9 14 13	
-26-20-10  4 18 26 27 22 13  1-13-24-27 *  5  3  1 -2 -5 -6 -4 -2 -1  1  4  7  6	
 4948.208 -106.414
-42-36-21  2 27 42 44 38 25  5-19-37-42 * 12 10  6 -1-10-13-10 -6 -4  1  9 14 13	
-23-18 -9  3 16 23 24 20 12  1-11-20-23 *  5  4  1 -2 -5 -6 -5 -3 -1  1  4  7  6	
 4948.208 -102.314
-39-34-21  0 24 38 41 35 23  5-17-33-39 * 11  9  6 -1-10-13-10 -7 -5  0  7 13 12	
-20-16 -8  3 14 20 21 18 11  1-10-18-21 *  5  3  1 -2 -5 -6 -5 -3 -2  0  3  6  6	
 4948.208  -58.214
-35-31-20  0 23 36 38 33 22  5-15-30-36 * 11  9  6 -1 -9-12-10 -7 -5 -1  7 12 12	
-18-14 -7  2 12 18 19 16 10  1 -8-16-19 *  5  4  1 -2 -4 -5 -5 -3 -2  0  3  6  6	
 4948.208  -54.114
-33-29-19 -1 21 33 35 30 20  4-14-28-33 * 10  8  5 -2-10-12 -9 -7 -5 -1  6 11 11	
-16-13 -6  3 11 17 17 14  9  1 -8-14-17 *  4  3  1 -2 -4 -5 -4 -3 -2  0  3  5  5	
 4948.208  -50.014
-30-28-18 -2 18 30 32 29 20  4-13-25-30 *  7  6  4 -2 -9-11 -7 -5 -5 -2  5  9  8	
-15-12 -6  2 10 15 15 13  8  1 -7-12-15 *  3  2  0 -2 -4 -4 -3 -2 -2  0  3  4  4	
 4948.208  -45.914
-29-27-19 -3 17 29 31 28 19  5-12-24-29 *  6  5  3 -2 -9-10 -6 -4 -4 -2  4  8  7	
-14-12 -6  2  9 14 15 13  8  1 -6-12-14 *  3  2  0 -2 -3 -4 -3 -2 -2  0  2  4  3	
 4948.208  -41.814
-28-26-19 -4 15 28 30 27 18  4-12-23-28 *  5  3  2 -2 -8 -9 -5 -3 -3 -2  3  7  6	
-14-11 -6  1  9 13 14 12  8  1 -6-11-14 *  2  1  0 -2 -3 -3 -2 -2 -1  0  2  3  3	
 4948.208  -37.714
-27-25-18 -4 14 27 29 26 18  4-11-22-26 *  4  2  1 -3 -8 -8 -3 -1 -2 -1  3  6  5	
-13-11 -6  1  8 12 14 12  8  1 -5-10-13 *  2  1  0 -2 -3 -3 -2 -1 -1  0  2  3  2	
 4948.208  -33.614
-26-25-18 -5 13 25 28 25 18  5-10-20-25 *  3  1  0 -4 -8 -7 -2  1 -1 -1  3  5  4	
-13-11 -7  0  7 12 14 12  8  2 -5-10-12 *  2  1 -1 -2 -3 -2 -1  0  0  1  2  3  3	
 4948.208  -29.514
-26-24-18 -6 12 25 28 26 18  5 -9-20-25 *  1 -1 -2 -4 -8 -6  1  4  2  0  3  4  2	
-13-11 -7 -1  7 13 15 14  9  3 -4 -9-12 *  3  2 -1 -3 -2 -2 -1  1  1  1  2  4  5	
 4948.208  -25.414
-25-23-18 -6 12 25 28 26 19  6 -9-19-25 *  0 -3 -3 -5 -7 -5  3  7  3  1  3  4  1	
-13-11 -7 -1  7 13 16 15 10  3 -3 -8-12 *  4  2 -2 -3 -2 -1  0  2  2  2  3  5  6	
 4948.208  -21.313
-24-23-17 -6 11 23 27 24 17  5 -8-18-23 *  0 -2 -3 -5 -8 -5  2  6  3  1  3  4  1	
-12-11 -7 -1  6 12 14 13  9  3 -3 -8-11 *  2  1 -2 -3 -2 -1  0  2  2  2  3  4  4	
 4948.208  -17.213
-23-22-16 -6 10 22 25 23 16  5 -7-17-22 *  0 -2 -3 -5 -8 -5  2  5  3  2  4  4  2	
-11-10 -6  0  6 10 12 11  7  2 -4 -8-11 *  0 -1 -2 -3 -3 -1  1  2  2  2  2  3  1	
 4948.208  -13.113
-21-21-16 -6  8 20 24 22 15  4 -7-15-20 * -1 -3 -4 -6 -8 -5  4  7  4  2  4  4  1	
-11 -9 -6 -1  5 10 11 10  7  2 -3 -7-10 * -1 -2 -2 -3 -3 -1  1  3  2  2  2  2  0	
 4948.208   -9.013
-20-20-16 -7  7 19 23 21 15  4 -6-14-19 * -2 -5 -5 -7 -9 -4  5  8  6  3  4  4  0	
-10 -9 -6 -1  5  9 11 10  6  2 -3 -7 -9 * -2 -3 -3 -4 -3 -1  2  3  3  2  3  2  0	
 4948.208   -4.913
-20-20-16 -8  5 18 23 21 15  4 -5-14-19 * -4 -7 -7 -8 -8 -3  7 11  8  4  4  3 -2	
-10 -9 -6 -2  4  9 11 10  6  2 -2 -6 -9 * -3 -4 -4 -4 -3  0  3  4  3  3  3  2 -1	
 4948.208   -0.813
-20-21-16 -9  4 17 23 22 15  5 -5-13-19 * -6 -9 -9 -9 -8 -1  9 13  9  5  4  2 -4	
-10-10 -6 -2  3  8 11 10  7  2 -2 -6 -9 * -4 -5 -5 -4 -3  1  4  5  4  3  3  1 -2	
 4948.208    3.287
-20-22-17-10  2 17 24 23 16  5 -4-12-19 * -8-11-10 -9 -7  1 12 15 11  6  4  1 -5	
-11-10 -7 -3  3  8 11 11  7  3 -1 -5 -9 * -5 -6 -5 -4 -2  2  5  6  5  4  3  1 -3	
 4948.209    7.387
-24-25-19-11  2 19 29 28 19  6 -5-14-22 *-10-13-11 -8 -5  5 15 16 11  5  3 -2 -8	
-13-13-10 -5  2  9 14 15 10  5 -1 -6-11 * -6 -7 -6 -4 -1  3  7  8  6  3  2 -1 -4	
 4948.209   11.487
-28-27-21-12  3 23 34 32 21  6 -7-18-27 *-12-13-10 -7 -2  8 16 16 10  4  0 -4-10	
-16-17-14 -8  0 10 18 19 14  7 -1 -7-13 * -7 -8 -6 -4  0  5  9  9  6  3  0 -3 -6	
 4948.209   15.587
-29-28-21-12  3 23 35 33 21  6 -6-18-27 *-12-13-11 -7 -2  8 16 16 10  4  0 -5-11	
-16-17-14 -8  1 10 19 20 14  7 -1 -7-13 * -7 -8 -6 -4  0  5 10  9  6  2  0 -3 -6	
 4948.209   19.687
-28-28-22-13  2 23 34 32 20  6 -5-17-26 *-12-12-10 -7 -2  8 16 16 10  4 -1 -5-11	
-16-16-13 -7  1 11 17 17 13  6  0 -6-13 * -7 -7 -6 -3  0  5  8  8  6  3  0 -2 -5	
 4948.209   23.787
-24-24-19-11  1 20 29 26 17  5 -5-15-23 * -9 -9 -7 -5 -1  6 12 11  7  2 -2 -6 -9	
-14-13-10 -5  2  9 14 14  9  5  0 -6-11 * -6 -5 -4 -2  0  3  6  6  4  2  0 -2 -5	
 4950.887 -141.265
-46-38-19  6 30 44 47 41 26  2-23-41-47 * -3 -3 -2 -1  0  1  2  1  0 -1 -1 -1 -3	
-22-17 -7  5 16 22 23 19 11 -1-12-21-24 * -1 -1 -1  0  1  1  1  1  0 -1 -1 -1 -1	
 4950.887 -137.165
-46-38-19  6 29 43 46 39 24  0-23-41-46 * -3 -3 -2 -1  0  1  1  1  0 -1 -1 -1 -3	
-23-17 -8  4 15 22 23 19 10 -2-12-21-24 * -1 -1 -1  0  0  1  1  1  0 -1 -1 -1 -1	
 4950.887 -133.065
-47-39-22  3 28 43 46 40 25  0-22-41-48 * -3 -2 -1 -1  0  2  3  3  1  0  0 -1 -3	
-24-19-10  3 15 22 24 20 12 -1-12-22-25 * -1 -1 -1  0  0  1  2  2  1  0  0 -1 -1	
 4950.887 -128.965
-48-40-23  2 29 44 46 39 25  3-23-43-49 * -3 -3 -2 -1  0  0  1  1  0 -1 -1 -1 -3	
-26-20 -9  4 17 25 26 21 12  0-13-24-27 * -2 -2 -2 -1  0  0  1  1  1  0 -1 -1 -2	
 4950.888 -124.865
-50-42-24  2 29 45 48 41 26  3-24-44-50 * -1 -1 -1 -1 -1 -1  1  2  1 -1  1  1 -1	
-28-21-10  3 18 26 27 23 13  0-14-25-29 * -1 -1 -1 -1 -1  0  1  2  1  0  0  1  0	
 4950.888 -120.765
-50-42-24  2 30 47 49 42 26  4-24-44-50 *  1  1  0  0 -2 -2  0  2  1  1  2  3  2	
-29-23-11  3 19 28 29 24 14  1-14-26-30 *  0  0 -1 -1 -1 -1  0  2  1  1  1  2  1	
 4950.888 -116.665
-50-42-25  2 31 48 50 43 28  5-23-44-51 *  3  2  1  0 -2 -3 -1  1  1  1  3  5  4	
-29-23-12  3 19 29 30 25 15  2-14-26-30 *  1  0  0 -1 -1 -1  0  1  1  1  1  2  1	
 4950.888 -112.565
-48-41-24  1 29 46 49 42 28  6-21-42-49 *  5  3  2 -1 -5 -5 -3  0  0  1  5  8  6	
-29-23-12  2 18 28 29 25 15  2-13-25-29 *  2  1  0 -1 -3 -3 -1  1  1  1  2  4  3	
 4950.888 -108.465
-45-39-23  0 27 43 46 40 26  6-19-39-45 *  7  5  3 -1 -5 -7 -5 -2 -1  1  5  9  7	
-26-21-11  2 17 26 27 23 14  2-12-23-27 *  3  2  0 -1 -3 -3 -2  0  0  1  2  4  3	
 4950.888 -104.364
-41-36-21  1 26 42 44 37 23  5-18-36-42 * 10  8  4  0 -6 -9 -7 -3 -2  1  6 12 11	
-23-19-10  2 16 24 25 20 12  2-11-20-24 *  4  3  1 -1 -3 -4 -3 -1 -1  1  3  6  5	
 4950.888 -100.264
-38-33-19  2 26 40 42 34 21  4-17-34-39 * 11  9  5  0 -6 -9 -8 -4 -3  1  7 13 12	
-20-16 -8  3 14 22 22 17 10  1-10-18-21 *  5  4  2 -1 -3 -4 -4 -2 -1  1  4  6  6	
 4950.888  -56.164
-37-32-19  1 24 39 40 33 21  4-16-32-37 * 10  8  5  0 -6 -9 -7 -4 -3  0  6 11 11	
-19-15 -8  3 14 20 21 16 10  1 -9-17-19 *  5  4  2 -1 -3 -4 -3 -2 -1  0  3  6  5	
 4950.888  -52.064
-34-31-20 -1 21 34 37 32 21  5-14-29-34 *  7  6  4 -1 -7 -9 -7 -4 -3 -1  5  9  8	
-17-14 -7  2 12 17 18 15  9  1 -8-15-17 *  3  2  1 -1 -3 -4 -3 -2 -1  0  3  4  4	
 4950.888  -47.964
-32-29-20 -4 17 31 33 30 21  6-12-26-31 *  5  3  2 -2 -7 -8 -5 -3 -3 -1  3  7  5	
-15-12 -7  2 10 15 16 14  8  1 -7-13-15 *  2  1  0 -2 -3 -3 -2 -1 -1  0  2  3  2	
 4950.888  -43.864
-31-29-20 -4 16 29 32 29 20  5-12-25-30 *  5  4  2 -2 -8 -8 -5 -2 -3 -1  3  7  6	
-15-12 -6  2 10 14 15 13  8  1 -7-12-15 *  2  1  0 -2 -3 -3 -2 -1 -1  0  2  3  3	
 4950.888  -39.764
-29-28-20 -5 15 28 31 28 20  6-11-23-29 *  4  2  1 -2 -7 -7 -4 -2 -2 -1  3  6  5	
-14-11 -6  1  9 14 14 12  8  1 -6-11-14 *  1  1  0 -2 -3 -3 -2 -1 -1  0  2  3  2	
 4950.888  -35.664
-28-26-19 -5 14 27 30 27 19  6-10-22-27 *  3  1  0 -3 -7 -7 -2  0 -1 -1  3  5  4	
-13-11 -6  1  8 13 14 12  8  1 -5-10-13 *  2  1 -1 -2 -3 -2 -1  0  0  0  2  3  2	
 4950.888  -31.564
-26-25-19 -6 12 26 29 26 19  6 -9-20-26 *  1 -1 -1 -4 -7 -6  0  3  1  0  3  4  2	
-13-11 -7  0  7 13 15 13  9  2 -4 -9-12 *  2  1 -1 -3 -2 -2 -1  1  1  1  2  4  3	
 4950.888  -27.464
-26-24-19 -6 12 26 29 27 19  6 -9-20-26 *  0 -2 -3 -5 -7 -5  2  6  3  1  2  4  1	
-13-11 -7 -1  7 13 16 15 10  3 -4 -9-12 *  4  2 -2 -3 -2 -1  0  2  2  1  3  5  6	
 4950.888  -23.364
-25-24-18 -6 11 25 28 26 19  6 -8-19-25 * -1 -3 -3 -5 -7 -4  3  7  3  1  3  3  1	
-13-11 -7 -1  7 13 16 14 10  3 -3 -8-12 *  3  2 -2 -3 -2 -1  0  2  2  2  3  5  5	
 4950.888  -19.264
-24-23-17 -6 10 23 26 24 17  6 -8-18-23 * -1 -3 -3 -5 -8 -5  3  6  4  2  3  4  1	
-12-10 -6 -1  6 11 13 12  8  2 -3 -8-11 *  1  0 -2 -3 -3 -1  1  2  2  2  3  3  2	
 4950.888  -15.163
-22-22-17 -7  9 21 25 23 16  5 -7-16-21 *  0 -3 -3 -6 -9 -5  2  6  4  2  4  4  1	
-11-10 -6 -1  6 10 11 10  7  2 -3 -7-10 * -1 -2 -2 -3 -3 -2  1  2  2  2  3  2  1	
 4950.888  -11.063
-21-21-16 -7  7 20 24 22 15  5 -7-15-20 * -1 -4 -4 -6 -9 -5  4  7  5  3  4  4  0	
-11 -9 -6 -1  5  9 11 10  6  2 -3 -7-10 * -2 -2 -3 -3 -3 -1  2  3  2  2  3  2  0	
 4950.888   -6.963
-21-21-17 -8  6 19 24 23 15  5 -6-14-20 * -3 -6 -6 -7 -8 -4  5  9  6  4  4  3 -1	
-11 -9 -6 -1  5  9 11 10  6  2 -3 -7-10 * -2 -3 -3 -4 -3 -1  2  3  3  2  3  2 -1	
 4950.888   -2.863
-21-22-17 -9  5 19 24 23 16  5 -5-14-20 * -3 -6 -6 -7 -8 -3  6 10  7  4  4  3 -2	
-11-10 -6 -2  4  9 11 10  7  2 -2 -6 -9 * -3 -3 -4 -4 -3  0  3  4  3  3  3  2 -1	
 4950.889    1.237
-21-23-18-10  3 18 25 24 17  5 -5-13-20 * -5 -8 -8 -8 -8 -1  8 12  8  5  4  2 -3	
-11-10 -7 -2  4  9 11 11  7  3 -2 -6 -9 * -3 -4 -4 -4 -2  1  4  5  4  3  3  1 -1	
 4950.889    5.337
-22-23-19-11  2 17 26 26 18  6 -4-13-20 * -7-10 -9 -8 -6  1 11 14 10  5  4  1 -5	
-11-11 -8 -4  3  8 12 12  8  4 -1 -5-10 * -5 -5 -5 -4 -2  2  5  6  5  3  2  1 -3	
 4950.889    9.437
-24-26-21-12  2 20 30 29 20  7 -4-14-22 * -9-11 -9 -7 -5  4 13 15 10  5  2 -1 -7	
-13-13-10 -5  2  9 14 14 10  5 -1 -6-11 * -5 -6 -5 -4 -1  3  6  7  5  3  1 -1 -4	
 4950.889   13.537
-26-27-22-13  1 21 32 31 21  7 -5-15-24 *-10-12-10 -7 -3  6 14 15 10  4  1 -3 -9	
-14-15-12 -6  1 10 16 16 12  6  0 -6-12 * -6 -7 -5 -3 -1  4  7  7  5  3  1 -2 -4	
 4950.889   17.637
-25-27-22-13  0 20 32 30 21  8 -3-14-23 *-10-12-10 -7 -3  5 14 14 10  4  1 -3 -9	
-14-14-11 -6  1  9 15 15 11  6  0 -5-11 * -6 -7 -5 -3 -1  3  7  7  5  3  1 -1 -4	
 4950.889   21.737
-24-26-22-14 -1 19 31 30 21  8 -2-12-22 * -9-11 -9 -7 -4  5 13 13  9  4  0 -3 -8	
-13-13-10 -5  1  9 14 14 10  5  1 -5-10 * -5 -6 -5 -3 -1  3  6  6  5  3  1 -1 -4	
 4953.568 -143.315
-48-39-21  5 29 44 49 43 27  4-22-41-48 * -5 -4 -2  0  2  4  5  5  2  0 -1 -3 -5	
-23-17 -7  5 16 22 24 20 12  0-12-21-24 * -2 -2 -1  1  2  2  3  2  1  0 -1 -2 -2	
 4953.568 -139.215
-47-39-21  5 28 43 47 41 26  3-22-41-47 * -4 -3 -2 -1  0  1  3  3  1  0 -1 -2 -4	
-23-18 -8  4 15 22 23 20 11  0-12-21-24 * -2 -2 -1  0  1  1  2  1  1 -1 -1 -1 -2	
 4953.568 -135.115
-47-39-21  3 27 43 47 41 26  3-21-40-47 * -4 -3 -2 -1  0  2  3  3  2  0  0 -1 -3	
-24-19 -9  3 15 22 24 20 12  0-11-21-25 * -2 -1 -1  0  0  1  2  2  1  0  0 -1 -2	
 4953.569 -131.015
-48-40-23  2 27 43 47 41 26  4-21-41-48 * -3 -3 -2 -1 -1  0  1  2  1 -1  0  0 -2	
-26-20-10  3 16 24 26 22 13  1-13-23-27 * -1 -2 -1 -1  0  0  1  2  1  0  0  0 -1	
 4953.569 -126.915
-48-41-24  1 28 44 47 41 27  5-21-42-49 * -2 -2 -2 -1 -1  0  1  2  1 -1  0  0 -2	
-28-22-11  3 18 26 28 23 14  1-13-25-29 * -1 -2 -1 -1 -1  0  1  2  1  0  0  0 -1	
 4953.569 -122.815
-49-42-25  0 28 45 49 42 28  6-21-42-49 * -1 -1 -1  0 -1 -1  1  3  1  0  1  2  0	
-30-25-13  1 18 29 31 26 16  3-14-27-31 * -1 -1 -1 -1 -1 -1  1  2  1  0  1  1  0	
 4953.569 -118.715
-50-43-26 -1 28 46 50 43 28  6-21-43-50 *  1 -1 -1 -1 -2 -2  1  3  2  0  2  3  1	
-32-26-14  1 19 30 32 27 17  3-14-28-32 *  0 -1 -1 -1 -1 -1  1  2  1  0  1  2  0	
 4953.569 -114.615
-51-44-26 -1 29 47 51 44 29  7-21-43-51 *  1  0 -1 -1 -2 -2  0  3  1  0  2  4  2	
-33-27-15  1 19 30 33 28 17  3-14-28-33 *  0 -1 -1 -1 -1 -1  1  2  1  0  1  2  1	
 4953.569 -110.515
-48-42-25 -1 27 45 49 42 28  7-19-41-48 *  2  0  0 -1 -3 -3  0  2  1  1  2  5  2	
-31-25-14  1 18 29 31 27 17  3-13-26-31 *  0 -1 -1 -1 -2 -1  0  2  1  0  1  2  1	
 4953.569 -106.415
-44-38-23  0 26 43 46 39 25  6-18-37-44 *  6  4  2 -1 -4 -5 -3  0  0  1  5  8  7	
-26-22-12  1 16 26 28 23 14  3-11-23-27 *  2  1  0 -1 -2 -2 -1  1  1  1  2  4  3	
 4953.569 -102.314
-40-35-19  3 27 43 45 35 21  3-18-35-41 * 10  8  5  0 -4 -7 -6 -2 -1  1  7 12 11	
-22-18 -9  3 16 24 25 19 11  1-10-20-23 *  5  4  2  0 -2 -3 -3 -1  0  1  3  6  6	
 4953.569  -58.214
-38-33-18  4 27 43 44 33 19  2-17-34-39 * 11 10  5  1 -4 -7 -6 -2 -1  1  7 13 13	
-20-16 -8  3 15 23 23 17 10  1-10-18-21 *  6  5  2  0 -2 -3 -3 -1  0  1  4  7  6	
 4953.569  -54.114
-37-33-20  1 24 39 41 33 21  4-16-32-37 *  9  7  4  0 -5 -7 -6 -2 -2  1  6 11 10	
-19-15 -8  2 13 20 21 16 10  1 -9-16-19 *  4  3  1 -1 -2 -3 -3 -1 -1  1  3  5  5	
 4953.569  -50.014
-35-32-21 -2 20 34 37 33 22  6-14-29-35 *  6  4  2 -1 -6 -7 -5 -2 -2 -1  4  8  7	
-17-14 -7  2 11 17 18 15  9  1 -8-15-18 *  3  2  0 -1 -3 -3 -2 -1 -1  0  2  4  3	
 4953.569  -45.914
-32-30-21 -4 17 31 34 31 22  6-12-26-32 *  4  3  2 -2 -6 -7 -4 -2 -2 -1  3  6  5	
-16-13 -7  1 10 15 16 14  9  1 -7-13-16 *  2  1  0 -1 -3 -3 -2 -1 -1  0  2  3  2	
 4953.569  -41.814
-31-29-21 -5 15 29 33 30 21  7-11-24-30 *  3  2  1 -2 -7 -6 -3 -1 -2 -1  3  5  4	
-15-12 -7  1  9 14 15 13  8  1 -6-12-14 *  1  0  0 -2 -3 -2 -1 -1 -1  0  2  2  2	
 4953.569  -37.714
-29-28-20 -5 14 28 31 29 20  6-10-23-28 *  3  1  1 -3 -6 -6 -2  0 -1 -1  3  5  3	
-14-11 -6  1  9 13 14 13  8  1 -6-11-14 *  1  0  0 -2 -3 -2 -1  0  0  0  2  2  2	
 4953.569  -33.614
-28-26-19 -6 13 26 30 28 19  6-10-21-27 *  2  1  0 -3 -7 -6 -1  1  0  0  3  5  3	
-13-11 -6  1  8 13 14 12  8  1 -5-10-13 *  1  0 -1 -2 -3 -2 -1  0  0  1  2  3  2	
 4953.569  -29.514
-27-25-19 -6 12 26 29 27 19  6 -9-20-26 *  1 -1 -1 -4 -7 -5  1  3  1  0  3  4  2	
-13-11 -7  0  7 13 15 13  8  2 -4 -9-12 *  2  1 -1 -3 -2 -2  0  1  1  1  2  3  3	
 4953.569  -25.414
-26-25-19 -6 11 25 29 27 19  6 -8-20-25 *  0 -2 -3 -5 -7 -5  2  5  2  1  2  3  1	
-13-11 -7  0  7 12 15 13  9  3 -4 -9-12 *  2  1 -2 -3 -2 -1  0  2  1  1  2  4  3	
 4953.569  -21.314
-24-24-18 -7 10 23 27 25 18  6 -7-18-23 * -1 -3 -3 -5 -7 -4  3  5  3  1  3  3  0	
-12-10 -7 -1  6 11 13 12  8  2 -4 -8-11 *  0 -1 -2 -3 -3 -1  1  2  2  1  2  3  2	
 4953.569  -17.214
-23-23-18 -7  9 22 26 24 17  6 -7-17-22 * -1 -3 -3 -5 -7 -4  3  6  4  2  4  4  0	
-11-10 -6 -1  6 10 12 11  7  2 -3 -8-11 * -1 -2 -2 -3 -3 -1  1  2  2  2  2  2  1	
 4953.569  -13.113
-23-23-18 -8  8 21 26 24 17  6 -7-16-22 * -1 -3 -4 -5 -7 -4  3  6  4  2  4  4  0	
-11-10 -6 -1  5 10 12 11  7  2 -3 -7-10 * -1 -2 -2 -3 -3 -1  1  2  2  2  2  2  0	
 4953.569   -9.013
-22-23-17 -8  7 21 25 24 17  5 -6-15-21 * -2 -4 -5 -6 -7 -4  4  7  5  3  4  3 -1	
-11-10 -6 -1  5 10 11 10  7  2 -3 -7-10 * -2 -2 -3 -3 -3 -1  2  3  2  2  2  2  0	
 4953.570   -4.913
-21-22-17 -9  6 19 25 24 16  5 -5-14-20 * -2 -5 -5 -6 -8 -3  5  9  6  4  4  3 -1	
-11-10 -6 -1  4  9 11 10  7  2 -3 -7-10 * -2 -3 -3 -3 -3  0  2  3  3  2  3  2 -1	
 4953.570   -0.813
-22-23-18-10  4 19 25 24 17  6 -5-14-20 * -4 -7 -7 -7 -7 -2  7 10  7  4  4  3 -2	
-11-10 -7 -2  4  9 11 11  7  2 -2 -6-10 * -3 -4 -4 -3 -3  0  3  4  3  3  2  1 -1	
 4953.570    3.287
-22-23-19-11  3 19 26 25 17  6 -4-13-20 * -5 -8 -8 -7 -7 -1  8 11  8  4  4  2 -3	
-11-11 -7 -3  4  9 12 11  7  3 -2 -6-10 * -3 -4 -4 -4 -2  1  4  4  4  3  2  1 -1	
 4953.570    7.387
-22-24-20-12  1 18 27 27 19  7 -3-13-20 * -6 -9 -8 -7 -6  1 10 12  9  5  3  1 -5	
-12-11 -8 -4  3  9 12 12  8  4 -1 -5-10 * -4 -5 -4 -4 -2  1  4  5  4  3  2  1 -2	
 4953.570   11.487
-23-26-21-13  0 19 29 29 20  8 -3-13-21 * -8-10 -9 -7 -5  2 11 13  9  5  3 -1 -6	
-13-13 -9 -4  2  9 13 13  9  4  0 -5-10 * -5 -5 -5 -3 -1  2  5  6  4  3  2  0 -3	
 4953.570   15.587
-24-26-22-14 -1 19 30 30 21  9 -2-12-21 * -8-10 -9 -7 -4  4 12 13  9  4  2 -2 -7	
-13-13-10 -5  2  9 14 13 10  5  0 -5-10 * -5 -5 -5 -3 -1  3  5  6  4  3  1 -1 -3	
 4953.570   19.687
-23-26-22-14 -1 18 30 29 21  9 -2-11-21 * -8-10 -9 -7 -5  3 12 13  9  4  1 -2 -7	
-12-13-10 -5  2  9 13 13 10  5  0 -5-10 * -5 -5 -5 -3 -1  2  5  6  4  3  2  0 -3	
 4953.570   23.787
-22-25-22-14 -2 17 29 29 20  9 -2-11-20 * -8-10 -9 -7 -5  3 11 13  9  4  1 -2 -7	
-12-13-10 -5  1  9 13 13 10  5  0 -5-10 * -5 -5 -5 -4 -2  2  5  6  5  3  1 -1 -3	
 4956.247 -141.265
-47-39-21  3 27 42 47 42 27  5-20-40-47 * -6 -5 -3 -1  1  3  5  5  2  0 -1 -3 -5	
-22-17 -7  4 15 22 23 20 11  0-12-20-23 * -3 -2 -1  0  1  2  3  2  1  0 -1 -2 -2	
 4956.248 -137.165
-47-39-22  2 26 42 47 41 27  5-20-40-47 * -5 -4 -3 -1  1  3  4  4  2  0 -1 -2 -4	
-23-18 -9  3 15 22 24 20 12  1-11-21-24 * -2 -2 -1  0  1  2  2  2  1  0 -1 -1 -2	
 4956.248 -133.065
-47-40-23  1 26 42 47 41 27  6-20-40-48 * -4 -4 -3 -1  0  1  3  4  2  0  0 -1 -3	
-26-20-10  2 16 24 26 22 13  1-12-23-27 * -2 -2 -1 -1  0  1  2  2  1  0  0 -1 -2	
 4956.248 -128.965
-48-41-24  0 27 43 48 42 28  6-20-41-48 * -2 -3 -2 -1 -1 -1  2  3  1  0  0  1 -2	
-28-23-12  2 17 27 29 24 15  2-13-25-29 * -1 -2 -1 -1 -1  0  1  2  1  0  0  0 -1	
 4956.248 -124.865
-49-42-25 -1 27 44 49 43 28  7-20-41-49 * -1 -2 -2 -1 -2 -1  1  3  2  0  1  2 -1	
-31-25-14  1 18 29 31 27 16  3-13-27-31 * -1 -2 -1 -1 -1 -1  1  2  1  0  0  1  0	
 4956.248 -120.765
-49-43-26 -2 27 45 49 43 29  7-19-41-49 * -1 -2 -2 -1 -2 -1  2  4  2  0  1  2 -1	
-33-27-15  0 18 30 33 28 18  4-13-28-33 * -1 -2 -2 -1 -1 -1  1  3  2  0  0  1  0	
 4956.248 -116.665
-50-43-26 -2 27 45 50 44 29  8-19-42-50 * -1 -2 -2 -1 -1 -1  2  4  2  0  1  2  0	
-34-28-16 -1 19 31 34 29 19  4-13-29-34 * -1 -2 -1 -1 -1 -1  1  3  2  0  0  1  0	
 4956.248 -112.565
-49-43-26 -2 26 44 49 43 29  8-18-40-49 *  0 -2 -2 -1 -2 -1  2  4  2  0  1  3  1	
-33-27-16 -1 18 30 33 29 18  5-13-28-33 * -1 -2 -1 -1 -1 -1  1  3  2  0  1  2  0	
 4956.248 -108.465
-47-41-25 -2 25 43 47 42 28  8-17-38-46 *  1 -1 -1 -1 -2 -2  1  3  2  0  2  4  2	
-30-25-15  0 17 28 31 26 17  4-12-25-30 *  0 -1 -1 -1 -1 -1  1  2  1  0  1  2  1	
 4956.248 -104.365
-43-38-23  0 26 42 46 38 24  6-17-37-43 *  5  3  1  0 -3 -3 -2  1  1  1  4  7  6	
-26-21-12  1 16 26 27 22 14  3-11-22-26 *  2  1  0  0 -1 -2 -1  1  1  1  2  4  3	
 4956.248 -100.264
-40-35-20  2 26 42 45 36 22  4-16-34-40 *  8  6  3  0 -3 -5 -4  0  0  1  6 11  9	
-22-18-10  2 15 23 24 19 11  2 -9-18-22 *  4  3  1  0 -2 -2 -2  0  0  1  3  5  5	
 4956.248  -56.164
-38-34-20  1 25 40 43 34 21  4-16-33-39 *  8  6  3  0 -4 -5 -4 -1  0  1  6 10  9	
-20-17 -9  2 14 22 23 18 10  1 -9-17-21 *  4  3  1  0 -2 -2 -2  0  0  1  3  5  5	
 4956.248  -52.064
-37-33-22 -2 21 36 40 35 23  6-14-30-36 *  5  3  2 -1 -4 -5 -3  0  0  1  4  8  6	
-19-16 -9  2 12 19 20 17 10  2 -8-16-19 *  2  1  0 -1 -2 -2 -1  0  0  0  2  4  3	
 4956.248  -47.964
-34-32-22 -5 17 31 36 33 23  7-12-26-33 *  2  1  1 -2 -5 -5 -2  0 -1  0  2  5  3	
-17-14 -8  1 10 16 17 15 10  2 -7-13-17 *  1  0  0 -1 -2 -2 -1  0  0  0  1  2  2	
 4956.248  -43.864
-32-31-22 -5 16 30 35 32 23  8-11-25-32 *  2  1  0 -2 -5 -5 -2  0 -1  0  2  4  3	
-16-13 -7  1 10 15 16 14  9  2 -6-12-16 *  1  0  0 -1 -2 -2 -1  0  0  0  1  2  1	
 4956.248  -39.764
-31-29-21 -6 14 28 33 30 22  7-10-23-30 *  2  1  0 -2 -5 -5 -1  0 -1  0  2  4  3	
-15-12 -7  1  9 14 15 13  8  1 -6-11-14 *  1  0 -1 -2 -2 -2 -1  0  0  0  1  2  1	
 4956.248  -35.664
-29-28-20 -6 13 27 31 29 21  7-10-22-28 *  2  1  0 -3 -6 -5 -1  1  0  0  2  4  3	
-14-11 -6  1  8 13 14 12  8  1 -5-10-13 *  0  0 -1 -2 -2 -2 -1  0  0  0  2  2  1	
 4956.248  -31.564
-27-26-20 -6 12 26 30 28 20  6 -9-21-26 *  1  0 -1 -3 -6 -5  0  2  1  0  2  4  2	
-13-11 -6  0  8 12 14 12  8  2 -5-10-13 *  0  0 -1 -2 -2 -2  0  0  0  1  2  2  1	
 4956.248  -27.464
-26-26-19 -7 11 25 29 27 19  6 -8-20-25 *  0 -1 -2 -4 -6 -5  1  3  2  1  2  3  1	
-13-11 -6  0  7 12 14 12  8  2 -5 -9-12 *  0 -1 -1 -2 -2 -1  0  1  1  1  2  2  1	
 4956.248  -23.364
-25-25-19 -7 11 24 28 27 19  6 -8-19-24 *  0 -1 -2 -4 -7 -5  1  4  2  1  3  4  1	
-12-11 -6  0  7 12 13 12  8  2 -4 -9-12 *  0 -1 -2 -2 -2 -1  0  1  1  1  2  2  1	
 4956.248  -19.264
-24-24-18 -7  9 22 27 25 18  6 -7-17-23 * -1 -2 -3 -5 -7 -4  2  5  3  2  3  4  0	
-12-10 -6  0  6 11 12 11  7  2 -4 -8-11 * -1 -2 -2 -3 -3 -1  1  2  1  1  2  2  0	
 4956.248  -15.164
-23-23-18 -8  8 21 26 25 17  6 -6-16-22 * -1 -4 -4 -5 -7 -4  3  6  4  3  3  3  0	
-11-10 -6 -1  5 10 12 11  7  2 -3 -7-10 * -1 -2 -2 -3 -3 -1  1  2  2  2  2  2  0	
 4956.249  -11.063
-23-23-18 -8  7 21 26 25 17  6 -6-15-21 * -2 -4 -5 -6 -7 -3  4  7  5  3  4  3 -1	
-11-10 -6 -1  5 10 12 11  7  2 -3 -7-10 * -2 -2 -3 -3 -3 -1  2  3  2  2  2  2  0	
 4956.249   -6.963
-22-23-18 -9  6 20 26 25 17  6 -6-15-21 * -2 -4 -5 -6 -7 -3  4  7  6  3  4  3 -1	
-11-10 -6 -1  5 10 12 11  7  2 -3 -7-10 * -2 -3 -3 -3 -3 -1  2  3  2  2  2  2  0	
 4956.249   -2.863
-22-23-18-10  5 20 26 25 18  6 -5-14-21 * -3 -5 -5 -6 -7 -3  5  8  6  4  4  3 -2	
-11-10 -7 -2  4  9 12 11  7  2 -2 -6-10 * -2 -3 -3 -3 -2  0  2  3  3  2  2  1 -1	
 4956.249    1.237
-22-24-19-11  4 19 27 26 18  7 -5-14-21 * -4 -7 -7 -7 -6 -1  7 10  7  4  4  2 -3	
-12-11 -7 -3  4  9 12 11  8  3 -2 -6-10 * -3 -4 -3 -3 -2  0  3  4  3  2  2  1 -1	
 4956.249    5.337
-22-24-20-12  2 19 27 27 19  7 -4-13-20 * -5 -7 -7 -7 -6 -1  8 11  8  4  3  1 -4	
-12-11 -8 -3  3  9 12 12  8  3 -1 -6-10 * -3 -4 -4 -3 -2  1  3  4  3  3  2  1 -2	
 4956.249    9.437
-22-25-21-13  1 18 28 28 20  8 -3-13-20 * -6 -8 -7 -7 -5  0  9 11  8  4  3  1 -4	
-12-12 -9 -4  3  9 12 12  8  4 -1 -5-10 * -3 -4 -4 -3 -2  1  4  5  4  3  2  0 -2	
 4956.249   13.537
-23-26-22-14  0 18 29 29 21  9 -2-12-20 * -6 -9 -8 -7 -5  1 10 11  8  4  2  0 -5	
-12-12 -9 -4  2  9 13 13  9  4  0 -5-10 * -4 -5 -4 -3 -2  1  4  5  4  2  2  0 -2	
 4956.249   17.637
-22-25-22-14 -1 17 29 29 21  9 -2-11-20 * -6 -8 -8 -7 -5  1 10 11  8  4  2 -1 -5	
-12-12 -9 -5  2  9 13 13  9  5  0 -5 -9 * -4 -4 -4 -3 -2  1  4  5  4  3  2  0 -2	
 4956.249   21.737
-22-25-22-15 -2 17 29 29 21  9 -1-11-20 * -7 -9 -9 -7 -5  2 10 12  9  4  2 -1 -6	
-12-12-10 -5  1  8 13 13 10  5  0 -4 -9 * -4 -5 -4 -3 -2  2  5  5  4  3  2  0 -3	
 4958.928 -143.315
-47-39-22  2 26 41 46 41 26  5-20-39-47 * -6 -6 -3  0  3  5  7  6  3  0 -2 -4 -6	
-22-17 -8  4 15 21 23 19 11  0-12-20-23 * -3 -2 -1  1  2  3  3  3  1  0 -1 -2 -3	
 4958.928 -139.215
-46-39-22  1 25 41 46 41 27  6-19-38-46 * -5 -5 -3 -1  1  4  5  5  3  0 -1 -2 -5	
-23-17 -8  3 14 21 23 20 12  1-11-20-23 * -2 -2 -1  0  1  2  3  3  1  0 -1 -1 -2	
 4958.928 -135.115
-48-40-22  2 26 42 46 41 26  6-19-40-47 * -4 -3 -2  0  1  3  5  6  3  1  0 -1 -4	
-24-20-10  2 14 21 24 21 13  1-11-21-25 * -2 -1 -1  0  1  2  3  3  2  0  0 -1 -2	
 4958.928 -131.015
-47-41-24  0 25 42 47 42 27  7-19-39-47 * -4 -3 -2 -1  0  1  4  5  3  1  0  0 -3	
-27-22-12  1 16 25 27 23 15  2-12-23-28 * -2 -2 -1 -1  0  1  2  3  2  0  0  0 -1	
 4958.928 -126.915
-48-42-25 -1 26 43 48 43 28  7-19-40-48 * -2 -3 -2 -1 -1  0  2  4  2  0  0  1 -2	
-30-24-13  1 17 28 30 26 16  3-13-26-30 * -1 -2 -2 -1 -1  0  2  3  2  0  0  1 -1	
 4958.928 -122.815
-49-43-26 -2 26 44 49 43 29  8-19-41-49 * -2 -3 -2 -1 -1  0  2  5  3  0  1  2 -1	
-32-27-15  0 18 30 33 28 18  4-13-28-33 * -1 -2 -2 -1 -1  0  2  3  2  0  0  1 -1	
 4958.928 -118.715
-50-43-26 -2 26 45 50 44 29  8-19-41-50 * -2 -3 -2 -1 -1 -1  2  5  3  0  1  2 -1	
-34-28-16 -1 19 31 34 30 19  5-13-29-34 * -1 -2 -2 -1 -1  0  2  3  2  0  0  1 -1	
 4958.928 -114.615
-50-43-26 -2 26 45 50 44 29  8-18-41-50 * -1 -3 -2 -1 -1 -1  2  5  3  0  1  2  0	
-34-29-17 -1 19 31 34 30 19  5-13-29-34 * -1 -2 -2 -1 -1  0  2  3  2  0  0  1  0	
 4958.928 -110.515
-49-43-26 -3 26 44 49 44 29  8-18-40-49 * -1 -2 -2 -1 -2 -1  2  4  2  0  1  3  0	
-33-28-16 -1 18 30 33 29 18  5-13-28-33 * -1 -2 -2 -1 -1 -1  1  3  2  0  1  2  0	
 4958.928 -106.415
-46-41-26 -3 24 42 47 42 28  8-16-37-46 *  0 -2 -2 -1 -2 -1  2  4  2  0  1  3  1	
-29-25-15 -1 16 27 30 26 17  4-11-24-29 *  0 -1 -1 -1 -1 -1  1  3  2  0  1  2  0	
 4958.928 -102.315
-44-39-25 -3 23 40 45 40 27  8-15-35-43 *  1 -1 -1 -1 -2 -2  1  3  2  1  2  4  3	
-26-22-13  0 15 24 27 23 15  4-10-21-26 *  0 -1 -1 -1 -1 -1  1  2  1  0  1  2  1	
 4958.928  -58.215
-40-37-24 -2 22 38 43 38 25  7-14-32-40 *  3  1  0 -1 -3 -3  0  2  1  1  3  6  4	
-22-19-11  0 13 22 24 20 13  3 -9-18-22 *  1  0  0 -1 -1 -1  0  1  1  0  2  3  2	
 4958.928  -54.114
-38-35-24 -4 19 35 40 36 25  8-12-29-37 *  2  0  0 -1 -3 -3  0  2  1  1  2  5  3	
-20-17-10  0 12 19 21 18 12  3 -7-16-20 *  1  0 -1 -1 -1 -1  0  1  1  0  1  2  2	
 4958.928  -50.014
-36-34-24 -6 17 32 38 36 25  9-11-27-35 *  1 -1 -1 -2 -3 -3  0  2  1  0  2  3  2	
-18-16 -9  0 10 17 19 17 11  3 -7-14-18 *  0 -1 -1 -1 -1 -1  0  1  1  0  1  1  1	
 4958.928  -45.914
-35-33-24 -6 16 31 37 35 25  9-10-25-33 *  1 -1 -1 -2 -4 -3  0  1  0  0  2  3  2	
-17-14 -8  0 10 16 18 16 10  2 -6-13-16 *  0 -1 -1 -1 -2 -1  0  0  0  0  1  2  1	
 4958.928  -41.814
-32-31-23 -7 14 29 35 33 23  8-10-24-31 *  1  0  0 -2 -4 -4 -1  1  0  0  2  3  2	
-15-13 -7  1  9 14 16 14  9  2 -6-12-15 *  0  0 -1 -1 -2 -1  0  0  0  0  1  2  1	
 4958.928  -37.714
-31-30-22 -7 13 28 33 31 23  8 -9-23-30 *  0 -1 -1 -2 -4 -3  1  2  1  0  2  3  1	
-14-12 -7  0  8 14 15 13  9  2 -5-11-14 *  0 -1 -1 -1 -1 -1  0  1  0  0  1  1  0	
 4958.928  -33.614
-29-29-21 -7 12 27 32 30 22  8 -8-21-28 *  0 -1 -1 -3 -5 -3  1  2  1  0  2  3  1	
-14-12 -7  0  8 13 15 13  8  2 -5-10-13 *  0 -1 -1 -1 -2 -1  0  1  0  0  1  1  0	
 4958.928  -29.514
-28-27-21 -7 11 26 31 29 21  8 -8-20-27 * -1 -2 -2 -3 -5 -3  2  3  2  1  2  3  0	
-13-11 -7  0  7 12 14 12  8  2 -4-10-13 * -1 -1 -1 -2 -2 -1  1  1  1  1  1  1  0	
 4958.928  -25.414
-26-26-20 -8 10 24 29 28 20  7 -7-19-25 * -1 -2 -3 -4 -6 -4  2  4  2  1  2  3  0	
-13-11 -6  0  7 12 13 12  8  2 -4 -9-12 * -1 -1 -2 -2 -2 -1  1  1  1  1  2  1  0	
 4958.929  -21.314
-25-25-19 -8  9 23 28 27 19  7 -7-18-24 * -1 -3 -3 -4 -6 -4  2  5  3  2  3  3  0	
-12-10 -6  0  6 11 13 11  7  2 -4 -8-11 * -1 -1 -2 -2 -2 -1  1  2  1  1  2  2  0	
 4958.929  -17.214
-24-24-18 -8  8 22 27 26 18  6 -7-17-23 * -1 -4 -4 -5 -7 -4  3  6  4  2  3  3  0	
-12-10 -6 -1  6 10 12 11  7  2 -4 -8-11 * -1 -2 -2 -3 -2 -1  1  2  2  2  2  2  0	
 4958.929  -13.114
-23-24-18 -8  8 21 27 26 18  6 -6-16-22 * -2 -4 -4 -5 -7 -3  4  7  5  3  3  3 -1	
-12-10 -6 -1  5 10 12 11  7  2 -3 -7-11 * -1 -2 -2 -3 -2 -1  2  2  2  2  2  1  0	
 4958.929   -9.013
-22-23-18 -8  7 20 26 25 18  6 -6-15-21 * -2 -4 -5 -6 -7 -3  4  7  6  3  4  3 -1	
-11-10 -6 -1  5 10 12 11  7  2 -3 -7-10 * -2 -2 -3 -3 -3 -1  2  3  2  2  2  2  0	
 4958.929   -4.913
-22-23-18 -9  5 20 26 25 18  6 -5-15-21 * -3 -5 -6 -6 -6 -2  6  9  7  4  4  3 -2	
-11-10 -7 -2  4  9 12 11  7  2 -2 -7-10 * -2 -3 -3 -3 -2  0  2  3  3  2  2  1 -1	
 4958.929   -0.813
-23-24-20-11  4 20 27 27 19  7 -5-14-21 * -4 -6 -6 -6 -6 -2  6  9  7  4  4  2 -2	
-12-11 -7 -2  4  9 12 11  8  3 -2 -6-10 * -2 -3 -3 -3 -2  0  3  3  3  2  2  1 -1	
 4958.929    3.287
-22-24-20-11  3 19 27 27 19  7 -4-13-21 * -4 -7 -7 -7 -6 -1  7 10  7  4  3  2 -3	
-12-11 -8 -3  3  9 12 11  8  3 -2 -6-10 * -3 -4 -4 -3 -2  0  3  4  3  2  2  1 -1	
 4958.929    7.387
-22-24-20-12  1 18 27 27 19  8 -3-13-20 * -5 -7 -7 -7 -6  0  8 11  8  4  3  1 -4	
-11-11 -8 -3  3  9 12 12  8  4 -1 -5 -9 * -3 -4 -4 -3 -2  1  3  4  3  3  2  1 -2	
 4958.929   11.487
-23-25-22-14  0 18 28 29 21  8 -3-12-20 * -6 -8 -8 -7 -5  0  9 11  8  4  3  0 -4	
-12-12 -9 -4  2  9 13 12  9  4 -1 -5-10 * -3 -4 -4 -3 -2  1  4  4  3  2  2  0 -2	
 4958.929   15.587
-22-25-22-14 -1 18 28 29 21  9 -2-11-20 * -6 -8 -8 -7 -5  1  9 11  8  4  2  0 -5	
-12-12 -9 -4  2  8 12 13  9  5  0 -5 -9 * -4 -4 -4 -3 -2  1  4  5  4  2  2  0 -2	
 4958.929   19.687
-21-25-22-14 -2 16 28 28 21  9 -1-11-19 * -6 -8 -8 -7 -5  1  9 11  8  4  2  0 -5	
-12-12 -9 -5  1  8 12 13  9  5  0 -4 -9 * -4 -4 -4 -3 -2  1  4  5  4  3  2  0 -2	
 4958.929   23.787
-21-24-21-15 -2 16 28 28 21  9 -1-10-19 * -6 -8 -8 -7 -5  1  9 11  8  4  2 -1 -5	
-11-12-10 -5  1  8 12 13 10  5  0 -4 -9 * -3 -4 -4 -3 -2  1  4  5  4  3  2  0 -2	
 5001.608 -141.265
-46-39-22  1 24 40 45 40 26  6-20-39-46 * -7 -6 -3  0  2  5  7  6  3 -1 -3 -5 -7	
-22-17 -8  4 14 21 22 19 11  1-11-20-23 * -3 -2 -1  1  2  3  3  3  1 -1 -2 -3 -3	
 5001.608 -137.165
-46-39-23  1 24 40 45 40 26  6-19-39-46 * -6 -5 -3 -1  1  4  6  6  3  0 -1 -3 -5	
-23-19-10  2 14 21 23 20 12  1-11-20-24 * -3 -2 -1  0  1  2  3  3  2  0 -1 -1 -2	
 5001.608 -133.065
-47-40-23  0 24 41 46 41 26  7-18-39-47 * -4 -3 -2 -1  1  3  5  6  3  1  1  0 -3	
-25-21-11  1 14 23 25 22 13  2-11-22-26 * -2 -2 -1  0  0  2  3  3  2  0  0  0 -2	
 5001.608 -128.965
-47-41-25 -2 24 42 47 42 28  8-18-39-47 * -3 -4 -3 -1 -1  1  3  5  3  0  0  0 -3	
-28-23-13  1 16 26 28 25 15  3-12-24-28 * -2 -2 -2 -1  0  0  2  3  2  0  0  0 -1	
 5001.608 -124.865
-48-42-26 -2 25 42 48 43 29  8-18-39-48 * -3 -4 -3 -1 -1  0  3  5  3  0  0  1 -2	
-30-25-14  0 17 28 30 26 17  4-12-25-30 * -2 -2 -2 -1 -1  0  2  3  2  0  0  1 -1	
 5001.608 -120.765
-49-43-26 -3 25 43 49 43 29  8-18-40-48 * -2 -4 -3 -1 -1  0  3  5  3  0  0  1 -1	
-32-27-16 -1 18 29 32 28 18  5-12-27-32 * -1 -2 -2 -1 -1  0  2  3  2  0  0  1 -1	
 5001.608 -116.665
-49-43-27 -3 25 43 49 44 29  9-17-40-48 * -2 -4 -3 -1 -1  0  3  5  3  0  0  2 -1	
-33-28-16 -1 18 30 33 29 19  5-12-27-33 * -1 -2 -2 -1 -1  0  2  3  2  0  0  1 -1	
 5001.608 -112.565
-48-43-27 -4 24 42 48 43 29  9-16-38-47 * -2 -4 -3 -1 -1  0  3  5  3  0  0  2 -1	
-32-27-16 -2 17 29 32 28 18  5-12-26-32 * -1 -2 -2 -1 -1  0  2  3  2  0  0  1  0	
 5001.608 -108.465
-46-42-27 -4 23 41 47 42 29  9-15-36-46 * -2 -4 -3 -1 -1  0  3  5  3  0  0  2  0	
-30-26-16 -2 16 27 30 27 17  5-11-24-30 * -1 -2 -2 -1 -1  0  2  3  2  0  0  1  0	
 5001.608 -104.365
-45-41-28 -5 21 39 45 42 29 10-14-34-43 * -2 -5 -3 -2 -1  1  4  5  3  1  0  2  0	
-27-24-15 -2 14 24 28 25 16  5 -9-21-27 * -1 -3 -2 -1 -1  0  2  3  2  0  0  1  0	
 5001.608 -100.265
-42-40-27 -5 20 37 44 40 28 10-12-31-41 * -1 -4 -3 -2 -1  0  3  5  3  1  1  2  1	
-24-21-13 -1 13 22 25 22 15  4 -8-18-24 * -1 -2 -2 -1 -1  0  2  3  2  0  0  1  0	
 5001.608  -56.165
-39-38-27 -7 17 33 41 38 27 10-10-28-37 * -2 -5 -3 -2 -2  0  3  4  3  1  1  2  0	
-21-19-12 -1 11 18 21 20 13  4 -7-15-20 * -1 -3 -2 -1 -1  0  2  2  1  0  0  1  0	
 5001.608  -52.064
-37-36-26 -7 16 32 39 37 26 10-10-26-35 * -1 -4 -2 -2 -2 -1  2  4  2  1  1  2  1	
-19-17-11 -1 10 17 20 18 12  3 -6-14-19 * -1 -2 -1 -1 -1  0  1  2  1  1  1  1  0	
 5001.608  -47.964
-35-34-25 -6 16 31 38 36 26  9-10-25-34 *  0 -2 -1 -2 -3 -2  1  2  1  1  2  3  2	
-17-15 -9  0 10 16 18 16 11  3 -6-13-17 *  0 -1 -1 -1 -1 -1  0  1  1  0  1  1  1	
 5001.608  -43.864
-34-33-24 -7 15 30 37 35 25  9 -9-24-33 *  0 -2 -2 -2 -3 -2  1  3  1  0  1  2  1	
-16-14 -9  0  9 15 17 15 10  3 -6-12-16 *  0 -1 -1 -1 -1  0  1  1  1  0  1  1  0	
 5001.608  -39.764
-32-31-23 -7 14 29 35 33 24  9 -9-23-31 * -1 -2 -2 -2 -3 -2  1  3  1  0  1  2  0	
-15-13 -8  0  9 14 16 14  9  2 -5-11-15 * -1 -1 -1 -1 -1  0  1  1  1  0  1  1  0	
 5001.608  -35.664
-30-30-22 -7 13 28 33 32 23  8 -8-22-29 * -1 -2 -2 -3 -4 -2  2  4  2  1  1  2  0	
-14-12 -7  0  8 13 15 13  9  2 -5-10-14 * -1 -1 -1 -1 -1  0  1  1  1  0  1  1  0	
 5001.608  -31.564
-29-29-22 -8 12 27 32 31 22  8 -8-21-28 * -2 -3 -3 -3 -4 -2  2  4  2  1  2  2 -1	
-14-12 -7  0  8 13 14 13  9  2 -5-10-13 * -1 -1 -1 -1 -1  0  1  1  1  1  1  1  0	
 5001.609  -27.464
-27-27-21 -8 10 25 31 30 21  8 -7-19-26 * -2 -3 -3 -4 -5 -2  3  5  3  1  2  2 -1	
-13-11 -7  0  7 12 14 12  8  2 -4 -9-12 * -1 -2 -2 -2 -2  0  1  2  1  1  1  1  0	
 5001.609  -23.364
-25-26-20 -8  9 23 29 28 20  8 -6-18-24 * -2 -4 -4 -4 -5 -2  3  6  4  2  2  2 -1	
-12-11 -7 -1  6 11 13 12  8  2 -4 -8-11 * -1 -2 -2 -2 -2  0  1  2  2  1  1  1  0	
 5001.609  -19.264
-25-25-20 -8  9 23 29 28 20  7 -6-17-24 * -2 -4 -4 -5 -5 -3  4  6  4  2  3  2 -1	
-12-11 -7 -1  6 11 13 12  8  2 -3 -8-11 * -1 -2 -2 -2 -2  0  1  2  2  1  2  1  0	
 5001.609  -15.164
-23-24-19 -8  8 22 27 27 19  7 -6-16-22 * -2 -4 -5 -5 -6 -3  4  7  5  3  3  3 -1	
-12-10 -6 -1  5 10 12 11  7  2 -3 -7-10 * -2 -2 -3 -3 -2  0  2  2  2  2  2  1  0	
 5001.609  -11.064
-23-23-18 -8  7 21 27 26 18  7 -6-15-21 * -2 -4 -5 -5 -6 -3  4  7  6  3  4  3 -1	
-11-10 -6 -1  5 10 12 11  7  2 -3 -7-10 * -2 -2 -3 -3 -2 -1  2  3  2  2  2  1  0	
 5001.609   -6.964
-22-23-19 -9  6 20 26 26 18  7 -5-15-21 * -3 -5 -5 -6 -6 -3  5  8  6  4  4  3 -1	
-11-10 -7 -2  5 10 12 11  7  2 -3 -7-10 * -2 -3 -3 -3 -2  0  2  3  2  2  2  1 -1	
 5001.609   -2.863
-23-24-20-11  4 20 27 27 19  7 -5-14-21 * -4 -6 -6 -6 -6 -2  6  9  7  4  4  2 -2	
-11-11 -7 -2  4  9 12 11  8  3 -2 -6-10 * -2 -3 -3 -3 -2  0  3  3  3  2  2  1 -1	
 5001.609    1.237
-22-24-20-12  3 19 27 27 19  7 -4-14-21 * -4 -6 -6 -6 -6 -1  7 10  7  4  3  2 -3	
-12-11 -8 -3  4  9 12 12  8  3 -2 -6-10 * -3 -3 -3 -3 -2  0  3  4  3  2  2  1 -1	
 5001.609    5.337
-22-24-20-12  2 18 27 27 20  8 -3-13-20 * -5 -7 -7 -6 -6 -1  7 10  7  4  3  1 -3	
-11-11 -8 -3  3  9 12 12  8  4 -1 -6-10 * -3 -4 -4 -3 -2  0  3  4  3  2  2  1 -1	
 5001.609    9.437
-22-24-21-13  1 18 27 28 20  8 -3-12-20 * -5 -7 -7 -6 -5  0  8 10  7  4  3  1 -4	
-11-11 -9 -4  2  8 12 12  9  4 -1 -5 -9 * -3 -4 -4 -3 -2  1  3  4  3  2  2  1 -2	
 5001.609   13.537
-22-25-22-14 -1 17 28 28 21  9 -2-12-20 * -5 -7 -7 -6 -5  0  8 10  8  4  3  0 -4	
-12-12 -9 -4  2  8 12 12  9  5  0 -5 -9 * -3 -4 -4 -3 -2  1  3  4  3  2  2  0 -2	
 5001.609   17.637
-21-24-21-14 -2 16 26 27 20  9 -2-11-19 * -5 -7 -7 -6 -5  0  8 10  7  4  2  0 -4	
-11-12 -9 -5  1  8 12 12  9  5  0 -5 -9 * -3 -4 -4 -3 -2  1  3  4  4  2  2  0 -2	
 5001.609   21.737
-21-24-22-15 -3 15 27 28 21 10 -1-10-18 * -5 -6 -7 -6 -5  0  8 10  7  4  2  0 -4	
-11-12-10 -5  1  7 12 13 10  5  0 -5 -9 * -3 -4 -4 -3 -2  1  3  4  4  3  2  0 -2	
 5004.288 -143.316
-46-39-22  1 24 39 44 39 26  5-20-39-46 * -7 -6 -3  0  3  5  6  5  2 -1 -3 -4 -6	
-21-16 -7  4 14 20 22 18 11  0-11-20-22 * -3 -2 -1  1  2  3  3  3  1 -1 -2 -3 -3	
 5004.288 -139.216
-46-39-23  0 24 39 44 40 26  6-19-38-45 * -6 -6 -3  0  2  4  6  6  3  0 -2 -4 -6	
-23-18 -9  2 14 21 23 20 12  1-11-20-24 * -3 -2 -1  0  1  2  3  3  2 -1 -1 -2 -3	
 5004.288 -135.115
-45-39-23  0 23 39 44 40 26  7-18-37-45 * -6 -5 -3 -1  1  3  6  6  3  0 -1 -2 -5	
-23-18 -9  2 14 22 23 20 12  1-11-20-24 * -3 -2 -1  0  1  2  3  3  2  0  0 -1 -2	
 5004.288 -131.015
-46-40-24 -2 23 40 45 41 27  7-17-37-45 * -4 -5 -3 -1  0  2  4  5  3  1  0 -1 -4	
-25-20-11  1 15 24 26 22 14  2-11-22-26 * -2 -2 -2 -1  0  1  2  3  2  0  0  0 -2	
 5004.288 -126.915
-46-41-25 -2 23 40 46 42 28  8-17-38-46 * -4 -5 -3 -1 -1  1  4  5  3  1  0  0 -3	
-28-23-13  0 16 25 28 24 15  3-11-23-28 * -2 -2 -2 -1  0  1  2  3  2  0  0  0 -1	
 5004.288 -122.815
-47-42-26 -3 24 41 47 42 29  9-17-38-47 * -3 -5 -3 -1 -1  1  4  6  3  1  0  1 -2	
-30-25-15 -1 16 27 30 26 17  4-12-25-30 * -2 -3 -2 -1 -1  0  2  3  2  0  0  1 -1	
 5004.288 -118.715
-47-42-27 -4 23 41 47 43 29  9-16-38-47 * -3 -5 -3 -1 -1  1  4  6  3  1  0  1 -1	
-31-26-16 -1 16 28 31 27 18  5-11-25-31 * -2 -3 -2 -1  0  0  2  4  2  0  0  1 -1	
 5004.288 -114.615
-47-43-27 -4 23 41 47 43 29  9-16-37-46 * -2 -4 -3 -1 -1  1  4  6  3  0  0  1 -1	
-30-26-16 -2 16 27 31 27 18  5-11-25-30 * -1 -3 -2 -1  0  0  2  3  2  0  0  1 -1	
 5004.288 -110.515
-45-42-28 -5 21 39 46 42 29 10-14-34-44 * -3 -6 -4 -2 -1  1  4  6  4  1  0  1 -1	
-28-25-15 -2 14 25 29 26 17  5 -9-22-28 * -2 -3 -2 -1  0  1  2  4  2  0  0  1  0	
 5004.288 -106.415
-44-42-29 -6 19 37 44 41 29 11-12-31-42 * -3 -6 -4 -2 -1  2  5  6  4  1  0  1 -1	
-26-23-15 -3 13 22 26 24 16  5 -8-19-25 * -2 -3 -2 -1  0  1  3  3  2  0  0  1  0	
 5004.288 -102.315
-42-41-29 -7 17 34 42 40 28 11-10-29-39 * -3 -7 -5 -2 -1  2  5  6  4  1  0  1  0	
-23-21-14 -3 11 20 24 22 15  5 -7-16-23 * -2 -4 -2 -1  0  1  3  3  2  0  0  1  0	
 5004.288  -58.215
-39-39-29 -8 16 32 40 39 28 11 -9-26-37 * -3 -7 -5 -3 -1  2  5  6  4  1  0  1  0	
-21-19-13 -3 10 18 21 20 13  5 -6-14-20 * -2 -4 -2 -2  0  1  3  3  2  1  0  1  0	
 5004.288  -54.115
-37-37-27 -8 15 31 38 37 27 11 -8-24-35 * -2 -6 -4 -3 -1  1  4  6  4  1  1  1  0	
-19-18-12 -2  9 16 20 19 12  4 -5-13-18 * -1 -3 -2 -2 -1  1  2  3  2  1  0  1  0	
 5004.288  -50.015
-36-36-27 -7 15 31 38 36 26 10 -9-25-34 * -2 -5 -3 -2 -2  0  4  5  3  1  1  2  0	
-18-16-11 -1  9 16 19 17 11  4 -5-13-17 * -1 -3 -2 -1 -1  1  2  2  1  1  0  1  0	
 5004.288  -45.914
-35-34-25 -7 15 30 37 36 26 10 -9-24-33 * -2 -5 -3 -2 -2  0  3  5  3  1  1  1 -1	
-17-15 -9 -1  9 15 18 16 11  3 -5-12-16 * -1 -2 -1 -1 -1  0  2  2  1  0  0  0  0	
 5004.288  -41.814
-32-32-24 -7 14 29 35 34 24  9 -9-23-31 * -2 -4 -3 -2 -3 -1  3  4  3  1  1  1 -1	
-15-14 -8  0  9 14 16 15 10  2 -5-11-15 * -1 -2 -1 -1 -1  0  1  2  1  0  0  0  0	
 5004.288  -37.714
-30-30-22 -7 13 28 34 32 23  8 -9-22-29 * -2 -3 -2 -3 -3 -2  2  4  2  1  1  2 -1	
-14-12 -7  0  8 13 15 14  9  2 -5-11-14 * -1 -1 -1 -1 -1  0  1  1  1  0  1  1  0	
 5004.288  -33.614
-30-29-22 -7 12 27 33 31 22  8 -9-22-28 * -2 -3 -2 -3 -4 -2  3  4  2  1  1  2 -1	
-14-12 -7  0  8 13 15 13  9  2 -5-10-13 * -1 -1 -1 -1 -1  0  1  1  1  0  1  1  0	
 5004.289  -29.514
-28-28-21 -8 11 26 32 31 22  8 -8-20-27 * -2 -3 -3 -3 -4 -2  3  5  3  1  2  1 -1	
-14-12 -7  0  7 12 14 13  8  2 -5-10-13 * -1 -2 -2 -2 -1  0  1  2  1  1  1  1 -1	
 5004.289  -25.414
-27-27-21 -8 10 24 30 29 21  8 -7-19-25 * -3 -4 -4 -4 -5 -2  4  6  4  2  2  1 -2	
-13-11 -7 -1  7 12 13 12  8  2 -4 -9-12 * -2 -2 -2 -2 -1  0  2  2  2  1  1  1 -1	
 5004.289  -21.314
-25-26-20 -9  8 23 29 28 21  8 -6-17-24 * -3 -5 -5 -5 -5 -2  5  7  5  3  2  1 -2	
-12-11 -7 -1  6 11 13 12  8  2 -3 -8-11 * -2 -2 -2 -2 -2  0  2  3  2  1  1  1 -1	
 5004.289  -17.214
-24-25-20 -9  8 22 28 28 20  8 -6-16-23 * -3 -5 -5 -5 -5 -2  5  7  5  3  3  2 -2	
-12-11 -7 -1  6 11 13 12  8  3 -3 -8-11 * -2 -2 -3 -2 -2  0  2  3  2  2  2  1 -1	
 5004.289  -13.114
-22-23-18 -9  6 20 26 26 19  7 -5-15-21 * -3 -5 -6 -6 -6 -2  6  9  6  4  3  2 -2	
-11-10 -6 -1  5 10 12 11  7  2 -3 -7-10 * -2 -3 -3 -3 -2  0  2  3  3  2  2  1 -1	
 5004.289   -9.014
-22-23-19 -9  6 20 26 26 19  7 -5-15-21 * -3 -5 -5 -6 -6 -2  5  8  7  4  4  3 -2	
-11-10 -7 -2  5 10 12 11  7  2 -3 -7-10 * -2 -3 -3 -3 -2  0  2  3  3  2  2  1 -1	
 5004.289   -4.914
-23-24-20-10  5 20 27 27 19  7 -5-14-21 * -3 -6 -6 -6 -5 -2  6  9  7  4  4  2 -2	
-11-11 -7 -2  4  9 12 11  8  3 -2 -6-10 * -2 -3 -3 -3 -2  0  2  3  3  2  2  1 -1	
 5004.289   -0.813
-22-24-20-11  3 19 27 27 19  7 -4-14-21 * -4 -6 -6 -6 -6 -1  6  9  7  4  3  2 -3	
-11-11 -8 -3  4  9 12 11  8  3 -2 -6-10 * -2 -3 -3 -3 -2  0  3  3  3  2  2  1 -1	
 5004.289    3.287
-22-24-20-12  2 18 27 27 20  8 -4-13-20 * -4 -6 -6 -6 -6 -1  7 10  7  4  3  2 -3	
-11-11 -8 -3  3  9 12 12  8  3 -1 -6-10 * -3 -3 -3 -3 -2  0  3  4  3  2  2  1 -1	
 5004.289    7.387
-22-24-21-13  1 17 27 27 20  8 -3-12-20 * -5 -7 -7 -6 -5 -1  7 10  7  4  3  1 -3	
-11-11 -8 -4  2  8 12 12  8  4 -1 -5 -9 * -3 -4 -3 -3 -2  0  3  4  3  2  2  1 -2	
 5004.289   11.487
-21-24-21-14 -1 16 27 28 21  9 -2-11-19 * -5 -6 -7 -6 -5  0  7 10  7  4  3  1 -4	
-11-11 -9 -4  2  8 12 12  9  4  0 -5 -9 * -3 -3 -3 -3 -2  0  3  4  3  2  2  0 -2	
 5004.289   15.587
-21-24-21-14 -2 15 26 28 21  9 -2-11-18 * -4 -6 -6 -6 -5 -1  7 10  7  4  3  1 -3	
-11-11 -9 -5  1  7 12 12  9  5  0 -5 -9 * -2 -3 -3 -3 -2  0  3  4  3  2  2  0 -1	
 5004.289   19.687
-20-23-21-14 -3 14 25 27 21 10 -1-10-18 * -4 -6 -6 -6 -5  0  7 10  7  4  2  0 -3	
-11-11-10 -5  0  7 12 12 10  5  0 -5 -9 * -2 -3 -3 -3 -2  0  3  4  4  2  2  0 -1	
 5004.289   23.787
-19-23-21-15 -4 13 25 27 21 10 -1 -9-17 * -4 -5 -6 -6 -5  0  7 10  7  4  2  0 -3	
-11-12-10 -6 -1  6 11 13 10  5  0 -4 -9 * -2 -3 -3 -3 -2  0  3  4  4  3  2  0 -1	
 5006.968 -141.266
-45-38-22  1 24 39 43 39 25  6-19-38-45 * -5 -4 -2  1  3  4  5  4  2 -1 -2 -4 -5	
-22-17 -8  3 13 20 22 18 11  0-11-20-23 * -2 -2  0  1  2  3  3  2  1 -1 -1 -2 -3	
 5006.968 -137.166
-45-38-22  0 23 38 43 39 25  6-19-37-45 * -5 -4 -2  0  2  4  5  5  2 -1 -1 -3 -5	
-22-18 -9  2 13 20 22 19 11  0-10-20-23 * -2 -2 -1  0  1  2  3  3  1 -1 -1 -2 -2	
 5006.968 -133.065
-45-39-23 -1 22 38 44 39 26  7-17-37-44 * -5 -5 -3 -1  0  3  5  5  3  0  0 -2 -4	
-23-19-10  1 13 21 23 20 12  2-10-20-24 * -2 -2 -1  0  1  2  3  3  2  0  0 -1 -2	
 5006.968 -128.965
-45-40-25 -3 22 38 44 40 28  8-16-36-44 * -5 -5 -3 -1  0  2  4  5  3  1 -1 -1 -4	
-25-20-11  1 14 23 25 22 14  3-10-21-25 * -2 -3 -2 -1  0  1  2  3  2  0  0 -1 -2	
 5006.968 -124.865
-46-41-26 -4 22 40 46 42 28  9-16-36-45 * -4 -5 -3 -1  0  1  4  5  3  1  0  0 -3	
-27-22-13  0 15 24 27 24 15  3-11-22-27 * -2 -2 -2 -1  0  1  2  3  2  0  0  0 -1	
 5006.968 -120.765
-45-41-27 -5 21 39 45 42 29  9-14-35-44 * -4 -6 -4 -2  0  2  5  6  4  1  0  0 -2	
-27-23-14 -1 14 24 27 24 16  4-10-21-27 * -2 -3 -2 -1  0  1  3  3  2  0  0  0 -1	
 5006.968 -116.665
-44-41-28 -6 20 37 44 41 29 10-13-33-43 * -4 -7 -5 -2  0  2  5  7  4  1  0  0 -2	
-26-23-14 -2 13 23 26 24 16  5 -9-20-26 * -2 -3 -2 -1  0  1  3  4  2  0  0  0 -1	
 5006.968 -112.565
-44-41-29 -6 19 36 44 41 29 11-12-31-42 * -3 -7 -5 -2  0  2  5  7  4  1  0  1 -1	
-26-23-15 -3 12 22 26 24 16  5 -8-19-25 * -2 -4 -2 -1  0  1  3  4  2  0  0  0 -1	
 5006.968 -108.465
-41-41-30 -8 16 33 42 40 28 12 -9-27-39 * -4 -9 -6 -3  0  3  6  7  5  1  0  0 -1	
-23-22-15 -3 10 19 23 22 15  5 -6-16-22 * -2 -4 -3 -2  0  2  3  4  2  1  0  0 -1	
 5006.968 -104.365
-40-41-30 -8 15 32 41 40 28 12 -8-26-38 * -4 -9 -6 -3  0  3  6  7  5  1 -1  0 -1	
-22-21-15 -4  9 18 23 22 15  6 -5-15-21 * -2 -5 -3 -2  0  2  3  4  2  1  0  0  0	
 5006.968 -100.265
-38-40-30 -9 14 30 39 39 28 12 -6-23-35 * -4-10 -6 -3  0  3  7  7  5  1 -1  0 -1	
-20-20-14 -4  8 16 20 20 14  5 -4-12-19 * -2 -5 -3 -2  0  2  3  4  2  1  0  0  0	
 5006.968  -56.165
-37-38-29 -9 14 30 38 38 27 11 -7-24-35 * -4 -9 -6 -3 -1  3  6  7  4  1  0  1 -1	
-19-19-13 -3  8 16 20 19 13  5 -4-12-18 * -2 -4 -3 -2  0  2  3  3  2  1  0  0  0	
 5006.968  -52.065
-36-37-28 -8 14 30 38 37 26 11 -8-24-34 * -4 -8 -5 -3 -1  2  6  7  4  1  0  0 -1	
-18-17-12 -2  8 15 19 18 12  4 -5-12-17 * -2 -4 -3 -2  0  1  3  3  2  1  0  0 -1	
 5006.968  -47.965
-36-36-27 -8 14 30 37 36 26 10 -8-24-33 * -4 -7 -4 -3 -1  1  5  6  4  1  0  0 -2	
-17-16-10 -2  8 15 18 17 11  4 -5-12-17 * -2 -3 -2 -1  0  1  2  3  2  1  0  0 -1	
 5006.968  -43.864
-35-34-26 -8 14 30 37 36 26 10 -9-24-33 * -4 -6 -4 -3 -1  1  5  6  4  1  0  0 -2	
-17-15-10 -1  9 15 17 16 11  3 -5-12-16 * -2 -3 -2 -1  0  1  2  2  1  0  0  0 -1	
 5006.969  -39.764
-31-31-23 -7 13 28 34 33 24  9 -9-22-30 * -3 -5 -3 -3 -2  0  4  5  3  1  1  1 -2	
-15-13 -8  0  8 14 16 14  9  2 -5-11-14 * -2 -2 -2 -1 -1  1  2  2  1  1  1  0 -1	
 5006.969  -35.664
-30-30-22 -7 13 27 33 32 23  8 -9-22-29 * -3 -4 -3 -3 -3 -1  4  5  3  1  1  1 -2	
-14-12 -7  0  8 13 15 14  9  2 -5-10-14 * -1 -2 -1 -1 -1  0  2  2  1  1  1  0 -1	
 5006.969  -31.564
-29-29-22 -8 12 27 33 31 22  8 -8-21-28 * -3 -4 -3 -3 -3 -1  4  5  3  1  1  1 -2	
-14-12 -7  0  8 13 15 13  9  2 -5-10-13 * -1 -2 -1 -1 -1  0  2  2  1  1  1  0 -1	
 5006.969  -27.464
-27-27-21 -8 10 25 31 30 21  7 -8-19-26 * -3 -4 -4 -4 -4 -2  4  6  4  2  2  1 -2	
-13-11 -7  0  7 12 14 12  8  2 -4 -9-12 * -2 -2 -2 -2 -1  0  2  2  1  1  1  0 -1	
 5006.969  -23.364
-26-26-21 -9  9 23 30 29 21  8 -7-18-24 * -4 -5 -5 -5 -5 -1  5  7  5  2  2  1 -3	
-13-11 -7 -1  6 11 13 12  8  2 -4 -8-12 * -2 -2 -2 -2 -1  0  2  3  2  1  1  0 -1	
 5006.969  -19.264
-25-26-20 -9  8 22 29 28 20  8 -6-17-24 * -4 -6 -6 -5 -5 -1  5  8  6  3  2  1 -3	
-12-11 -7 -1  6 11 13 12  8  2 -3 -8-11 * -2 -3 -3 -2 -1  0  2  3  2  1  1  0 -1	
 5006.969  -15.164
-23-24-19 -9  6 20 27 27 19  7 -5-15-22 * -4 -6 -6 -6 -5 -1  6  9  7  4  3  2 -3	
-11-10 -7 -1  5 10 12 11  8  3 -3 -7-10 * -2 -3 -3 -3 -2  0  3  3  3  2  2  1 -1	
 5006.969  -11.064
-22-23-19-10  5 20 27 27 19  7 -4-14-21 * -4 -6 -6 -6 -5 -1  6  9  7  5  4  2 -3	
-11-10 -7 -2  4  9 12 11  8  3 -2 -6-10 * -2 -3 -3 -3 -2  0  3  3  3  2  2  1 -1	
 5006.969   -6.964
-22-24-19-10  5 20 27 27 20  8 -4-14-21 * -4 -6 -6 -6 -5 -1  7 10  8  5  4  2 -3	
-11-11 -7 -2  4  9 12 11  8  3 -2 -6-10 * -2 -3 -3 -3 -2  0  3  4  3  2  2  1 -1	
 5006.969   -2.864
-22-24-20-11  4 19 27 27 20  8 -4-14-21 * -4 -6 -6 -6 -5 -1  7 10  8  5  4  2 -3	
-11-11 -8 -3  4  9 12 11  8  3 -2 -6-10 * -3 -3 -3 -3 -2  0  3  4  3  2  2  1 -1	
 5006.969    1.236
-22-24-20-12  3 19 27 27 20  8 -4-13-20 * -4 -6 -6 -6 -5 -1  6  9  7  4  3  2 -3	
-11-11 -8 -3  3  9 12 11  8  3 -1 -6 -9 * -2 -3 -3 -3 -2  0  3  3  3  2  2  1 -1	
 5006.969    5.337
-22-24-21-13  1 18 27 27 20  8 -3-12-20 * -4 -6 -6 -6 -5 -1  6  9  7  4  3  1 -3	
-11-11 -8 -3  3  8 12 12  8  4 -1 -5 -9 * -2 -3 -3 -3 -2  0  3  3  3  2  2  1 -1	
 5006.969    9.437
-21-24-21-14  0 16 26 28 21  9 -2-12-19 * -4 -6 -6 -6 -5 -1  7  9  7  4  3  1 -3	
-11-11 -9 -4  2  8 12 12  9  4 -1 -5 -9 * -2 -3 -3 -3 -2  0  3  4  3  2  2  1 -1	
 5006.969   13.537
-20-23-21-14 -2 15 25 27 21  9 -2-11-18 * -4 -5 -5 -5 -5 -1  6  9  7  4  2  1 -3	
-11-11 -9 -5  1  7 12 12  9  5  0 -5 -9 * -2 -3 -3 -3 -2  0  3  4  3  2  2  1 -1	
 5006.969   17.637
-20-23-21-14 -3 14 25 27 21 10 -1-10-18 * -4 -5 -5 -5 -5 -1  6  9  7  4  2  1 -3	
-11-11-10 -5  0  7 12 12 10  5  0 -5 -9 * -2 -3 -3 -3 -2  0  3  4  3  2  2  0 -1	
 5006.969   21.737
-19-22-21-15 -4 13 24 27 22 10 -1 -9-17 * -3 -4 -5 -5 -5  0  6  9  7  4  2  0 -3	
-10-11-11 -6 -1  6 11 13 11  6  0 -5 -9 * -2 -3 -3 -3 -2  0  3  4  3  2  1  0 -1	
 5009.648 -143.316
-44-37-21  1 23 38 42 38 25  5-19-37-44 * -4 -3 -1  2  2  4  4  3  0 -2 -3 -3 -4	
-20-15 -7  4 14 19 21 17 10  0-11-19-21 * -2 -1  0  1  2  2  2  2  0 -1 -2 -2 -2	
 5009.648 -139.216
-44-38-22  1 23 38 43 38 25  5-19-37-44 * -4 -3 -1  1  1  3  3  2  0 -2 -2 -2 -4	
-21-16 -7  4 14 20 21 18 10  0-11-19-22 * -2 -1  0  1  1  2  2  1  0 -1 -1 -2 -2	
 5009.648 -135.116
-44-38-23  0 22 38 43 38 25  6-18-37-44 * -4 -3 -2  0  1  2  3  3  1 -1 -1 -2 -4	
-21-17 -8  3 13 20 21 18 11  0-10-19-22 * -2 -1 -1  0  1  2  2  2  1 -1 -1 -1 -2	
 5009.648 -131.016
-43-38-24 -2 21 37 43 39 26  7-17-35-43 * -5 -5 -3 -1  0  3  5  5  3  0 -1 -2 -5	
-22-18 -9  2 13 20 22 19 12  1-10-19-22 * -2 -2 -1  0  1  2  3  3  2  0  0 -1 -2	
 5009.648 -126.915
-44-40-26 -4 20 37 43 40 27  8-15-34-43 * -5 -6 -4 -1  0  3  5  6  4  1 -1 -2 -4	
-23-19-11  0 13 21 24 21 13  3 -9-19-23 * -2 -3 -2 -1  0  2  3  3  2  0  0 -1 -2	
 5009.648 -122.815
-44-41-28 -5 19 37 44 41 28  9-14-33-43 * -4 -6 -4 -1  0  2  5  6  4  1  0 -1 -3	
-24-21-12 -1 13 22 25 22 14  4 -9-19-24 * -2 -3 -2 -1  0  1  3  3  2  0  0  0 -1	
 5009.648 -118.715
-43-41-28 -6 19 36 44 41 29 10-12-31-42 * -5 -7 -5 -2  0  2  5  6  4  1  0  0 -3	
-24-22-13 -2 12 21 25 23 15  4 -8-18-24 * -2 -4 -2 -1  0  1  3  3  2  0  0  0 -1	
 5009.648 -114.615
-42-41-29 -8 17 34 42 40 29 11-10-29-40 * -5 -8 -6 -2  0  3  6  7  5  1 -1  0 -2	
-23-21-14 -3 11 20 24 22 15  5 -7-16-23 * -2 -4 -3 -1  0  2  3  4  2  1  0  0 -1	
 5009.648 -110.515
-41-41-31 -9 15 32 41 40 29 12 -8-26-38 * -5-10 -6 -3  0  4  7  8  5  1 -1  0 -2	
-21-21-15 -4  9 18 22 21 14  6 -5-14-21 * -2 -5 -3 -2  0  2  4  4  3  1  0  0 -1	
 5009.648 -106.415
-39-41-31-10 13 30 40 39 28 13 -6-23-36 * -5-11 -7 -3  1  5  8  8  6  2 -1  0 -1	
-20-20-15 -5  8 16 21 20 14  6 -4-12-19 * -3 -6 -3 -2  0  2  4  4  3  1 -1  0 -1	
 5009.648 -102.315
-38-40-31-10 12 29 39 39 28 13 -5-22-35 * -5-11 -7 -4  0  4  8  8  6  2 -1  0 -1	
-19-20-15 -5  7 15 20 20 14  6 -3-11-18 * -2 -6 -3 -2  0  2  4  4  3  1 -1  0 -1	
 5009.648  -58.215
-38-40-31-10 13 29 39 38 28 13 -6-22-34 * -5-11 -7 -3  0  4  7  8  5  1 -1  0 -1	
-19-19-14 -4  7 15 19 19 13  6 -3-11-18 * -2 -5 -3 -2  0  2  4  4  2  1  0  0  0	
 5009.648  -54.115
-37-38-30 -9 13 29 38 38 27 12 -6-22-34 * -5-10 -7 -4  0  4  7  8  5  2 -1  0 -2	
-18-18-13 -4  7 15 19 19 13  5 -4-11-17 * -2 -5 -3 -2  0  2  4  4  3  1  0  0 -1	
 5009.648  -50.015
-36-37-28 -9 13 29 37 37 27 11 -7-22-33 * -4 -9 -6 -3 -1  3  7  8  5  2  0  0 -2	
-17-17-12 -3  8 14 18 17 12  4 -4-11-17 * -2 -4 -3 -2  0  2  3  3  2  1  0  0 -1	
 5009.649  -45.915
-35-35-26 -8 14 29 37 36 26 10 -8-23-33 * -4 -7 -5 -3 -1  2  6  7  4  2  0  0 -2	
-16-15-10 -1  8 14 17 16 11  3 -5-11-16 * -2 -3 -2 -1  0  1  3  3  2  1  0  0 -1	
 5009.649  -41.814
-33-33-24 -8 13 29 36 34 25  9 -9-23-31 * -4 -6 -4 -3 -1  1  5  7  4  2  0  0 -3	
-16-14 -9 -1  8 14 16 15 10  3 -5-11-15 * -2 -3 -2 -1  0  1  2  3  2  1  0  0 -1	
 5009.649  -37.714
-30-30-22 -7 13 27 33 32 23  8 -9-22-29 * -4 -5 -4 -3 -2  0  5  6  4  2  1  0 -3	
-14-12 -8  0  8 13 15 14  9  2 -5-10-14 * -2 -2 -2 -1 -1  1  2  2  2  1  0  0 -1	
 5009.649  -33.614
-30-29-22 -8 12 27 34 32 23  8 -9-22-29 * -4 -5 -4 -3 -2  0  5  6  4  2  1  0 -3	
-14-12 -7  0  8 13 15 14  9  2 -5-10-14 * -2 -2 -2 -1  0  1  2  2  1  1  0  0 -1	
 5009.649  -29.514
-28-28-21 -8 11 26 32 31 22  8 -8-21-27 * -3 -4 -4 -3 -3 -1  4  6  4  2  1  0 -3	
-14-12 -7  0  7 12 14 13  8  2 -5-10-13 * -2 -2 -2 -1 -1  1  2  2  1  1  1  0 -1	
 5009.649  -25.414
-27-27-21 -9 10 25 31 30 21  7 -8-19-26 * -4 -5 -4 -4 -3 -1  5  7  4  2  1  0 -3	
-13-11 -7 -1  7 12 14 12  8  2 -4 -9-12 * -2 -2 -2 -2 -1  1  2  2  2  1  1  0 -1	
 5009.649  -21.314
-26-26-21 -9  8 23 30 29 21  7 -7-18-24 * -4 -5 -5 -5 -4 -1  5  7  5  2  2  0 -3	
-12-11 -7 -1  6 11 13 12  8  2 -4 -8-11 * -2 -2 -2 -2 -1  1  2  3  2  1  1  0 -1	
 5009.649  -17.214
-24-25-20 -9  7 21 28 27 20  7 -6-16-22 * -4 -6 -6 -6 -5 -1  6  8  6  3  3  1 -3	
-12-11 -7 -1  5 10 12 11  8  2 -3 -7-10 * -2 -3 -3 -2 -2  0  2  3  2  2  1  0 -1	
 5009.649  -13.114
-22-23-19-10  5 20 27 27 19  7 -5-14-21 * -4 -6 -7 -6 -5 -1  6  9  7  4  3  1 -3	
-11-10 -7 -2  4  9 12 11  7  3 -2 -6-10 * -2 -3 -3 -3 -2  0  3  3  3  2  2  1 -1	
 5009.649   -9.014
-22-23-19-10  5 19 27 27 19  8 -4-14-21 * -4 -6 -7 -6 -5 -1  7 10  8  5  4  1 -3	
-11-10 -7 -2  4  9 12 11  8  3 -2 -6-10 * -3 -3 -3 -3 -2  0  3  4  3  2  2  1 -1	
 5009.649   -4.914
-22-24-20-11  4 19 27 27 20  8 -4-14-21 * -4 -6 -6 -6 -5 -1  7 10  8  5  4  2 -3	
-11-11 -7 -2  4  9 12 11  8  3 -2 -6-10 * -2 -3 -3 -3 -2  0  3  3  3  2  2  1 -1	
 5009.649   -0.814
-22-23-20-11  3 19 27 27 20  8 -4-13-20 * -3 -5 -5 -5 -5 -1  6  9  7  4  4  2 -2	
-11-10 -7 -3  4  9 12 11  8  3 -2 -6 -9 * -2 -3 -3 -3 -2  0  2  3  3  2  2  1 -1	
 5009.649    3.286
-21-23-20-12  2 18 26 27 20  8 -3-13-20 * -3 -5 -5 -5 -5 -1  6  8  7  4  3  2 -2	
-11-11 -8 -3  3  9 12 11  8  3 -1 -6 -9 * -2 -3 -3 -3 -2  0  2  3  3  2  2  1 -1	
 5009.649    7.387
-21-24-21-13  0 17 26 27 20  9 -3-12-19 * -3 -5 -5 -5 -4 -1  6  8  6  4  3  1 -3	
-11-11 -9 -4  2  8 12 12  9  4 -1 -5 -9 * -2 -3 -3 -2 -2  0  2  3  3  2  2  1 -1	
 5009.649   11.487
-20-23-21-14 -1 15 25 27 21  9 -2-11-18 * -3 -5 -5 -5 -4 -1  6  8  6  4  2  1 -3	
-11-11 -9 -5  1  7 11 12  9  4 -1 -5 -9 * -2 -3 -3 -3 -2  0  3  4  3  2  2  1 -1	
 5009.649   15.587
-19-22-21-14 -3 13 24 27 21 10 -1-10-17 * -3 -4 -5 -5 -4 -1  6  9  7  4  2  0 -3	
-10-11-10 -6  0  7 11 12 10  5  0 -5 -9 * -2 -3 -3 -2 -2  0  3  4  3  2  1  0 -1	
 5009.649   19.687
-19-22-21-15 -4 12 24 27 22 10 -1 -9-17 * -3 -4 -5 -5 -4  0  6  9  7  4  2  0 -3	
-10-11-11 -6 -1  6 11 13 11  6  0 -5 -9 * -2 -2 -3 -2 -2  0  3  4  3  2  1  0 -1	
 5009.649   23.787
-18-22-21-15 -5 11 23 26 22 11 -1 -9-16 * -3 -4 -5 -5 -4  0  6  9  7  4  2  0 -2	
-10-11-11 -7 -2  5 11 13 11  6  0 -5 -8 * -2 -2 -3 -2 -2  0  3  5  4  2  1  0 -1	
