Cherbourg                 	
 4758.769 -618.084
  6  8  8  7  4  1 -3 -6 -8 -8 -5  0  4 * 11  9  4 -2 -8-11-11 -9 -5  0  6 11 12	
  2  3  4  3  2  1 -1 -2 -3 -4 -3 -1  1 *  5  4  2  0 -3 -5 -5 -4 -3 -1  2  4  5	
 4758.769 -603.684
  6  7  7  6  3  0 -3 -6 -7 -6 -3  1  5 * 11  8  4 -2 -8-11-11 -9 -5  0  6 10 11	
  2  3  3  3  2  0 -1 -2 -3 -3 -2  0  1 *  5  4  2 -1 -3 -5 -5 -4 -3  0  2  4  5	
 4758.769 -549.284
  5  6  6  5  3  0 -4 -5 -6 -4 -2  2  5 * 12  9  5 -1 -7-11-13-11 -7 -1  5 10 12	
  2  2  2  2  1  0 -1 -2 -2 -2 -1  0  1 *  5  4  2  0 -3 -4 -5 -4 -3  0  2  4  5	
 4758.770 -534.884
  4  5  6  5  3  1 -3 -4 -5 -4 -2  1  3 * 13 11  6 -1 -7-12-14-13 -8 -1  6 11 13	
  1  2  2  2  1  1  0 -1 -2 -2 -1  0  1 *  5  4  2  0 -3 -4 -5 -5 -3  0  2  4  5	
 4758.770 -520.483
  1  3  5  5  4  2  0 -3 -4 -4 -3 -2  1 * 17 14  8  0 -8-14-17-15 -9 -1  7 14 17	
  0  2  2  3  2  2  0 -1 -2 -2 -2 -1 -1 *  7  5  3  0 -3 -6 -7 -6 -4 -1  2  5  7	
 4808.049 -625.285
  4  7  8  7  5  1 -3 -6 -8 -8 -5 -1  3 * 11  9  6  0 -5 -8-10-10 -7 -1  5 10 11	
  1  3  4  3  2  1 -1 -2 -3 -4 -3 -1  1 *  5  4  3  1 -2 -4 -5 -5 -3 -1  2  4  5	
 4808.049 -610.884
  4  7  8  7  4  1 -3 -6 -8 -8 -5 -1  3 * 11  9  6  0 -5 -9-11-10 -7 -1  6 10 11	
  2  3  4  3  2  1 -1 -2 -3 -4 -3 -1  1 *  5  4  3  0 -2 -4 -5 -5 -3 -1  2  4  5	
 4808.050 -556.484
  5  7  7  6  3  0 -4 -6 -7 -6 -3  1  4 * 12 10  5 -1 -6-10-12-11 -7 -1  5 10 12	
  2  2  3  3  2  0 -1 -2 -3 -3 -2  0  1 *  5  4  2  0 -2 -4 -5 -5 -3 -1  2  4  5	
 4808.050 -542.084
  5  6  6  5  3 -1 -4 -6 -6 -5 -2  1  4 * 13 11  6  0 -6-11-14-13 -9 -3  4 10 13	
  2  2  2  2  1  0 -1 -2 -2 -2 -1  0  1 *  5  4  3  0 -2 -4 -5 -5 -4 -1  1  4  5	
 4808.050 -527.684
  4  5  5  4  2 -1 -3 -4 -4 -3 -1  1  3 * 14 12  7  1 -6-12-15-14 -9 -3  4 11 14	
  1  2  2  2  1  0 -1 -1 -2 -1 -1  0  1 *  6  5  3  0 -2 -5 -6 -6 -4 -1  2  4  5	
 4817.330 -618.085
  4  7  8  7  5  2 -3 -6 -8 -9 -5 -2  3 * 11  9  6  1 -4 -8-10-10 -8 -2  5 10 11	
  1  3  4  3  2  1 -1 -2 -3 -4 -3 -1  1 *  5  4  3  1 -2 -4 -5 -5 -4 -1  2  4  5	
 4817.330 -603.685
  5  7  8  7  4  0 -4 -7 -8 -8 -4  0  4 * 12 10  6  1 -5 -9-12-11 -8 -2  5 10 12	
  2  3  3  3  2  1 -1 -2 -3 -3 -2 -1  1 *  5  4  3  1 -2 -4 -5 -5 -4 -1  2  4  5	
 4817.330 -549.284
  6  8  8  7  4  0 -5 -8 -9 -7 -4  1  5 * 14 12  8  1 -5-11-14-14-10 -4  4 10 13	
  2  3  3  3  2  0 -1 -2 -3 -3 -2  0  1 *  5  5  3  1 -2 -4 -6 -5 -4 -2  1  4  5	
 4817.330 -534.884
  5  6  6  5  3 -1 -4 -6 -7 -6 -3  1  4 * 16 14  9  3 -5-12-16-16-12 -6  3 11 15	
  1  2  2  2  1  0 -1 -2 -2 -2 -1  0  1 *  6  5  4  1 -2 -4 -6 -6 -5 -2  1  4  5	
 4817.330 -520.484
  2  2  3  3  2  0 -1 -2 -3 -2 -1  0  1 * 19 17 12  4 -4-12-17-18-14 -7  3 12 18	
  0  1  1  1  1  0  0 -1 -1 -1 -1 -1  0 *  7  6  5  2 -2 -5 -7 -7 -6 -3  1  4  6	
 4826.610 -625.285
  5  8  9  8  6  1 -4 -7-10 -9 -6 -1  4 * 12 10  7  1 -4 -9-11-11 -8 -3  4  9 12	
  2  3  4  3  3  1 -1 -3 -4 -4 -3 -1  1 *  5  5  3  1 -1 -4 -5 -5 -4 -2  1  3  5	
 4826.610 -610.885
  6  8  9  8  5  0 -4 -8 -9 -9 -5  0  4 * 12 11  7  1 -4 -9-12-12 -8 -3  4  9 12	
  2  3  3  3  2  1 -1 -3 -3 -3 -2 -1  1 *  5  4  3  1 -1 -3 -5 -5 -4 -1  1  3  4	
 4826.610 -556.485
  6  9  9  8  5  0 -5 -9-10 -9 -5  0  5 * 13 12  8  2 -4-10-13-13-10 -4  3  9 13	
  2  3  3  3  2  0 -1 -3 -3 -3 -2  0  1 *  5  5  3  1 -1 -4 -5 -5 -4 -2  1  3  5	
 4826.610 -542.084
  6  9  9  7  4 -1 -5 -9-10 -9 -5  0  5 * 15 14 10  4 -4-10-15-15-12 -6  2 10 14	
  2  3  3  3  2  0 -2 -3 -3 -3 -2  0  1 *  6  5  4  2 -1 -4 -6 -6 -5 -2  0  3  5	
 4826.610 -527.684
  7  9  8  7  3 -2 -6 -9-10 -8 -5  1  5 * 18 18 13  6 -2-11-17-19-16 -9  0 10 16	
  2  3  3  2  1  0 -2 -3 -3 -3 -2  0  1 *  7  7  5  2 -1 -4 -7 -7 -6 -4  0  3  6	
 4835.890 -618.085
  6  9  9  8  5  1 -5 -8-10 -9 -6 -1  5 * 11 10  7  2 -4 -9-11-11 -8 -3  3  8 11	
  2  3  3  3  2  0 -1 -3 -3 -3 -2 -1  1 *  4  4  3  1 -1 -3 -4 -4 -3 -2  1  3  4	
 4835.890 -603.685
  6  9 10  9  6  0 -5 -9-11-10 -6  0  5 * 12 11  8  2 -4 -9-12-12 -9 -4  3  9 12	
  2  3  3  3  2  0 -1 -3 -3 -3 -2 -1  1 *  5  4  3  1 -1 -3 -5 -5 -4 -2  1  3  4	
 4835.890 -549.285
  7 10 10  9  5  0 -6-10-11-10 -6  0  5 * 13 13  9  4 -3 -9-13-13-11 -5  2  8 13	
  2  3  3  3  2  0 -2 -3 -4 -3 -2 -1  1 *  5  5  4  2 -1 -3 -5 -5 -4 -2  0  3  4	
 4835.891 -534.885
  8 11 12 10  6  0 -6-11-13-11 -7 -1  6 * 14 15 12  6 -1 -9-14-15-13 -7  1  8 13	
  3  4  4  4  2  0 -2 -4 -4 -4 -3 -1  2 *  6  6  5  3  0 -3 -6 -6 -5 -3  0  3  5	
 4835.891 -520.484
 10 14 14 12  7  0 -7-12-14-13 -9 -1  7 * 16 17 14 10  1 -9-16-17-14 -8  0  8 15	
  4  6  6  5  4  0 -2 -5 -6 -5 -4 -1  2 *  7  7  6  4  1 -4 -7 -8 -6 -4 -1  3  6	
 4835.893 -242.081
  1  2  2  2  1 -1 -3 -3 -3 -2 -2 -1  1 * -5 -9 -7 -5 -2  1  4  6  6  6  3  1 -4	
  1  1  1  1  0 -1 -1 -2 -2 -1 -1  0  1 * -3 -3 -2 -1  0  1  2  2  3  2  1 -1 -2	
 4845.170 -625.286
  6  9 10  9  6  1 -5 -9-10 -9 -6 -1  4 * 10  9  6  1 -4 -8-10 -9 -7 -3  3  7 10	
  2  3  4  3  2  0 -2 -3 -3 -3 -2 -1  1 *  4  3  2  1 -1 -3 -4 -3 -3 -1  1  2  3	
 4845.170 -610.886
  6  9 10  9  6  1 -5 -9-11-10 -6 -1  5 * 11 10  7  2 -3 -8-11-11 -8 -4  2  8 11	
  2  3  3  3  2  0 -1 -3 -3 -3 -2 -1  1 *  4  4  3  1 -1 -3 -4 -4 -3 -2  0  2  4	
 4845.170 -556.485
  7 10 11 10  6  1 -5-10-12-11 -7 -1  5 * 12 11  8  3 -3 -8-11-12 -9 -4  2  8 11	
  2  3  3  3  2  0 -2 -3 -4 -3 -2 -1  1 *  4  4  3  1 -1 -3 -4 -4 -4 -2  0  2  4	
 4845.171 -542.085
  7 11 11 10  6  0 -6-11-13-11 -7 -1  6 * 12 12  9  4 -2 -8-12-13-11 -6  1  7 12	
  2  3  4  3  2  0 -2 -3 -4 -4 -3 -1  1 *  5  5  4  2  0 -3 -4 -5 -4 -2  0  2  4	
 4845.171 -527.685
  8 13 14 12  7  1 -7-12-15-14 -9 -2  6 * 13 13 11  6  0 -7-11-13-11 -7  0  7 12	
  3  5  5  5  3  1 -2 -4 -5 -5 -4 -1  1 *  5  5  4  3  0 -2 -4 -5 -5 -3  0  2  4	
 4845.171 -513.284
 12 17 18 15  9 -1-10-17-19-16 -9  0 10 * 14 14 10  5 -2 -9-13-14-11 -6  1  8 13	
  5  7  7  5  3  0 -4 -7 -8 -6 -3  0  3 *  5  6  5  2 -1 -4 -5 -6 -5 -3  0  3  5	
 4845.171 -458.884
 13 18 19 16  9 -1-12-19-21-19-10  0 10 * 13 14 11  6  0 -7-11-13-11 -7 -1  6 12	
  5  7  7  5  3 -1 -5 -8 -8 -6 -3  0  4 *  5  6  5  2 -1 -3 -5 -5 -5 -3  0  2  4	
 4845.171 -444.484
 11 17 19 16  9  0-10-17-20-19-12 -3  8 * 10 13 12  8  3 -3 -9-12-13-11 -6  1  8	
  4  7  8  8  5  1 -3 -7 -9 -9 -6 -2  2 *  4  5  5  4  2 -1 -3 -5 -5 -4 -2  0  3	
 4845.172 -430.084
 17 22 23 18 11 -1-12-22-23-21-13 -1 13 *  5  6  6  3  2 -1 -5 -6 -8 -6 -5 -1  4	
  7  9 10  8  5  0 -5 -9-10-10 -6 -1  5 *  2  3  2  1  1 -1 -2 -3 -4 -3 -2 -1  1	
 4854.450 -618.086
  6 10 11  9  6  0 -5 -9-11-10 -6 -1  4 *  8  7  5  1 -3 -7 -8 -7 -6 -3  2  7  9	
  2  3  4  3  2  0 -2 -3 -4 -3 -2 -1  1 *  3  3  2  1 -1 -3 -3 -3 -2 -1  1  2  3	
 4854.451 -603.686
  6  9 10 10  6  1 -5 -9-11-11 -7 -1  5 * 10 10  7  3 -2 -7-10-10 -8 -4  2  7 10	
  2  3  3  3  2  0 -1 -3 -4 -3 -2 -1  1 *  4  4  3  1 -1 -2 -4 -4 -3 -2  0  2  3	
 4854.451 -549.285
  6 10 11 10  7  1 -5-10-12-11 -8 -1  5 * 11 10  8  4 -2 -7-10-11 -9 -5  1  7 10	
  2  3  4  3  2  1 -1 -3 -4 -4 -3 -1  1 *  4  4  3  2  0 -2 -4 -4 -3 -2  0  2  3	
 4854.451 -534.885
  7 11 12 11  8  1 -5-11-13-12 -8 -2  5 * 11 11  9  5 -1 -6-10-11 -9 -6  0  6 10	
  2  3  4  4  3  1 -2 -3 -4 -4 -3 -1  1 *  4  4  3  2  0 -2 -4 -4 -4 -2  0  2  3	
 4854.451 -520.485
  8 13 14 13  8  2 -6-12-15-14 -9 -2  6 * 10 11  9  6  1 -5 -9-11-10 -6 -1  5  9	
  3  5  5  5  3  1 -2 -4 -5 -5 -4 -1  1 *  4  4  4  2  0 -2 -3 -4 -4 -3 -1  1  3	
 4854.451 -506.085
  9 14 16 14  9  2 -7-14-17-15-10 -2  7 *  9 10  9  6  1 -4 -8-10 -9 -7 -2  4  8	
  3  5  5  5  3  1 -2 -4 -6 -5 -4 -1  2 *  3  4  3  2  1 -1 -3 -4 -4 -3 -1  1  3	
 4854.452 -451.684
 10 16 17 16 10  2 -7-15-18-17-11 -2  7 *  7  9  8  6  2 -2 -6 -9 -9 -7 -3  2  6	
  3  5  6  6  4  1 -2 -5 -6 -6 -4 -2  2 *  3  3  3  2  1 -1 -2 -3 -3 -3 -1  0  2	
 4854.452 -437.284
 10 17 19 17 11  2 -8-16-20-19-13 -3  7 *  6  7  7  5  2 -1 -5 -7 -8 -6 -3  1  5	
  4  6  7  6  4  1 -3 -5 -7 -7 -5 -2  2 *  2  3  3  2  1  0 -2 -3 -3 -3 -1  0  1	
 4854.452 -422.884
 10 18 20 18 13  3 -7-16-20-20-14 -4  7 *  3  5  6  5  3  0 -2 -5 -6 -6 -4 -1  2	
  4  6  8  7  5  1 -2 -6 -8 -8 -5 -2  2 *  1  2  3  2  1  0 -1 -2 -2 -2 -2  0  1	
 4903.732 -625.286
  7 10 12  8  6  0 -6 -9-11 -9 -6 -2  5 *  6  4  2  0 -4 -7 -6 -4 -4 -2  2  6  7	
  3  4  5  3  2  0 -3 -4 -4 -3 -3 -1  1 *  2  2  1  0 -1 -3 -2 -2 -1 -1  1  2  3	
 4903.732 -610.886
  6  9 10  9  6  1 -4 -9-11-10 -7 -2  4 *  9  8  6  2 -3 -7 -8 -8 -7 -3  2  6  9	
  2  3  4  3  2  0 -1 -3 -4 -3 -2 -1  1 *  3  3  2  1 -1 -2 -3 -3 -3 -1  0  2  3	
 4903.732 -556.486
  6  9 11 10  7  2 -4 -9-12-11 -8 -2  4 * 10  9  7  3 -2 -6 -9-10 -8 -4  1  6  9	
  2  3  3  3  2  1 -1 -3 -4 -4 -3 -1  1 *  4  4  3  1  0 -2 -3 -4 -3 -2  0  2  3	
 4903.732 -542.086
  4  9 12 12  9  4 -2 -8-12-13-10 -4  2 * 10 10  8  4  0 -5 -8-10 -9 -6 -1  5  9	
  1  3  4  5  4  2  0 -2 -4 -4 -4 -2  0 *  4  4  3  2  0 -2 -3 -4 -4 -2 -1  1  3	
 4903.732 -527.685
  3  8 12 13 11  6  0 -6-11-13-11 -6  1 * 10 10  9  5  1 -4 -7 -9 -9 -7 -2  3  8	
  1  3  5  5  5  3  1 -2 -4 -5 -5 -3 -1 *  4  5  4  2  1 -2 -3 -4 -4 -3 -1  1  3	
 4903.733 -513.285
  5 11 14 14 10  4 -3 -9-13-14-11 -4  3 *  9  9  8  5  1 -4 -7 -9 -9 -6 -2  3  8	
  2  4  5  5  4  2 -1 -3 -5 -5 -4 -2  0 *  3  4  3  2  0 -1 -3 -4 -4 -3 -1  1  3	
 4903.733 -458.885
  7 13 15 14 10  3 -5-12-16-16-11 -4  5 *  7  8  7  5  2 -3 -6 -8 -8 -6 -2  2  6	
  2  4  6  5  4  1 -2 -4 -6 -6 -4 -2  1 *  3  3  3  2  1 -1 -2 -3 -3 -2 -1  1  2	
 4903.733 -444.484
  7 13 16 15 11  4 -5-12-16-16-12 -5  4 *  5  6  7  5  2 -1 -4 -6 -7 -6 -3  1  4	
  2  5  6  6  5  2 -2 -4 -6 -7 -5 -3  1 *  2  3  3  2  1  0 -2 -3 -3 -2 -1  0  1	
 4903.733 -430.084
  7 14 18 17 12  5 -5-13-18-18-14 -5  4 *  4  5  6  5  2 -1 -3 -5 -6 -6 -3  0  3	
  3  5  7  6  5  2 -2 -4 -6 -7 -5 -3  0 *  2  2  2  2  1  0 -1 -2 -2 -2 -1  0  1	
 4913.011 -618.086
  5  8 10  9  7  2 -4 -8-10-10 -7 -2  3 *  8  8  6  2 -2 -6 -8 -8 -6 -3  2  6  8	
  1  3  3  3  2  1 -1 -3 -3 -3 -2 -1  1 *  3  3  2  1 -1 -2 -3 -3 -3 -1  0  2  3	
 4913.011 -603.686
  5  8 10 10  7  3 -3 -8-11-11 -8 -2  3 *  9  9  7  3 -2 -6 -8 -9 -7 -4  1  6  8	
  1  2  3  3  2  1 -1 -2 -3 -3 -2 -1  1 *  3  3  3  1  0 -2 -3 -3 -3 -2  0  2  3	
 4913.011 -549.286
  4  8 11 12  9  4 -1 -7-11-12-10 -4  2 *  9  9  7  4 -1 -5 -8 -9 -8 -5  0  5  8	
  1  3  4  4  3  2  0 -2 -4 -4 -4 -2  0 *  3  4  3  2  0 -2 -3 -4 -3 -2 -1  1  3	
 4913.011 -534.886
  0  7 12 15 12  8  3 -3 -9-13-13 -8 -2 * 10 11  9  5  1 -4 -7 -9 -9 -7 -3  2  8	
  0  3  5  6  6  4  2 -1 -4 -5 -6 -4 -1 *  4  5  4  2  1 -2 -3 -4 -5 -3 -2  1  3	
 4913.012 -520.485
  0  7 12 15 13  8  3 -4-10-14-13 -8 -2 *  9 10  9  5  1 -4 -7 -9 -9 -7 -3  2  8	
  0  3  5  6  6  4  2 -1 -4 -6 -6 -4 -1 *  4  5  4  2  1 -1 -3 -4 -4 -3 -2  1  3	
 4913.012 -506.085
  4 10 14 14 11  5 -2 -9-13-15-12 -5  2 *  7  8  7  5  1 -3 -6 -7 -7 -6 -2  2  6	
  1  4  5  5  5  2  0 -3 -5 -6 -5 -3  0 *  3  3  3  2  1 -1 -2 -3 -3 -2 -1  0  2	
 4913.012 -451.685
  4 11 16 15 12  5 -3 -9-14-16-13 -6  1 *  4  6  7  6  3 -2 -5 -6 -6 -6 -3  0  4	
  2  5  7  7  6  3 -1 -4 -7 -7 -6 -3  0 *  2  3  3  3  1 -1 -2 -3 -3 -3 -2  0  2	
 4913.012 -437.285
  4 11 16 15 12  6 -3 -9-14-16-13 -7  1 *  4  6  7  6  3 -1 -4 -6 -6 -6 -4  0  3	
  2  5  7  7  6  3 -1 -4 -7 -8 -6 -4  0 *  2  3  3  3  2 -1 -2 -3 -3 -3 -2  0  2	
 4913.012 -422.884
  4 12 16 16 13  6 -3-10-15-17-14 -7  1 *  3  4  5  5  3  0 -2 -4 -5 -5 -4 -1  2	
  2  4  6  7  5  3 -1 -4 -6 -7 -6 -4  0 *  1  2  2  2  1  0 -1 -2 -2 -2 -2 -1  1	
 4913.013 -408.484
  2 11 18 19 15  8 -1 -8-15-18-16-10 -2 *  1  3  5  5  4  3  0 -3 -5 -7 -6 -3  0	
  1  4  8  9  7  4  0 -3 -7 -8 -7 -5 -1 *  1  2  3  2  2  1  0 -1 -2 -3 -3 -1  0	
 4913.013 -354.084
  1 10 19 20 16  8  0 -8-15-18-17-11 -3 *  0  3  5  5  5  3  1 -2 -5 -7 -7 -3 -1	
  0  4  9 10  8  4  0 -3 -7 -9 -8 -5 -2 *  1  1  3  2  2  2  0 -1 -2 -4 -3 -2 -1	
 4913.013 -339.683
  1 12 19 20 16  9  0 -9-16-19-18-12 -3 * -2  1  3  5  5  4  3  0 -3 -5 -5 -4 -3	
  1  4  7  8  7  4  1 -3 -6 -8 -7 -5 -2 * -1  0  2  2  2  2  1  0 -1 -2 -2 -2 -1	
 4913.013 -325.283
  3 14 20 21 17 10  0-11-18-20-19-13 -2 * -4 -3  0  2  3  4  4  3  0 -2 -4 -4 -4	
  1  5  7  7  6  4  0 -3 -6 -8 -7 -5 -2 * -2 -1  0  1  2  2  2  1  0 -1 -2 -2 -2	
 4913.013 -310.883
  0 14 21 23 19 12  1-10-18-22-21-15 -4 * -8 -6 -2  2  4  6  7  5  1 -3 -6 -8 -8	
  1  5  7  8  7  5  1 -3 -6 -8 -8 -6 -2 * -4 -2  0  1  2  3  3  2  1 -1 -3 -4 -4	
 4922.291 -625.287
  4  7  8  8  7  3 -2 -6 -9-10 -7 -2  2 *  8  8  6  3 -2 -6 -8 -8 -7 -3  1  5  8	
  1  2  3  3  2  1 -1 -2 -3 -3 -2 -1  0 *  3  3  3  1  0 -2 -3 -3 -3 -2  0  2  3	
 4922.291 -610.887
  4  7  9  9  7  3 -2 -7-10-10 -7 -3  3 *  8  8  6  3 -2 -6 -8 -8 -7 -3  1  5  8	
  1  2  3  3  2  1 -1 -2 -3 -3 -2 -1  0 *  3  3  3  1  0 -2 -3 -3 -3 -2  0  2  3	
 4922.291 -556.486
  4  8  9 10  8  4 -2 -7-11-11 -8 -3  2 *  8  8  6  3 -1 -5 -8 -8 -7 -3  1  5  8	
  1  2  3  3  3  1 -1 -2 -3 -3 -3 -1  0 *  3  3  3  1  0 -2 -3 -3 -3 -2  0  1  3	
 4922.292 -542.086
  2  7 11 12 10  6  0 -6-10-12-10 -5  0 *  8  9  7  4  0 -4 -7 -8 -7 -5 -1  4  7	
  0  2  4  5  4  3  1 -2 -3 -4 -4 -2 -1 *  3  4  3  2  0 -2 -3 -3 -3 -2 -1  1  3	
 4922.292 -527.686
  1  7 12 14 12  7  2 -4-10-13-12 -7 -1 *  9  9  8  5  1 -4 -6 -8 -8 -6 -2  3  7	
  0  3  5  6  5  4  2 -1 -4 -5 -5 -3 -1 *  4  4  4  2  1 -1 -3 -4 -4 -3 -1  1  3	
 4922.292 -513.286
  3  8 12 13 11  6  0 -7-12-14-11 -6  1 *  7  7  7  4  1 -3 -6 -7 -7 -5 -2  2  6	
  1  3  4  5  4  3  0 -2 -4 -5 -4 -3 -1 *  3  3  3  2  0 -1 -2 -3 -3 -2 -1  1  2	
 4922.292 -458.885
  4 10 14 14 11  5 -2 -9-13-15-12 -6  1 *  5  6  6  5  2 -2 -4 -6 -6 -5 -2  1  4	
  1  4  5  5  5  2 -1 -3 -5 -6 -5 -3  0 *  2  3  3  2  1 -1 -2 -2 -3 -2 -1  0  2	
 4922.292 -444.485
  4 10 15 14 12  6 -2 -9-13-16-13 -7  0 *  4  6  7  5  3 -1 -4 -5 -6 -6 -3  0  3	
  2  5  7  6  6  3 -1 -4 -6 -7 -6 -3  0 *  2  3  3  2  1  0 -2 -2 -3 -3 -2  0  2	
 4922.293 -430.085
  3 10 15 15 12  6 -2 -9-14-16-13 -7  0 *  3  4  5  5  3  0 -3 -4 -5 -5 -3  0  2	
  1  4  6  6  5  3 -1 -3 -5 -6 -5 -3 -1 *  1  2  2  2  1  0 -1 -2 -2 -2 -1  0  1	
 4922.293 -415.684
  2 10 16 17 14  8 -1 -8-14-17-15 -9 -1 *  1  3  5  5  3  2 -1 -3 -5 -6 -5 -2  1	
  0  4  7  7  6  3  0 -3 -5 -7 -6 -4 -1 *  1  1  2  2  2  1  0 -1 -2 -2 -2 -1  0	
 4922.293 -401.284
  0  9 18 19 15  8  1 -7-14-18-16-11 -3 *  0  3  5  5  4  3  1 -2 -5 -7 -6 -3 -1	
  0  4  9 10  7  4  0 -3 -6 -9 -7 -5 -2 *  0  1  2  2  2  1  0 -1 -2 -3 -3 -1  0	
 4922.293 -346.884
 -1  9 17 20 16 10  1 -7-14-18-17-12 -4 * -1  2  4  5  5  3  2 -1 -4 -6 -6 -4 -2	
  0  4  8  9  7  5  1 -3 -6 -8 -7 -6 -2 *  0  1  2  2  2  2  1 -1 -2 -3 -3 -2 -1	
 4922.293 -332.484
 -1  8 15 18 16 10  2 -6-13-17-17-13 -5 * -5 -3  1  4  5  5  5  3 -1 -4 -6 -6 -5	
  0  3  6  7  6  4  2 -2 -5 -7 -7 -5 -3 * -2 -1  1  2  2  2  2  1  0 -1 -2 -3 -3	
 4922.293 -318.083
 -1 10 18 20 18 12  3 -7-15-19-19-15 -5 * -7 -6 -3  1  3  5  7  6  3 -1 -4 -6 -7	
  0  4  6  7  7  5  2 -2 -5 -7 -8 -6 -3 * -3 -2  0  1  2  3  3  2  1 -1 -2 -3 -3	
 4931.571 -618.087
  3  6  8  8  7  4 -1 -6 -9 -9 -7 -3  2 *  8  8  6  3 -1 -5 -8 -8 -6 -3  1  5  7	
  1  2  2  3  2  1  0 -2 -3 -3 -2 -1  0 *  3  3  3  2  0 -2 -3 -3 -3 -2  0  1  3	
 4931.572 -603.687
  3  7  8  9  8  4 -2 -6-10-10 -8 -3  2 *  7  8  6  3 -1 -5 -8 -8 -6 -3  1  5  7	
  1  2  2  3  2  1  0 -2 -3 -3 -2 -1  0 *  3  3  2  1  0 -2 -3 -3 -3 -1  0  1  2	
 4931.572 -549.286
  2  7  9 11  9  5  0 -6-10-11 -9 -5  0 *  7  7  5  2 -2 -5 -7 -7 -6 -3  1  5  7	
  0  2  3  4  3  2  0 -2 -3 -4 -3 -2 -1 *  3  3  2  1  0 -2 -3 -3 -3 -1  0  1  3	
 4931.572 -534.886
  1  7 11 12 11  7  1 -5-10-13-11 -7 -1 *  8  7  5  1 -2 -5 -7 -7 -6 -3  0  5  7	
  0  2  4  5  5  3  1 -2 -4 -5 -5 -3 -1 *  3  3  2  1 -1 -2 -3 -3 -3 -1  0  2  3	
 4931.572 -520.486
  2  7 11 12 11  6  0 -6-11-13-11 -6  0 *  7  7  5  2 -1 -4 -6 -6 -6 -3  0  3  6	
  0  2  4  5  4  3  1 -2 -4 -5 -4 -3 -1 *  3  3  2  1  0 -2 -3 -3 -2 -1  0  1  2	
 4931.572 -506.086
  3  8 11 12 11  6 -1 -8-12-14-11 -6  1 *  5  5  5  3  1 -2 -4 -5 -5 -4 -1  2  4	
  1  2  4  4  4  2  0 -2 -4 -4 -4 -3 -1 *  2  2  2  1  0 -1 -1 -2 -2 -1 -1  1  1	
 4931.572 -451.685
  3  8 12 13 11  6 -1 -7-12-14-12 -6  0 *  3  4  5  4  2 -1 -3 -4 -5 -5 -3  1  3	
  1  3  4  5  4  2  0 -2 -4 -5 -5 -3 -1 *  1  2  2  2  1  0 -1 -2 -2 -2 -1  0  1	
 4931.573 -437.285
  2  8 12 13 11  6 -1 -7-12-14-12 -7  0 *  2  3  4  5  3  0 -2 -4 -5 -5 -3  0  2	
  0  3  5  5  4  3  0 -2 -4 -6 -5 -3 -1 *  1  1  2  2  1  0 -1 -1 -2 -2 -1  0  1	
 4931.573 -422.885
  2  8 13 14 12  7  0 -7-12-15-13 -8 -1 *  2  3  3  4  3  1 -1 -3 -4 -4 -3 -1  1	
  0  2  4  5  5  3  1 -2 -4 -5 -5 -4 -1 *  0  1  1  2  1  0  0 -1 -1 -1 -1  0  0	
 4931.573 -408.485
  0  7 13 15 13  8  1 -6-12-15-14-10 -3 *  0  1  3  3  3  2  1 -1 -3 -4 -3 -2  0	
  0  2  5  6  5  4  1 -2 -4 -6 -6 -4 -2 *  0  0  1  1  1  1  0  0 -1 -1 -1 -1 -1	
 4931.573 -354.084
 -1  7 14 16 15 10  2 -6-12-16-16-12 -4 * -1  1  3  4  3  3  2  0 -3 -4 -4 -3 -1	
 -1  2  5  7  6  4  2 -1 -4 -6 -6 -5 -3 *  0  0  1  2  2  1  1  0 -1 -2 -2 -1 -1	
 4931.573 -339.684
 -3  7 14 17 16 11  3 -5-12-16-17-13 -6 * -3 -1  1  3  3  3  3  1 -1 -3 -4 -4 -3	
 -1  2  5  6  6  5  2 -1 -4 -6 -7 -6 -3 * -1  0  1  1  2  2  1  1  0 -1 -2 -2 -2	
 4931.574 -325.284
 -6  4 12 15 15 12  5 -2 -9-14-16-15 -9 * -7 -5 -1  3  5  6  7  5  1 -3 -5 -7 -7	
 -2  1  4  6  6  5  3  0 -3 -5 -6 -6 -4 * -3 -2  0  2  3  3  3  2  1 -1 -2 -3 -3	
 4931.574 -310.883
 -6  4 12 16 17 13  6 -2 -9-15-18-16 -9 *-11 -9 -4  1  5  8 10  8  3 -2 -7-10-11	
 -2  1  4  6  7  6  4  1 -3 -6 -7 -7 -5 * -5 -3 -1  1  3  4  4  3  1 -1 -3 -5 -5	
 4940.852 -625.287
  2  5  7  7  7  4 -1 -5 -8 -9 -6 -3  1 *  7  7  6  3 -1 -5 -7 -7 -6 -3  1  4  7	
  1  2  2  2  2  1  0 -2 -3 -3 -2 -1  0 *  3  3  3  2  0 -2 -3 -3 -3 -2  0  1  3	
 4940.852 -610.887
  3  6  7  8  7  4 -1 -6 -9 -9 -7 -3  2 *  7  7  6  3 -1 -5 -7 -8 -6 -3  1  4  7	
  1  1  2  2  2  1  0 -2 -2 -3 -2 -1  0 *  3  3  3  1  0 -1 -2 -3 -3 -2  0  1  2	
 4940.852 -556.487
  2  6  8  9  8  5  0 -5 -9-10 -8 -4  0 *  7  7  6  3 -2 -5 -7 -7 -6 -3  1  5  7	
  0  1  2  3  3  2  0 -1 -3 -3 -3 -2 -1 *  3  3  2  1  0 -2 -3 -3 -3 -1  0  1  3	
 4940.852 -542.087
 -1  6 11 12 11  8  2 -4 -9-13-12 -8 -3 *  8  8  4  0 -3 -6 -8 -7 -5 -2  1  5  8	
 -1  2  4  5  5  4  2 -1 -4 -6 -5 -4 -2 *  4  3  2  0 -1 -3 -4 -4 -3 -1  0  2  4	
 4940.852 -527.686
 -1  6 11 13 12  8  3 -4 -9-13-12 -9 -4 *  9  8  4  0 -3 -5 -7 -7 -5 -2  1  5  8	
 -1  2  5  6  6  4  2 -2 -4 -6 -6 -4 -2 *  4  4  2  0 -2 -3 -4 -4 -3 -1  0  2  4	
 4940.852 -513.286
  1  7 11 13 12  7  1 -6-11-14-12 -7 -1 *  6  6  4  2 -1 -3 -5 -6 -5 -3 -1  3  5	
  0  2  4  5  4  3  1 -1 -3 -5 -4 -3 -1 *  2  2  2  1  0 -1 -2 -3 -2 -1  0  1  2	
 4940.853 -458.886
  2  7 11 12 11  6  0 -6-11-14-12 -6  0 *  3  3  4  5  3  0 -2 -4 -5 -5 -3  0  2	
  0  2  4  5  4  3  0 -2 -4 -5 -4 -3 -1 *  1  1  2  2  1  0 -1 -1 -2 -2 -1  0  1	
 4940.853 -444.486
  1  5 11 12 10  6  0 -5-10-13-11 -7 -2 *  1  2  3  5  4  1 -1 -3 -4 -5 -4 -1  1	
  0  2  4  5  4  3  0 -2 -4 -6 -5 -4 -1 *  0  1  1  2  2  1  0 -1 -2 -2 -2 -1  0	
 4940.853 -430.085
  1  6 11 12 11  6  0 -5-10-13-12 -7 -2 *  1  2  3  5  4  1 -1 -3 -4 -5 -3 -1  1	
  0  2  4  5  4  3  0 -1 -4 -5 -5 -4 -1 *  0  1  1  2  2  1  0 -1 -2 -2 -1 -1  0	
 4940.853 -415.685
 -1  5 11 13 12  8  2 -4 -9-13-13 -9 -4 *  1  1  2  3  2  1  0 -1 -3 -3 -2 -1  0	
 -1  2  4  5  5  4  1 -1 -3 -5 -5 -4 -2 *  0  0  1  1  1  1  0 -1 -1 -1 -1 -1  0	
 4940.853 -401.285
 -3  3 10 13 12  9  3 -3 -8-12-13-10 -5 * -1  0  2  3  2  3  2 -1 -2 -3 -3 -2 -1	
 -2  1  4  6  6  4  2 -1 -3 -5 -6 -5 -3 *  0  0  1  1  1  1  1  0 -1 -1 -1 -1 -1	
 4940.854 -346.884
 -4  4 11 14 14 10  4 -3 -9-13-14-12 -7 * -2 -1  1  3  3  3  2  0 -1 -3 -3 -3 -2	
 -2  1  4  6  6  5  2  0 -3 -5 -6 -5 -4 * -1  0  1  1  1  2  1  0  0 -1 -1 -1 -1	
 4940.854 -332.484
 -6  3 11 15 15 12  6 -1 -8-14-16-14 -9 * -5 -3 -1  2  3  4  5  3  0 -2 -3 -4 -5	
 -2  1  4  6  6  5  3  1 -3 -5 -6 -6 -4 * -2 -1  0  1  2  2  2  1  0 -1 -2 -2 -2	
 4940.854 -318.084
 -9  0  8 13 15 13  8  1 -6-12-15-16-11 * -8 -6 -2  2  5  7  8  6  2 -2 -5 -7 -8	
 -3  0  3  5  6  6  4  2 -2 -4 -6 -7 -5 * -4 -2  0  1  3  3  3  3  1 -1 -2 -3 -4	
 4950.132 -618.088
  4  8 10 10  8  2 -5-12-15-13 -9 -4  2 *  8  9  8  4 -1 -7-10-11-10 -7 -2  3  7	
  0  2  3  3  3  1 -1 -3 -4 -4 -3 -2  0 *  3  4  3  2  0 -2 -3 -4 -4 -3 -1  1  3	
 4950.132 -603.687
  2  5  7  8  7  4 -1 -5 -8 -9 -7 -3  1 *  8  9  8  4 -1 -6 -9-10 -8 -4  0  5  8	
  0  1  2  2  2  1  0 -1 -2 -2 -2 -1  0 *  3  4  3  2  0 -2 -3 -4 -3 -2 -1  1  3	
 4950.132 -549.287
  0  4  7  9  9  7  2 -3 -8-10 -9 -6 -1 *  8  8  6  2 -2 -6 -8 -7 -5 -1  2  6  8	
 -1  1  2  3  3  2  1 -1 -2 -3 -3 -2 -1 *  3  3  3  1 -1 -2 -3 -3 -3 -1  0  2  3	
 4950.133 -534.887
 -1  5  9 11 11  8  3 -3 -9-12-11 -8 -3 *  7  6  4  0 -3 -5 -6 -6 -4 -2  1  4  6	
 -1  1  3  4  4  3  1 -1 -3 -5 -4 -3 -2 *  3  3  2  0 -1 -2 -3 -3 -2 -1  0  2  3	
 4950.133 -520.486
  0  6 10 13 13  8  2 -5-11-15-13 -9 -2 *  5  4  3  1 -2 -3 -4 -4 -3 -2  0  3  4	
 -1  1  3  5  5  4  1 -1 -3 -5 -5 -4 -2 *  2  2  1  1  0 -1 -2 -2 -2 -1  0  1  2	
 4950.133 -506.086
  1  6 11 15 15 10  3 -5-12-16-14 -9 -2 *  1  4  5  6  5  2 -1 -4 -6 -6 -4 -2  1	
 -1  2  4  6  6  4  2 -1 -4 -6 -6 -4 -2 *  0  1  2  3  2  1  0 -2 -2 -2 -2 -1  0	
 4950.133 -451.686
  1  5 10 11 10  6  0 -5-10-13-11 -6 -1 *  1  3  4  5  4  2 -1 -3 -5 -5 -4 -1  1	
  0  1  4  4  4  3  0 -1 -3 -5 -4 -3 -1 *  0  1  1  2  2  1  0 -1 -2 -2 -1 -1  0	
 4950.133 -437.286
  1  5 10 11 10  6  1 -4 -9-12-11 -7 -2 *  1  2  3  5  4  1 -1 -3 -4 -5 -3 -1  1	
  0  2  4  5  4  3  0 -1 -4 -5 -5 -3 -1 *  0  1  1  2  2  1  0 -1 -2 -2 -1 -1  0	
 4950.133 -422.885
 -1  4 10 12 11  7  2 -4 -9-12-11 -8 -3 *  1  2  3  3  3  1  0 -2 -3 -3 -3 -1  0	
 -1  1  4  5  4  3  1 -1 -3 -5 -5 -4 -2 *  0  0  1  1  1  1  0 -1 -1 -1 -1 -1  0	
 4950.134 -408.485
 -4  3 10 12 11  9  3 -2 -7-11-12-10 -6 *  0  1  2  2  2  2  2 -1 -2 -2 -2 -2 -1	
 -2  1  4  5  6  4  2 -1 -3 -5 -6 -5 -3 *  0  0  1  1  1  1  1  0 -1 -1 -1 -1 -1	
 4950.134 -354.085
 -4  2 10 12 12  9  4 -2 -7-11-13-11 -6 * -1  0  2  2  2  3  2 -1 -2 -2 -2 -2 -1	
 -2  1  4  6  6  5  2  0 -3 -5 -6 -5 -3 * -1  0  1  1  1  1  1  0 -1 -1 -1 -1 -1	
 4950.134 -339.685
 -7  1  9 13 14 11  6  0 -7-12-14-13 -9 * -3 -2  1  2  3  3  3  2 -1 -2 -3 -3 -3	
 -3  0  3  5  6  5  3  1 -2 -5 -6 -6 -4 * -2 -1  0  1  1  2  2  1  0 -1 -1 -2 -2	
 4950.134 -325.284
-10 -1  7 13 15 14  9  2 -5-11-15-16-12 * -6 -4 -1  3  4  5  6  4  1 -2 -4 -6 -6	
 -4 -1  3  5  6  6  5  2 -1 -4 -6 -7 -6 * -3 -2  0  1  2  3  3  2  1 -1 -2 -3 -3	
 4950.134 -310.884
-13 -4  5 12 15 15 11  5 -2-10-16-18-15 * -7 -5 -1  3  5  7  8  6  2 -2 -5 -7 -8	
 -5 -2  2  5  7  7  6  3  0 -4 -7 -8 -7 * -3 -2  0  2  3  3  3  2  1 -1 -2 -3 -4	
 4950.137   25.120
-19-21-17-11 -1 16 25 24 16  6 -2-10-18 * -8 -9 -8 -6 -2  5 11 11  7  3  0 -4 -7	
-11-11 -8 -4  1  8 12 11  8  4  1 -4 -8 * -5 -5 -4 -3 -1  2  5  5  4  2  1 -1 -3	
 4959.412 -625.288
  4  8 10 10  8  3 -3 -7 -9 -9 -6 -2  3 *  6  8  9  7  3 -2 -6 -8 -7 -5 -1  2  5	
  1  2  3  3  2  1 -1 -2 -3 -3 -2 -1  1 *  2  3  3  3  1 -1 -2 -3 -3 -2 -1  1  2	
 4959.412 -610.888
  1  4  7 10 10  7  2 -4 -8-10 -9 -5 -1 * 13 14 11  4 -6-14-17-14 -7  0  6 11 13	
 -1  0  1  3  3  3  1 -1 -2 -3 -3 -3 -2 *  5  7  6  4  0 -3 -5 -6 -5 -3  0  3  5	
 4959.412 -556.487
  1  4  6  7  7  5  0 -4 -7 -8 -7 -4  0 * 12 13 11  6 -2-10-14-14-10 -4  2  8 11	
  0  0  1  2  2  2  1 -1 -1 -2 -2 -2 -1 *  4  6  5  3  0 -3 -4 -5 -5 -3 -1  2  4	
 4959.413 -542.087
 -3  1  5 12 15 14  8 -2-12-17-16-11 -5 *  7  6  5  1 -3 -7 -8 -6 -2  1  4  6  7	
 -4 -3 -1  2  4  5  4  2  0 -2 -4 -5 -4 *  3  3  2  1 -1 -2 -3 -3 -2 -1  1  2  3	
 4959.413 -527.687
  0  2  4  6  7  5  1 -3 -6 -7 -6 -3  0 *  2  2  1 -1 -2 -2 -1  0  1  2  2  3  3	
 -1  0  1  2  2  2  1  0 -1 -2 -2 -2 -1 *  1  1  0  0 -1 -1 -1 -1  0  0  1  1  1	
 4959.413 -458.886
  2  4  7  8  7  3 -1 -6 -9-10 -8 -4  0 *  2  4  6  8  7  3 -1 -5 -8 -8 -7 -3  1	
  0  1  2  3  3  2  0 -1 -2 -3 -3 -2 -1 *  0  1  2  2  2  1  0 -1 -2 -2 -2 -1  0	
 4959.413 -444.486
  0  4  7  9  8  5  0 -4 -8-10 -9 -5 -1 *  2  3  4  5  4  2 -1 -3 -4 -5 -3 -1  1	
 -1  1  2  3  3  2  1 -1 -2 -3 -3 -3 -1 *  0  1  1  1  1  1  0 -1 -1 -1 -1 -1  0	
 4959.414 -430.086
 -1  3  7  9  8  5  1 -3 -7 -9 -8 -6 -2 *  1  1  2  3  2  1  0 -1 -2 -3 -2 -1  1	
 -1  1  2  3  3  2  1  0 -2 -3 -3 -3 -2 *  0  0  1  1  1  0  0  0 -1 -1 -1  0  0	
 4959.414 -415.686
 -3  2  8 11 11  8  3 -2 -7-10-11 -9 -5 *  1  1  2  2  1  1  0 -1 -2 -2 -2 -1  0	
 -2  0  3  4  4  4  2  0 -2 -4 -4 -4 -3 *  0  0  1  1  1  1  0  0 -1 -1 -1  0  0	
 4959.414 -401.285
 -5  2  8 12 12 10  5 -1 -6-10-12-11 -7 *  0  0  1  2  1  1  1 -1 -1 -2 -1 -1  0	
 -2  0  3  5  5  5  3  0 -2 -4 -5 -5 -4 *  0  0  1  1  1  1  1  0  0 -1 -1 -1  0	
 4959.414 -346.885
 -8  0  8 12 13 12  7  0 -6-11-14-13-10 * -2 -1  1  2  2  3  2  0 -1 -2 -3 -2 -2	
 -3  0  3  5  6  5  4  1 -2 -4 -6 -6 -5 * -1  0  1  1  1  1  1  0  0 -1 -1 -1 -1	
 4959.414 -332.485
-11 -2  7 12 14 13  9  3 -4-10-14-15-13 * -5 -3  1  3  4  5  4  3 -1 -3 -4 -5 -5	
 -5 -1  2  5  6  6  5  2 -1 -4 -6 -7 -6 * -2 -1  0  1  2  2  2  1  0 -1 -2 -2 -3	
 4959.414 -318.084
-12 -4  4 10 14 14 11  5 -2 -8-13-16-14 * -6 -4  0  3  5  6  6  4  1 -2 -4 -6 -6	
 -5 -2  2  4  6  6  5  3  0 -3 -6 -7 -7 * -3 -2  0  1  2  3  3  2  1 -1 -2 -3 -3	
 4959.417   32.320
-17-19-17-12 -2 12 23 23 17  8 -1 -9-15 * -5 -6 -6 -6 -4  1  7  9  7  4  1 -1 -4	
 -9-10 -8 -5  0  7 11 11  8  4  0 -4 -8 * -3 -3 -3 -3 -2  1  3  4  4  2  1  0 -2	
 4959.417   46.721
-18-21-20-14 -4 14 26 24 17  9 -1 -8-16 * -4 -4 -5 -4 -2  1  5  6  4  3  1 -1 -4	
-10-11 -9 -5  0  7 11 11  9  5  1 -3 -8 * -2 -3 -3 -2 -1  1  3  3  2  2  1  0 -2	
 4959.417  101.121
-14-16-15-11 -4 10 21 19 13  8  0 -6-12 * -4 -4 -5 -4 -3  1  6  7  5  3  2 -1 -3	
 -8 -9 -8 -5 -1  5  9  9  7  4  1 -2 -6 * -2 -3 -3 -2 -1  1  3  3  3  2  1  0 -1	
 5008.692 -618.088
  3  6  8  8  7  3 -2 -6 -8 -8 -6 -2  2 *  6  8  8  6  1 -4 -7 -8 -7 -5 -1  2  6	
  1  2  2  3  2  1  0 -2 -2 -2 -2 -1  1 *  2  3  4  3  1 -1 -2 -3 -3 -2 -1  1  2	
 5008.693 -603.688
  3  5  6  7  6  3 -1 -4 -6 -6 -5 -2  2 *  8 10 10  7  1 -5 -9-10 -9 -5 -1  3  7	
  1  1  2  2  2  1  0 -1 -2 -2 -1 -1  0 *  3  4  5  3  1 -1 -3 -4 -4 -3 -1  0  2	
 5008.693 -549.288
  7  9  9  7  4 -2 -8-12-12-11 -6  1  7 * 16 18 16  9  0-10-16-16-10 -3  5 12 16	
  2  3  4  3  2  0 -2 -4 -4 -4 -3 -1  1 *  6  8  7  5  1 -3 -5 -7 -7 -5 -1  2  5	
 5008.694 -451.686
  1  1  3  4  4  2  0 -2 -4 -4 -4 -3  0 *  0  2  3  4  4  3  1 -2 -5 -5 -3 -1  0	
  0  0  1  2  2  1  0 -1 -2 -2 -2 -2  0 *  0  1  1  2  2  1  0 -1 -2 -3 -2 -1  0	
 5008.694 -437.286
  0  2  5  6  6  4  1 -2 -5 -7 -6 -4 -1 *  1  2  2  3  3  1  0 -2 -3 -4 -3 -1  1	
 -1  0  1  2  2  2  1  0 -1 -2 -2 -2 -1 *  0  0  1  1  1  0  0  0 -1 -1 -1  0  0	
 5008.694 -422.886
 -2  2  5  7  7  5  2 -2 -5 -7 -7 -6 -3 *  1  1  1  2  1  0 -1 -2 -2 -2 -1  0  1	
 -1  0  1  2  3  2  2  0 -1 -2 -3 -3 -2 *  0  0  0  0  0  0  0 -1 -1 -1  0  0  0	
 5008.694 -408.486
 -4  1  6  9 10  8  4 -1 -5 -8 -9 -8 -6 *  3  1  1  0 -1 -2 -2 -1 -1 -1  0  1  2	
 -2  0  2  3  4  4  2  1 -1 -3 -4 -4 -3 *  1  1  0  0  0 -1 -1 -1  0  0  0  0  1	
 5008.694 -354.085
 -9 -1  8 14 16 14  9  2 -6-12-15-15-12 *  1  0  0  0 -1 -1 -1 -1 -1  0  0  0  1	
 -5 -1  2  5  6  6  5  3 -1 -4 -6 -7 -6 *  0  0  0  0  0  0  0  0  0  0  0  0  0	
 5008.694 -339.685
-16 -6  4 10 15 16 12  7  0 -8-12-17-17 * -7 -3  0  7  7  8  7  3 -1 -4 -5 -7 -8	
 -8 -3  1  4  7  8  6  4  1 -3 -6 -8 -8 * -4 -2  0  3  3  4  4  2 -1 -2 -2 -4 -4	
 5008.695 -325.285
-11 -6  2  8 11 12 10  6  0 -6-11-13-13 * -8 -5  1  4  6  7  7  5  1 -3 -6 -8 -9	
 -5 -3  1  3  5  6  5  3  2 -2 -5 -6 -6 * -4 -2  0  2  3  4  4  3  2 -1 -3 -4 -4	
 5008.695 -310.885
-13 -7  1  7 11 13 12  8  1 -5-11-15-15 * -6 -3  1  4  5  6  6  4  0 -3 -5 -6 -7	
 -6 -3  1  3  5  6  6  4  1 -2 -5 -7 -7 * -3 -2  1  2  3  3  3  2  1 -1 -2 -3 -3	
 5008.697   25.120
-15-18-17-13 -4  9 19 22 18  9  0 -7-13 * -3 -3 -4 -4 -4  0  5  8  6  3  2  0 -2	
 -8 -9 -9 -6 -2  4  9 11  9  5  0 -4 -7 * -1 -2 -2 -2 -2  0  3  4  3  2  1  0 -1	
 5008.697   39.520
-15-18-17-13 -5  9 19 21 17  9  0 -7-13 * -3 -4 -5 -5 -4 -1  5  8  6  4  3  1 -2	
 -8 -9 -9 -6 -2  4  9 10  9  5  0 -3 -7 * -2 -2 -3 -3 -2  0  3  4  3  2  2  1 -1	
 5008.698   53.921
-14-16-16-12 -4 10 21 19 14  7  0 -6-12 * -2 -2 -4 -5 -5 -3  2  5  4  3  3  1 -1	
 -8 -8 -7 -4  0  5  9  9  7  4  1 -2 -6 * -1 -2 -3 -3 -3 -1  1  2  3  3  2  1  0	
 5008.698  108.321
-10-11-11 -8 -3  7 16 14  9  6  0 -4 -8 * -3 -4 -7 -8 -7 -5  3  7  8  6  6  2 -2	
 -5 -6 -5 -3  0  4  6  6  5  3  1 -1 -4 * -1 -3 -5 -5 -4 -2  1  4  5  5  4  2  0	
 5008.698  122.721
 -6 -8 -8 -5  0  6 13 13  8  6  2 -1 -5 * -3 -6 -9 -9 -5  0  6 11 11 10  6  2 -2	
 -4 -5 -4 -2  1  3  6  6  4  3  1 -1 -3 * -2 -4 -5 -5 -3  0  3  6  6  6  4  1 -1	
 5017.973 -625.289
  3  5  7  7  6  2 -2 -5 -7 -7 -5 -2  2 *  4  6  7  6  2 -2 -5 -7 -6 -5 -2  1  4	
  1  2  2  2  2  0 -1 -2 -2 -2 -1  0  1 *  2  3  3  2  1  0 -1 -2 -2 -2 -1  0  1	
 5017.973 -610.888
  3  6  8  8  6  2 -3 -6 -8 -8 -6 -2  2 *  5  8  9  7  3 -2 -6 -8 -7 -5 -2  1  5	
  1  2  3  3  2  1 -1 -2 -2 -2 -2  0  1 *  2  3  4  3  2  0 -2 -3 -3 -3 -1  0  2	
 5017.973 -556.488
  4  8 10  9  6  1 -5 -8 -9 -9 -6 -2  3 *  6  9 10  9  4 -2 -6 -8 -8 -6 -2  2  6	
  2  3  4  3  2  0 -1 -2 -3 -3 -2  0  1 *  2  4  4  4  2  0 -2 -3 -3 -3 -2  0  2	
 5017.973 -542.088
  8 12 13 11  7  0 -7-11-11 -9 -5  1  7 *  6  7  7  5  1 -3 -6 -7 -5 -3 -1  3  6	
  3  4  5  5  3  0 -2 -4 -4 -4 -2  0  2 *  2  3  3  3  1 -1 -2 -3 -3 -2 -1  0  2	
 5017.973 -527.687
  5  8  9  8  5  0 -5 -8 -8 -7 -4  0  4 *  3  4  5  4  3  0 -2 -4 -4 -3 -2  0  2	
  2  3  4  3  2  0 -2 -3 -3 -3 -2  0  1 *  1  2  2  2  1  0  0 -1 -2 -2 -1  0  1	
 5017.974 -444.487
  0  0  0  0  0  0 -1 -1 -1 -1 -1 -1  0 *  1  1  1  1  0 -1 -1 -2 -2 -2 -1  0  1	
  0  0  0  0  0  0  0  0  0  0  0  0  0 *  0  0  0  0  0  0  0  0  0  0  0  0  0	
 5017.974 -430.086
 -2  1  4  7  7  6  4  1 -3 -5 -7 -5 -3 *  1  2  3  3  2  0 -1 -2 -2 -2 -2 -1  1	
 -1  0  2  3  3  3  2  1 -1 -2 -3 -3 -2 *  0  1  1  1  1  0  0 -1 -1 -1 -1  0  0	
 5017.974 -415.686
 -2  1  3  5  5  4  2 -1 -3 -4 -5 -4 -3 *  1  0 -1 -1 -2 -2 -1  0  0  1  1  2  1	
 -1  0  1  2  2  2  2  1  0 -1 -2 -2 -2 *  1  0  0  0 -1 -1 -1  0  0  0  1  1  1	
 5017.975 -332.485
 -6 -1  4  6  6  6  4  0 -4 -6 -7 -8 -7 * -7 -2  4  7  7  6  5  1 -4 -7 -7 -8 -7	
 -3 -1  2  3  4  4  3  1 -1 -3 -4 -5 -4 * -4 -1  1  3  3  4  3  2  0 -2 -3 -4 -4	
 5017.975 -318.085
-10 -5  1  5  8  9  9  6  1 -4 -8-11-11 * -7 -3  2  5  6  7  7  4  0 -4 -5 -7 -8	
 -5 -2  0  2  4  5  4  3  1 -1 -4 -5 -5 * -4 -2  0  2  3  3  3  2  1 -1 -2 -3 -4	
 5017.975 -303.685
-14 -8 -1  5 10 12 12  9  3 -3-10-15-15 * -5 -2  2  4  5  5  5  3  0 -3 -4 -5 -5	
 -6 -3  0  2  5  6  6  4  2 -2 -5 -7 -7 * -2 -1  1  2  2  3  2  2  0 -1 -2 -2 -3	
 5017.975 -249.284
-19-13 -4  4 11 15 16 13  7 -1-10-18-20 * -3 -1  1  3  4  4  4  2 -1 -2 -3 -3 -3	
 -8 -5 -2  2  5  7  8  6  3 -1 -5 -8 -9 * -2 -1  0  1  2  2  2  1  0 -1 -2 -2 -2	
 5017.975 -234.884
-24-17 -7  3 12 18 20 17 10  0-11-21-24 * -3 -2  1  2  2  3  3  1 -1 -2 -3 -3 -3	
-10 -7 -2  2  7  9 10  8  4 -1 -6-10-11 * -2 -1  0  1  1  1  1  1  0 -1 -1 -2 -2	
 5017.976 -220.484
-29-22-10  3 15 23 26 23 15  2-13-25-29 * -4 -3  0  2  3  4  4  2  0 -2 -2 -3 -4	
-12 -8 -3  3  8 12 12 10  6 -1 -7-12-13 * -2 -1  0  1  2  2  2  1  0 -1 -1 -2 -2	
 5017.976 -206.083
-31-25-12  3 17 26 29 26 17  3-14-27-32 * -5 -3  0  3  4  5  5  3  1 -1 -2 -4 -5	
-13 -9 -3  3 10 13 14 12  6 -1 -8-13-15 * -2 -1  0  1  2  2  2  2  0 -1 -2 -2 -2	
 5017.976 -151.683
-33-27-15  2 18 27 31 29 19  4-14-28-33 * -2 -1  1  3  3  3  3  1 -1 -2 -2 -2 -2	
-15-11 -4  4 11 15 15 13  7 -1 -9-15-16 * -1  0  1  2  2  2  1  0  0 -1 -2 -2 -1	
 5017.976 -137.283
-32-27-16  0 17 28 32 28 19  4-14-27-32 * -3 -2  0  1  1  1  2  1  0 -1 -1 -2 -3	
-14-10 -4  3 10 14 15 12  7  0 -8-13-15 * -1 -1  0  0  0  1  1  1  0  0 -1 -1 -1	
 5017.976 -122.883
-35-32-22 -4 16 29 35 32 22  6-12-27-34 * -4 -5 -2  0  1  2  3  3  2  0 -2 -2 -3	
-16-14 -8  1 10 15 17 15  9  1 -7-13-16 * -2 -2 -1  0  1  1  2  2  1  0 -1 -1 -1	
 5017.977 -108.482
-33-34-25 -8 12 26 34 33 24 10 -7-21-31 * -5 -9 -6 -2  1  4  7  7  4  1 -1 -2 -3	
-16-15-11 -2  7 13 16 16 11  4 -4-10-15 * -2 -4 -2 -1  1  2  3  3  2  0 -1 -1 -1	
 5017.977  -54.082
-29-30-23 -8 10 23 31 31 22 10 -5-18-27 * -6-10 -7 -3  0  4  8  8  6  2 -1 -2 -4	
-14-14-10 -2  6 12 15 14 10  4 -3 -9-13 * -3 -4 -3 -1  0  2  4  4  3  1  0 -1 -2	
 5017.977  -39.682
-26-25-19 -6 11 23 29 28 20  7 -7-19-25 * -5 -6 -4 -2  0  3  6  7  5  3  0 -2 -4	
-12-11 -6  0  7 11 13 12  8  2 -4 -9-12 * -2 -3 -2 -1  1  2  3  3  2  1  0 -1 -2	
 5017.977  -25.281
-22-22-17 -7  8 20 26 25 18  6 -6-16-21 * -5 -5 -5 -3 -1  2  6  7  5  2  0 -1 -4	
-11 -9 -6 -1  5 10 11 10  7  2 -3 -7-10 * -2 -2 -2 -1  0  1  3  3  2  1  0 -1 -2	
 5017.977  -10.881
-18-19-15 -8  4 16 22 22 16  6 -4-12-17 * -4 -5 -5 -5 -3  0  5  7  6  3  2  0 -3	
 -9 -8 -6 -1  4  8  9  9  6  2 -2 -5 -8 * -2 -3 -2 -2 -1  1  2  3  2  1  1  0 -1	
 5017.977    3.519
-16-18-16-10  1 13 21 22 16  7 -2 -9-15 * -3 -4 -5 -4 -3  0  5  7  6  4  3  1 -2	
 -8 -8 -6 -3  2  6  9  9  6  3 -1 -4 -7 * -2 -2 -2 -2 -1  0  2  3  2  2  2  1 -1	
 5017.978   17.920
-15-17-17-12 -3 10 19 22 17  8 -1 -8-14 * -2 -3 -3 -3 -3  0  4  6  5  3  2  0 -2	
 -8 -9 -8 -5 -1  5  9 11  8  4  0 -4 -7 * -1 -2 -2 -2 -2  0  2  3  3  2  1  0 -1	
 5017.978   32.320
-14-17-17-13 -4  8 18 21 18  9  0 -7-13 * -2 -3 -4 -4 -4  0  5  7  6  3  2  0 -2	
 -8 -9 -9 -6 -2  4  9 11  9  5  0 -4 -7 * -1 -2 -2 -2 -2  0  2  4  3  2  1  0 -1	
 5017.978   46.720
-12-15-15-12 -5  7 17 19 15  8  1 -4-10 * -2 -4 -6 -7 -6 -3  3  8  7  6  5  2 -1	
 -7 -8 -8 -6 -2  3  7  9  7  5  1 -2 -5 * -1 -3 -4 -4 -4 -2  1  3  4  4  3  2  0	
 5017.978  101.120
 -8-11-12-11 -6  5 14 15 11  7  2 -2 -7 * -2 -4 -8-10 -9 -6  1  7  8  8  7  4  0	
 -5 -6 -6 -5 -2  2  6  6  6  4  2 -1 -3 * -1 -3 -5 -6 -6 -3  0  3  5  5  5  3  0	
 5017.978  115.521
 -8-10-12-10 -5  4 15 14 10  6  1 -2 -7 * -2 -5 -9-11-10 -6  2  9 10  9  9  4 -1	
 -5 -6 -6 -4 -1  3  6  6  5  3  1 -1 -3 * -1 -4 -6 -7 -6 -3  1  4  6  6  6  3  0	
 5017.978  129.921
 -7-10-10 -7 -1  9 15 10  5  1 -3 -3 -6 * -4 -5 -5 -5 -5 -2  1  8 12 12 10  3 -3	
 -4 -5 -4  0  2  4  6  4  2  0 -2 -2 -3 * -2 -4 -5 -6 -5 -2  2  6  8  8  6  3 -1	
 5027.254 -618.089
  2  5  7  7  5  1 -3 -6 -7 -7 -5 -2  1 *  3  5  7  6  3  0 -4 -6 -6 -5 -3 -1  2	
  1  2  2  2  2  0 -1 -2 -2 -2 -1  0  1 *  1  2  3  3  2  0 -1 -2 -2 -2 -2 -1  1	
 5027.254 -603.688
  3  6  8  8  5  1 -4 -7 -8 -7 -5 -2  2 *  3  6  7  7  4  0 -4 -6 -6 -5 -3  0  3	
  1  2  3  3  2  0 -1 -2 -2 -2 -1  0  1 *  1  2  3  3  2  0 -1 -2 -2 -2 -2  0  1	
 5027.254 -549.288
  5  8  9  9  6  0 -5 -8 -9 -8 -5 -1  4 *  4  6  6  6  3  0 -4 -5 -5 -4 -3  0  3	
  2  3  4  3  2  0 -2 -3 -3 -3 -2  0  2 *  1  2  3  3  2  0 -1 -2 -2 -2 -1  0  1	
 5027.255 -534.888
  5  8  9  8  5  0 -5 -8 -9 -7 -5  0  4 *  3  5  6  5  3  0 -3 -4 -5 -4 -3 -1  2	
  2  3  4  3  2  0 -2 -3 -3 -3 -2  0  2 *  1  2  2  2  2  0 -1 -2 -2 -2 -2 -1  0	
 5027.255 -520.488
  4  7  8  7  4  0 -4 -7 -7 -6 -4  0  3 *  3  5  6  6  4  1 -2 -4 -5 -5 -4 -1  2	
  2  3  3  3  2  0 -1 -2 -3 -2 -1  0  1 *  1  2  3  3  2  1 -1 -1 -2 -2 -2 -1  0	
 5027.255 -506.087
  3  4  5  5  3  1 -2 -3 -4 -3 -2  0  2 *  3  5  6  6  4  1 -2 -5 -5 -5 -3 -1  2	
  1  2  2  2  1  0  0 -1 -1 -1 -1  0  1 *  1  2  3  3  2  1 -1 -2 -2 -2 -2 -1  1	
 5027.256 -325.285
 -3 -2  0  1  1  2  2  1  1  0 -2 -3 -3 * -5 -2  2  4  5  5  4  2 -2 -3 -4 -4 -5	
 -1 -1  0  0  1  1  1  1  0  0 -1 -1 -1 * -2 -1  1  2  2  3  3  2  1 -1 -1 -2 -3	
 5027.256 -310.885
 -9 -6 -1  3  6  7  7  6  3 -1 -5 -9-10 * -4 -1  2  4  4  4  4  2 -1 -2 -3 -3 -4	
 -4 -2  0  1  3  4  4  3  1 -1 -3 -4 -5 * -2 -1  1  1  2  2  2  1  0 -1 -1 -2 -2	
 5027.256 -256.485
-13 -9 -2  3  7 10 11  9  5 -1 -7-13-14 * -1  1  3  4  3  2  2  0 -2 -3 -2 -1 -1	
 -6 -3 -1  2  4  5  6  4  2 -1 -4 -6 -6 * -1  0  1  1  1  1  1  0  0 -1 -1 -1 -1	
 5027.257 -242.084
-17-12 -5  2  9 13 14 12  7  0 -9-16-18 *  4  4  4  3  0 -1 -2 -3 -4 -3  0  3  4	
 -7 -5 -2  2  5  7  7  6  3 -1 -5 -7 -8 *  1  1  1  0  0 -1 -1 -1 -1 -1  0  1  1	
 5027.257 -227.684
-33-23 -9  7 18 28 32 28 16  2-13-27-33 * -1 -3 -2 -3 -5 -7 -9-10 -8 -4 -1  1  1	
-16-11 -4  3  9 14 16 13  8  1 -7-13-16 * -1 -1 -1 -2 -3 -3 -4 -5 -4 -2 -1  0  0	
 5027.257 -213.284
-32-25-14  1 13 22 27 24 15  2-12-26-33 * -1  0  3  5  6  8  8  8  6  3  1 -1 -2	
-15-12 -6  1  7 11 13 11  7  1 -7-13-15 * -1  0  2  3  3  4  4  4  3  2  1  0 -1	
 5027.257 -158.884
-31-23-11  5 19 28 30 26 17  2-15-29-32 * -7 -5 -1  3  4  6  7  5  3 -1 -3 -6 -8	
-14-10 -3  4 10 14 15 12  7 -1 -8-14-15 * -3 -2  0  1  2  3  3  3  1  0 -2 -3 -3	
 5027.257 -144.483
-29-23-11  4 19 28 30 26 16  2-16-27-30 * -4 -1  2  4  3  3  3  2  0 -2 -2 -3 -4	
-13 -9 -3  4 10 14 14 12  6 -1 -8-13-14 * -2  0  1  2  2  2  2  1  0 -1 -2 -2 -2	
 5027.257 -130.083
-31-26-15  2 19 28 31 27 17  2-17-29-31 *  1  1  2  2 -1 -2 -2 -2 -2 -2  0  1  1	
-14-10 -4  3 10 14 15 12  7 -1 -9-13-15 *  0  1  1  1  0  0  0  0 -1 -1  0  0  0	
 5027.258 -115.683
-34-28-17  2 21 33 36 31 20  2-18-31-34 * -4 -3 -2  0  1  1  2  1  0 -2 -2 -3 -4	
-16-12 -6  3 11 16 17 14  8  0 -9-15-17 * -1 -1  0  0  1  1  1  1  0 -1 -1 -1 -2	
 5027.258 -101.282
-30-27-17 -1 18 29 32 28 18  3-15-26-30 * -7 -6 -3  0  3  4  6  6  3  0 -3 -4 -6	
-14-11 -5  3 10 14 15 13  7  0 -8-12-14 * -3 -2 -1  1  2  3  3  3  1  0 -1 -2 -3	
 5027.258  -46.882
-26-25-18 -5 12 24 29 26 17  4-11-21-26 *-10-10 -7 -3  2  6 10 10  7  2 -2 -6-10	
-12-10 -6  1  7 12 13 11  7  1 -5-10-12 * -4 -4 -2  0  2  4  5  4  3  1 -1 -3 -4	
 5027.258  -32.482
-22-21-16 -6  8 20 26 25 18  6 -7-16-21 * -7 -7 -6 -3  1  4  9 10  7  4  0 -3 -7	
-10 -9 -5  0  6 10 11 10  6  1 -4 -7-10 * -3 -3 -2  0  1  3  4  4  2  1  0 -2 -3	
 5027.258  -18.081
-18-18-14 -6  6 16 21 21 15  5 -5-13-17 * -5 -6 -5 -3 -1  2  6  7  6  3  1 -2 -4	
 -9 -8 -5 -1  4  8  9  8  5  1 -3 -6 -8 * -2 -2 -2 -1  0  1  3  3  2  1  0 -1 -2	
 5027.259   -3.681
-16-17-14 -8  3 14 20 20 14  5 -4-11-15 * -3 -4 -4 -3 -2  0  4  5  4  3  2  0 -2	
 -8 -8 -5 -2  3  7  9  8  5  2 -2 -5 -7 * -1 -2 -2 -1 -1  0  2  2  2  1  1  0 -1	
 5027.259   10.719
-14-16-16-11 -1 11 19 21 16  7 -1 -8-13 * -2 -4 -3 -4 -3  0  4  5  5  3  2  0 -2	
 -7 -8 -7 -4  0  5  9 10  7  3  0 -4 -6 * -1 -2 -2 -2 -1  0  2  2  2  2  1  0 -1	
 5027.259   25.119
-14-15-16-12 -3  9 18 21 16  8  0 -7-12 * -2 -4 -3 -4 -3  1  3  4  4  4  1  0 -1	
 -7 -8 -9 -6 -1  4  9 11  8  4  0 -4 -6 * -1 -2 -2 -2 -1  1  2  2  2  2  1  0  0	
 5027.259   39.520
-12-14-15-12 -4  7 17 19 15  8  1 -5-11 * -2 -4 -5 -6 -5 -1  3  6  6  5  4  1 -1	
 -6 -8 -8 -6 -2  3  8  9  7  4  1 -2 -5 * -1 -2 -3 -3 -3 -1  1  3  3  3  2  1  0	
 5027.259   53.920
 -7 -9-11-11 -7  2 11 14 11  7  3 -1 -5 * -1 -5 -9-10-10 -6  2  9  9  9  8  4  0	
 -4 -6 -7 -6 -3  1  5  6  6  4  2  0 -3 * -1 -3 -5 -6 -6 -4  1  4  5  6  5  3  0	
 5027.259  108.320
 -6 -8-10-10 -6  1 10 12 10  7  3  0 -4 * -1 -5 -9-12-12 -8  1  9 10 10 10  5  1	
 -3 -5 -6 -6 -3  1  4  5  5  4  2  0 -2 * -1 -3 -6 -7 -7 -5  0  4  6  7  6  4  1	
 5027.260  122.721
 -4 -5 -6 -6 -4  1  6  7  6  5  3 -1 -4 * -1 -6-11-15-16-13 -2  9 14 16 16 10  2	
 -2 -3 -3 -3 -2  0  2  3  3  2  2  0 -2 *  0 -4 -7 -9-10 -8 -1  5  8 10  9  7  3	
 5036.533 -625.289
  1  4  6  6  5  1 -3 -5 -7 -7 -5 -3  1 *  1  4  5  5  4  1 -2 -4 -5 -5 -4 -2  1	
  1  1  2  2  1  0 -1 -2 -2 -2 -2 -1  0 *  0  1  2  2  2  1  0 -1 -2 -2 -2 -1  0	
 5036.533 -610.889
  2  5  6  6  5  1 -3 -6 -7 -7 -5 -2  1 *  1  4  6  6  4  1 -2 -4 -5 -5 -4 -2  1	
  1  2  2  2  1  0 -1 -2 -2 -2 -1  0  1 *  0  2  2  2  2  1  0 -1 -2 -2 -2 -1  0	
 5036.533 -556.489
  3  6  7  7  5  1 -4 -7 -7 -7 -5 -1  2 *  1  4  6  6  4  1 -2 -4 -5 -5 -4 -2  1	
  1  2  3  2  1  0 -1 -2 -3 -2 -1  0  1 *  0  2  2  3  2  1  0 -1 -2 -2 -2 -1  0	
 5036.534 -542.088
  5  7  8  7  5  0 -5 -8 -8 -7 -4  0  4 *  2  4  5  6  4  1 -2 -3 -4 -4 -4 -2  1	
  2  3  3  3  1  0 -2 -2 -3 -2 -1  0  2 *  0  2  2  3  2  1  0 -1 -2 -2 -2 -1  0	
 5036.534 -527.688
  5  7  8  7  4  0 -5 -7 -8 -6 -4  0  4 *  2  4  6  6  5  2 -1 -3 -4 -5 -4 -2  1	
  2  3  3  3  1  0 -2 -3 -3 -2 -1  0  2 *  0  2  2  3  2  1  0 -1 -2 -2 -2 -1  0	
 5036.534 -513.288
  4  7  7  6  4  0 -4 -7 -7 -6 -4  0  4 *  2  5  6  7  5  2 -1 -4 -5 -5 -4 -2  1	
  2  2  3  3  1  0 -2 -2 -3 -2 -1  0  1 *  1  2  3  3  2  1  0 -1 -2 -2 -2 -1  0	
 5036.534 -458.887
  5  8  9  8  6  1 -4 -8 -8 -7 -5 -1  4 *  3  5  6  6  4  1 -3 -5 -6 -6 -4 -2  2	
  2  3  4  4  2  0 -1 -3 -3 -3 -2 -1  1 *  1  2  3  3  2  0 -1 -2 -2 -2 -2 -1  0	
 5036.535 -318.085
 -6 -3  0  2  3  4  5  4  2  1 -2 -5 -6 * -3 -1  1  2  2  3  3  2  0 -1 -1 -3 -3	
 -3 -1  0  1  2  3  3  2  2  0 -1 -2 -3 * -2 -1  0  1  1  2  2  1  1  0 -1 -2 -2	
 5036.536 -303.685
 -8 -5 -1  2  5  7  7  6  4  0 -3 -7 -8 * -1  0  2  2  2  2  1  0 -1 -2 -1 -1 -1	
 -3 -2  0  1  3  4  4  3  2  0 -2 -3 -4 * -1  0  1  1  1  1  1  0  0  0 -1 -1 -1	
 5036.536 -249.285
 -8 -4  1  4  8  9  9  8  5  1 -5 -9 -9 *  3  3  3  2  0 -1 -2 -2 -3 -2  0  2  3	
 -3 -2  0  2  4  5  5  4  2  0 -2 -4 -4 *  1  1  1  0  0 -1 -1 -1 -1 -1  0  1  1	
 5036.536 -234.885
 -3  1  5  8 10 11 10  8  5  1 -5 -7 -5 *  4  0 -2 -5 -7 -8 -7 -6 -4 -1  3  6  5	
 -2  0  2  4  5  6  5  4  2  0 -3 -4 -3 *  2  1 -1 -2 -3 -4 -4 -3 -2  0  2  3  3	
 5036.536 -220.484
 -6 -3  0  2  3  2  0 -1 -3 -6 -8 -9 -7 *  0  0  0 -1 -2 -3 -3 -2 -1  0  0  1  0	
 -3 -2  0  2  2  2  1  0 -2 -4 -5 -5 -4 *  0  0  0 -1 -1 -1 -2 -1 -1  0  0  0  0	
 5036.537 -151.684
-16-11 -3  7 13 16 15 12  6 -4-13-17-17 *-12 -7  0  6  9 10 10  7  3 -3 -8-11-12	
 -7 -4  0  4  8  9  8  6  2 -3 -7 -9 -9 * -5 -3  0  3  5  6  6  4  2 -1 -4 -6 -6	
 5036.537 -137.283
-19-13 -5  6 15 20 20 17 10  0-13-20-20 *  0  1  3  3 -1 -2 -2 -1 -1 -2  1  1  0	
 -9 -6 -2  4  8 10 10  8  4 -1 -7-10-10 *  0  1  1  0 -1 -1 -1  0 -1 -1  0  0  0	
 5036.537 -122.883
-13 -9 -2  9 18 21 20 16  9 -2-15-18-15 *  7  4  1 -5-10-11-10 -9 -5  1  8  9  7	
 -7 -4  0  6 10 11 10  8  3 -2 -8-10 -9 *  4  2  0 -3 -5 -6 -5 -4 -2  1  4  5  5	
 5036.537 -108.483
-21-15 -7  6 16 21 20 16  7 -5-16-22-22 *-16-12 -4  6 13 14 13 10  3 -6-13-17-17	
-10 -7 -2  4  9 11 10  8  3 -3 -8-11-11 * -8 -5 -1  4  7  8  7  5  1 -3 -7 -9 -9	
 5036.537  -54.083
-23-19-11  2 17 24 24 19  9 -4-19-25-24 * -6 -5 -2  2  3  4  6  7  4  1 -2 -4 -6	
-11 -8 -3  4  9 12 12  9  4 -3 -8-12-12 * -2 -1  0  1  2  3  3  3  1  0 -2 -2 -3	
 5036.537  -39.682
-20-17-11  0 15 24 24 19 10 -3-16-21-21 * -8 -7 -5 -1  3  6  7  6  3  0 -3 -6 -8	
 -9 -7 -3  3  9 11 11  8  4 -2 -7-10-10 * -4 -3 -2  0  2  3  4  3  2  0 -1 -3 -4	
 5036.538  -25.282
-17-15-11 -3  8 17 20 17 10  0 -9-15-16 * -7 -7 -5 -2  2  5  8  8  6  3 -1 -4 -6	
 -8 -7 -4  1  5  8  9  7  4  0 -4 -6 -8 * -3 -3 -2  0  1  3  3  3  2  1 -1 -2 -3	
 5036.538  -10.882
-14-14-11 -6  4 13 18 17 12  3 -5-11-13 * -4 -4 -4 -2  0  2  5  6  5  3  0 -2 -4	
 -7 -6 -4 -1  3  6  7  7  4  1 -2 -4 -6 * -2 -2 -1 -1  0  1  2  2  2  1  0 -1 -2	
 5036.538    3.519
-14-15-14 -8  1 13 19 20 14  5 -3 -9-14 * -2 -2 -1 -1 -1  0  2  2  2  1  1  0 -1	
 -7 -7 -5 -2  2  6  8  8  5  2 -1 -4 -6 * -1 -1 -1 -1  0  0  1  1  1  1  0  0  0	
 5036.538   17.919
-14-16-16-12 -2 11 20 22 16  8  0 -7-13 * -3 -4 -3 -3 -2  2  4  4  4  3  1 -1 -2	
 -7 -8 -8 -5 -1  5  9 11  8  4  0 -4 -6 * -1 -2 -1 -2 -1  1  2  2  2  1  1  0 -1	
 5036.538   32.319
-12-15-16-12 -4  8 17 21 16  9  2 -5-11 * -3 -4 -4 -5 -3  1  4  6  5  4  2  0 -2	
 -7 -8 -8 -6 -2  4  8 10  7  4  1 -2 -5 * -1 -2 -2 -3 -2  0  2  2  2  2  1  0 -1	
 5036.538   46.720
 -8-11-13-12 -7  3 13 16 13  9  4 -1 -7 * -2 -5 -7 -8 -7 -3  3  8  8  7  6  3 -1	
 -4 -6 -7 -6 -3  1  5  7  6  5  3  0 -3 * -1 -3 -4 -5 -4 -2  1  3  4  4  4  2  0	
 5036.539  101.120
 -6 -9-11-11 -7  1 10 13 11  8  4  0 -5 * -2 -5 -8 -9 -9 -6  1  7  8  8  7  4  0	
 -3 -6 -7 -6 -4  0  4  6  6  5  3  1 -2 * -1 -3 -5 -6 -6 -3  0  4  5  6  5  3  0	
 5036.539  115.520
 -2 -6-10-12-11 -5  4  9  9  9  7  4 -1 *  1 -5-10-14-15-12 -4  7 12 14 14  9  3	
 -1 -4 -6 -7 -6 -3  1  3  5  5  5  3  1 *  0 -4 -8-10-10 -7 -2  3  7  9  9  6  2	
 5036.539  129.921
 -3 -2 -2 -1  1  4  7  2  0 -2 -3 -3 -3 *  3 -5-12-15-15-14 -7  9 18 20 20 13  5	
 -2 -1  0  1  2  3  2  1 -1 -2 -2 -2 -2 *  1 -5-10-12-12 -9 -3  5 11 13 13 10  5	
 5045.813 -618.089
  1  4  5  5  4  1 -3 -6 -7 -7 -5 -3  0 *  0  2  4  5  4  2 -1 -3 -4 -5 -5 -3 -1	
  0  1  2  2  1  0 -1 -2 -2 -2 -2 -1  0 *  0  1  2  2  2  1  0 -1 -1 -2 -2 -1 -1	
 5045.814 -603.689
  2  5  6  6  4  0 -4 -6 -7 -6 -5 -2  2 *  0  2  4  5  5  2  0 -3 -4 -5 -5 -4 -1	
  1  2  2  2  1  0 -1 -2 -2 -2 -1  0  1 *  0  1  2  2  2  1  0 -1 -1 -2 -2 -2 -1	
 5045.814 -549.289
  4  6  7  6  4  0 -4 -7 -7 -6 -4 -1  3 *  0  2  4  5  5  3  0 -2 -4 -5 -5 -4 -1	
  1  2  2  2  1  0 -2 -2 -2 -2 -1  0  1 *  0  1  2  2  2  1  1  0 -1 -2 -2 -2 -1	
 5045.814 -534.888
  5  7  7  6  4 -1 -5 -7 -7 -6 -3  0  4 *  0  3  5  6  5  3  0 -2 -4 -4 -4 -3 -1	
  2  2  3  2  1 -1 -2 -2 -3 -2 -1  0  2 *  0  1  2  2  2  2  1  0 -1 -2 -2 -2 -1	
 5045.814 -520.488
  5  7  7  6  3 -1 -5 -7 -7 -5 -3  1  5 *  0  3  5  6  6  3  0 -2 -4 -5 -5 -3  0	
  2  2  3  2  1 -1 -2 -3 -3 -2 -1  1  2 *  0  1  2  3  2  2  1  0 -1 -2 -2 -1 -1	
 5045.814 -506.088
  5  7  7  6  3 -1 -5 -7 -7 -5 -3  1  5 *  1  4  5  6  5  2 -1 -3 -5 -5 -5 -3  0	
  2  3  3  2  1 -1 -2 -3 -3 -2 -1  1  2 *  0  1  2  3  2  1  0 -1 -2 -2 -2 -1  0	
 5045.815 -451.688
  5  6  7  6  4  0 -4 -6 -6 -5 -3  0  4 *  3  5  6  6  5  2 -2 -5 -6 -6 -4 -2  2	
  2  2  3  2  1  0 -1 -2 -2 -2 -1  0  1 *  1  2  3  3  2  1 -1 -2 -2 -2 -2 -1  0	
 5045.815 -437.287
  2  3  3  3  2  1 -1 -2 -3 -2 -1  0  2 *  2  4  5  4  3  1 -1 -3 -4 -3 -2 -1  2	
  1  1  1  1  1  0 -1 -1 -1 -1 -1  0  0 *  1  1  2  2  1  0 -1 -1 -2 -2 -1  0  0	
 5045.817 -115.683
-13 -4  4 15 20 20 19 11  0-13-25-22-15 *  3  0 -2 -5 -6 -6 -6 -3  0  5  8  6  4	
 -5 -1  5 11 13 12  8  3 -3-10-14-13 -9 *  1  0 -2 -4 -4 -4 -2 -1  1  4  5  4  2	
 5045.817 -101.283
  0  4  3  5  7  8  4 -2 -5 -9-12 -8 -2 * -3 -3 -2  0  0 -2  0  1  1  1  1  0 -2	
  1  2  3  5  5  4  1 -1 -3 -6 -6 -4 -1 * -2 -1 -1 -1 -1  0  1  1  1  1  1  0 -1	
 5045.818  -32.482
 -9 -6 -2  4 11 11  9  4 -1-10-13-12-10 * -3 -2 -2  0  2  2  3  3  2  0 -2 -2 -3	
 -5 -3  0  4  6  6  5  3 -1 -4 -6 -6 -5 * -1 -1  0  0  1  1  2  1  1  0 -1 -1 -1	
 5045.818  -18.082
 -9 -7 -4  1  9 12 10  7  1 -6-10-11-10 * -5 -4 -3  0  3  4  5  4  2  0 -2 -3 -5	
 -4 -3 -1  2  5  6  5  3  0 -3 -4 -5 -5 * -2 -2 -1  0  2  2  2  2  1  0 -1 -2 -2	
 5045.818   -3.682
-10 -9 -6 -2  6 12 13 11  5 -2 -6 -9-10 *  0 -1 -1  0  0 -1  0  0  1  1  1  1  0	
 -5 -4 -2  0  3  5  5  4  2  0 -2 -3 -4 *  0  0  0  0  0  0  0  0  0  0  0  0  0	
 5045.818   25.119
-15-15-14 -9  1 15 21 20 12  3 -4-10-14 * -7 -7 -6 -4  1  7 10  9  5  1  1 -4 -7	
 -8 -8 -7 -5  0  6 10 10  6  3  0 -3 -6 * -3 -4 -3 -2  0  3  4  4  3  1  1 -1 -3	
 5045.819   39.519
 -6 -8-10-10 -6  2 10 12  9  6  3 -1 -5 * -4 -6 -8 -8 -5  0  7 10  7  5  4  1 -3	
 -3 -4 -6 -5 -4  0  3  5  5  4  3  2 -1 * -2 -3 -4 -4 -3  0  2  4  4  3  3  1 -1	
 5045.819   53.920
 -2 -7-11-13-11 -4  5 10 11 11  9  5 -1 * -1 -5 -9-10 -9 -5  2  9  9  9  9  5  0	
 -1 -4 -7 -8 -7 -4  0  3  5  6  6  4  1 * -1 -3 -6 -7 -6 -3  0  3  5  6  6  4  1	
 5055.094 -625.290
  0  2  4  4  4  1 -3 -5 -6 -6 -5 -3  0 * -2  1  3  5  5  3  1 -2 -4 -5 -5 -5 -3	
  0  1  1  1  1  0 -1 -2 -2 -2 -2 -1  0 * -1  0  1  2  2  2  1  0 -1 -2 -2 -2 -1	
 5055.094 -610.889
  2  4  4  5  3  0 -3 -5 -6 -6 -4 -2  1 * -3  0  2  5  5  4  1 -1 -3 -5 -6 -5 -3	
  1  1  1  1  1  0 -1 -2 -2 -2 -1  0  0 * -1  0  1  2  2  2  1  0 -1 -2 -2 -2 -2	
 5055.094 -556.489
  3  5  6  5  3  0 -4 -6 -6 -6 -4 -1  2 * -3  0  3  5  5  4  2 -1 -3 -5 -6 -5 -3	
  1  2  2  2  1 -1 -2 -2 -2 -2 -1  0  1 * -1  0  1  2  2  2  1  0 -1 -2 -2 -2 -2	
 5055.094 -542.089
  5  6  7  6  3 -1 -5 -7 -7 -6 -3  0  4 * -2  1  3  5  5  4  2 -1 -3 -5 -5 -5 -3	
  2  2  2  2  1 -1 -2 -2 -2 -2 -1  1  2 * -1  0  1  2  2  2  1  0 -1 -2 -2 -2 -1	
 5055.094 -527.689
  6  7  7  6  3 -2 -6 -8 -7 -5 -3  1  5 * -1  2  4  6  6  4  2 -1 -3 -5 -5 -4 -2	
  2  3  3  2  1 -1 -2 -3 -3 -2 -1  1  2 * -1  1  2  2  2  2  1  0 -1 -2 -2 -2 -1	
 5055.095 -513.288
  6  8  7  5  2 -2 -6 -8 -7 -5 -2  2  6 *  0  3  5  6  6  4  1 -2 -4 -5 -5 -4 -1	
  2  3  3  2  1 -1 -3 -3 -3 -2  0  1  2 *  0  1  2  3  2  2  1  0 -1 -2 -2 -2 -1	
 5055.095 -458.888
  7  8  7  5  2 -2 -6 -8 -7 -4 -1  2  6 *  1  3  5  6  6  3  0 -3 -5 -6 -5 -4 -1	
  2  3  3  2  0 -1 -3 -3 -3 -2  0  1  2 *  0  1  2  3  2  1  0 -1 -2 -2 -2 -1  0	
 5055.095 -444.488
  5  6  5  3  1 -2 -5 -6 -5 -3 -1  2  4 *  3  6  8  8  6  2 -3 -6 -8 -8 -6 -3  2	
  2  2  2  1  0 -1 -2 -2 -2 -1  0  1  2 *  1  2  3  3  2  1 -1 -2 -3 -3 -2 -1  1	
 5055.099   46.719
 -2 -2 -2  0  0  0  2  2  1  0  0 -1 -2 * -2 -3 -4 -4  1  5  4  3  1  1  0 -1 -2	
 -1 -2 -2 -2 -1  1  2  2  3  3  2  1  0 * -1 -2 -1 -1  0  1  2  2  1  1  1  0 -1	
 5055.099  101.119
  3 -3 -8-10 -9 -5  3  8 12 16 15 11  6 * -4-11-15-17-15 -8  4 12 13 15 13  6 -2	
  2 -3 -6 -8 -7 -4  0  4  8 11 11  9  5 * -4 -9-12-13-11 -7  0  6  9 11  9  5  0	
 5104.374 -618.090
  0  2  3  4  3  1 -2 -4 -5 -5 -5 -3 -1 * -5 -2  1  4  5  4  2  0 -3 -5 -7 -7 -5	
  0  0  1  1  1  0 -1 -1 -2 -2 -1 -1  0 * -2 -1  0  2  2  2  1  0 -1 -2 -3 -3 -3	
 5104.374 -603.690
  2  3  4  4  3  0 -3 -5 -5 -5 -4 -1  1 * -5 -2  1  4  5  5  3  1 -2 -5 -7 -7 -6	
  1  1  1  1  1  0 -1 -2 -2 -2 -1  0  0 * -2 -1  0  2  2  2  2  1 -1 -2 -3 -3 -3	
 5104.374 -549.289
  4  5  5  4  2 -1 -5 -6 -6 -5 -3  0  3 * -5 -2  1  4  6  5  4  1 -2 -5 -6 -7 -5	
  1  2  2  2  0 -1 -2 -2 -2 -2 -1  0  1 * -2 -1  1  2  3  3  2  1  0 -2 -3 -3 -3	
 5104.375 -534.889
  6  7  7  5  2 -2 -6 -8 -7 -5 -2  1  5 * -3 -1  2  5  6  5  4  1 -2 -4 -6 -6 -4	
  2  2  2  2  0 -1 -2 -3 -3 -2  0  1  2 * -2  0  1  2  3  3  2  1  0 -2 -2 -3 -2	
 5104.375 -520.489
  7  8  7  5  2 -3 -7 -9 -8 -5 -2  2  6 * -2  1  3  5  6  5  3  0 -3 -5 -6 -5 -3	
  3  3  3  2  0 -2 -3 -3 -3 -2  0  1  3 * -1  0  1  2  3  2  1  0 -1 -2 -2 -2 -2	
 5104.375 -506.088
  8  9  7  5  1 -4 -8 -9 -8 -5 -1  3  7 * -1  2  4  6  6  4  1 -2 -4 -5 -6 -5 -2	
  3  3  3  2  0 -2 -3 -4 -3 -2  0  2  3 * -1  1  2  3  3  2  1  0 -1 -2 -2 -2 -1	
 5104.375 -451.688
  8  9  7  5  1 -4 -8-10 -9 -5 -1  3  7 *  1  4  6  7  6  3  0 -4 -6 -6 -6 -3  0	
  3  3  3  2  0 -2 -4 -4 -3 -2  0  2  3 *  0  1  2  3  2  1  0 -1 -2 -2 -2 -1  0	
 5104.375 -437.288
  9 10  9  7  2 -3 -9-12-11 -8 -3  2  8 *  5  8  9  9  7  2 -3 -7 -9 -8 -6 -2  3	
  3  4  4  3  1 -2 -4 -5 -4 -3 -1  2  3 *  1  3  4  4  3  1 -1 -3 -3 -3 -2 -1  1	
 5104.375 -422.888
  8  9  8  5  2 -2 -6 -8 -7 -4  0  4  8 *  3  3  3  2  0 -2 -4 -5 -5 -3 -1  1  3	
  3  3  3  3  1 -1 -3 -3 -3 -2  0  1  3 *  1  1  1  1  0 -1 -2 -2 -2 -1 -1  0  1	
 5113.654 -625.290
 -1  1  2  4  4  2 -1 -3 -4 -5 -5 -4 -2 * -5 -3  1  4  5  5  3  1 -2 -5 -7 -7 -6	
 -1  0  1  1  1  1  0 -1 -1 -1 -1 -1 -1 * -2 -1  0  2  2  2  2  1  0 -2 -3 -3 -3	
 5113.654 -610.890
  0  2  3  3  3  1 -2 -4 -4 -4 -4 -2  0 * -7 -4 -1  3  6  6  5  2 -1 -5 -8 -9 -8	
  0  0  1  1  1  0 -1 -1 -1 -1 -1 -1  0 * -3 -2  0  1  2  3  2  1  0 -2 -3 -4 -4	
 5113.655 -556.490
  3  4  4  3  2 -1 -4 -5 -5 -4 -3 -1  2 * -8 -5 -1  3  6  7  6  3 -1 -5 -8 -9 -8	
  1  1  1  1  0 -1 -2 -2 -2 -1 -1  0  1 * -3 -2  0  2  3  3  3  2  0 -2 -3 -4 -4	
 5113.655 -542.089
  5  6  5  4  2 -2 -5 -7 -6 -4 -2  1  4 * -7 -4  0  4  7  8  7  4  0 -4 -8 -9 -8	
  2  2  2  1  0 -1 -2 -2 -2 -1  0  1  2 * -3 -2  0  2  3  4  3  2  0 -2 -3 -4 -4	
 5113.655 -527.689
  8  8  7  4  1 -4 -8 -9 -8 -5 -1  3  7 * -6 -3  1  5  7  7  6  3 -1 -4 -7 -8 -7	
  3  3  3  2  0 -2 -3 -3 -3 -2  0  2  3 * -2 -1  1  2  3  3  3  2  0 -1 -3 -3 -3	
 5113.655 -513.289
  9 10  8  4  0 -5 -9-10 -8 -5 -1  4  8 * -3  0  3  6  7  6  4  1 -2 -5 -7 -7 -5	
  3  3  3  2  0 -3 -4 -4 -3 -2  0  2  4 * -2  0  1  2  3  3  2  1 -1 -2 -3 -3 -2	
 5113.655 -458.889
 10 11  8  5  0 -6-10-11 -9 -5  0  5  9 * -1  2  4  6  6  5  2 -1 -3 -5 -6 -5 -2	
  4  4  3  2 -1 -3 -4 -5 -4 -2  0  3  4 * -1  1  2  2  3  2  1  0 -1 -2 -2 -2 -1	
 5113.655 -444.488
 11 11  9  5  0 -6-11-12-10 -6  0  5 10 *  1  4  5  6  5  3  0 -3 -4 -5 -5 -3  0	
  4  4  3  2  0 -3 -5 -5 -4 -2  0  3  4 *  0  1  2  2  2  1  0 -1 -1 -2 -2 -1  0	
 5113.656 -430.088
 12 13 11  8  2 -5-11-14-14 -9 -3  4 10 *  4  6  7  6  4  1 -3 -6 -8 -7 -4 -1  3	
  4  5  4  3  0 -3 -5 -6 -5 -3  0  2  4 *  1  2  3  2  2  0 -1 -2 -3 -2 -1  0  1	
 5113.656 -415.688
 14 16 14  9  2 -6-13-17-17-11 -4  5 13 * 10 12 10  8  3 -2 -8-11-11 -7 -2  3  9	
  5  6  6  4  1 -3 -6 -7 -6 -4 -1  3  5 *  3  4  4  3  1 -1 -4 -5 -4 -3 -1  1  3	
 5113.660  129.920
  8  3 -1 -7-11-13-14 -8  3 10 13 12  9 * 11  3 -6-14-19-22-21 -9 10 21 23 21 15	
  5  2 -1 -5 -7 -8 -8 -5  1  6  7  7  6 *  6  0 -5 -9-11-12-11 -4  6 12 13 12  8	
 5113.660  144.320
 13  7  1 -6-11-15-16-12 -1 11 16 16 14 * 15  8  1 -6-14-19-20-13  4 14 16 19 17	
  8  4 -1 -6-10-11-11 -7  0  7 10 11 10 *  7  2 -3 -8-11-11-10 -4  5 10 11 11 10	
 5113.660  158.720
 14  7 -1 -9-15-18-18-13 -1 12 18 19 16 * 11  6  0 -6-12-16-17-13  0 11 13 14 13	
  9  5  0 -6-11-12-12 -8 -2  5 10 12 11 *  5  1 -3 -7-10-10 -9 -5  2  7  9  9  7	
 5113.660  213.120
 10  5 -2 -8-11-13-13 -9 -2  9 15 15 13 * 11  7  3 -2 -7-11-13-12 -6  3  9 12 12	
  7  4  0 -4 -7 -8 -8 -6 -3  3  7  9  8 *  6  4  2 -1 -5 -7 -8 -7 -5  1  5  7  7	
 5113.661  227.521
 11  7  2 -7-12-14-15-12 -2 12 16 16 13 * 10  7  5  0 -6 -9-11-11 -6  2  9 13 11	
  8  5  2 -3 -7 -9 -9 -8 -4  6 10 10  9 *  7  5  3  2 -1 -4 -6 -6 -6  1  4  6  7	
